# Temperatura_=_39.53
# Concentracion g/m^3_=_15000.0
# C_Vs_to_Am_M_A/Vsm_=_65563218390.804596
# pendiente_HvsI_1/m_=_3716.3
# ordenada_HvsI_A/m_=_1297.0
# frecuencia_Hz_=_301595.75116060494

Tiempo_(s)	Campo_(V.s)	Magnetizacion_(V.s)	Campo_(kA/m)	Magnetizacion_(A/m)
0.000000e+00	-5.382110e-06	-5.920736e-09	-3.833298e+01	-3.870204e+02
1.000000e-08	-5.379013e-06	-5.917184e-09	-3.831091e+01	-3.868690e+02
2.000000e-08	-5.374163e-06	-5.911798e-09	-3.827637e+01	-3.866752e+02
3.000000e-08	-5.367701e-06	-5.902771e-09	-3.823034e+01	-3.864246e+02
4.000000e-08	-5.359608e-06	-5.894920e-09	-3.817271e+01	-3.860975e+02
5.000000e-08	-5.349715e-06	-5.889403e-09	-3.810225e+01	-3.856744e+02
6.000000e-08	-5.337799e-06	-5.884745e-09	-3.801738e+01	-3.851414e+02
7.000000e-08	-5.323875e-06	-5.897040e-09	-3.791821e+01	-3.844947e+02
8.000000e-08	-5.307885e-06	-5.877869e-09	-3.780432e+01	-3.837421e+02
9.000000e-08	-5.289708e-06	-5.830996e-09	-3.767486e+01	-3.829025e+02
1.000000e-07	-5.269447e-06	-5.841484e-09	-3.753056e+01	-3.820013e+02
1.100000e-07	-5.247294e-06	-5.826441e-09	-3.737277e+01	-3.810649e+02
1.200000e-07	-5.223521e-06	-5.795955e-09	-3.720346e+01	-3.801145e+02
1.300000e-07	-5.198258e-06	-5.861814e-09	-3.702352e+01	-3.791607e+02
1.400000e-07	-5.171355e-06	-5.740423e-09	-3.683191e+01	-3.782006e+02
1.500000e-07	-5.142841e-06	-5.689874e-09	-3.662883e+01	-3.772186e+02
1.600000e-07	-5.112831e-06	-5.838991e-09	-3.641509e+01	-3.761892e+02
1.700000e-07	-5.081136e-06	-5.712576e-09	-3.618935e+01	-3.750828e+02
1.800000e-07	-5.047431e-06	-5.709458e-09	-3.594929e+01	-3.738722e+02
1.900000e-07	-5.011869e-06	-5.761709e-09	-3.569601e+01	-3.725380e+02
2.000000e-07	-4.974780e-06	-5.556691e-09	-3.543185e+01	-3.710725e+02
2.100000e-07	-4.935985e-06	-5.593189e-09	-3.515554e+01	-3.694807e+02
2.200000e-07	-4.895326e-06	-5.658410e-09	-3.486596e+01	-3.677780e+02
2.300000e-07	-4.852702e-06	-5.563185e-09	-3.456237e+01	-3.659862e+02
2.400000e-07	-4.808175e-06	-5.579282e-09	-3.424524e+01	-3.641277e+02
2.500000e-07	-4.761889e-06	-5.521417e-09	-3.391558e+01	-3.622211e+02
2.600000e-07	-4.713668e-06	-5.485744e-09	-3.357213e+01	-3.602767e+02
2.700000e-07	-4.663324e-06	-5.497965e-09	-3.321357e+01	-3.582957e+02
2.800000e-07	-4.610926e-06	-5.453287e-09	-3.284038e+01	-3.562704e+02
2.900000e-07	-4.556747e-06	-5.409898e-09	-3.245449e+01	-3.541878e+02
3.000000e-07	-4.500979e-06	-5.355676e-09	-3.205730e+01	-3.520329e+02
3.100000e-07	-4.443555e-06	-5.331498e-09	-3.164830e+01	-3.497925e+02
3.200000e-07	-4.384379e-06	-5.294129e-09	-3.122684e+01	-3.474585e+02
3.300000e-07	-4.323601e-06	-5.273494e-09	-3.079396e+01	-3.450283e+02
3.400000e-07	-4.261387e-06	-5.251720e-09	-3.035085e+01	-3.425048e+02
3.500000e-07	-4.197797e-06	-5.156455e-09	-2.989795e+01	-3.398944e+02
3.600000e-07	-4.132679e-06	-5.129240e-09	-2.943416e+01	-3.372043e+02
3.700000e-07	-4.065870e-06	-5.123353e-09	-2.895832e+01	-3.344403e+02
3.800000e-07	-3.997511e-06	-5.070731e-09	-2.847145e+01	-3.316048e+02
3.900000e-07	-3.927827e-06	-5.022283e-09	-2.797514e+01	-3.286968e+02
4.000000e-07	-3.856940e-06	-4.958165e-09	-2.747026e+01	-3.257123e+02
4.100000e-07	-3.784790e-06	-4.914986e-09	-2.695639e+01	-3.226460e+02
4.200000e-07	-3.711193e-06	-4.858122e-09	-2.643221e+01	-3.194925e+02
4.300000e-07	-3.636048e-06	-4.824752e-09	-2.589701e+01	-3.162482e+02
4.400000e-07	-3.559405e-06	-4.798699e-09	-2.535113e+01	-3.129115e+02
4.500000e-07	-3.481325e-06	-4.739108e-09	-2.479503e+01	-3.094825e+02
4.600000e-07	-3.401846e-06	-4.663513e-09	-2.422895e+01	-3.059624e+02
4.700000e-07	-3.321063e-06	-4.597128e-09	-2.365359e+01	-3.023521e+02
4.800000e-07	-3.239063e-06	-4.567255e-09	-2.306956e+01	-2.986511e+02
4.900000e-07	-3.155980e-06	-4.510856e-09	-2.247782e+01	-2.948570e+02
5.000000e-07	-3.071895e-06	-4.437536e-09	-2.187894e+01	-2.909660e+02
5.100000e-07	-2.986849e-06	-4.373535e-09	-2.127322e+01	-2.869735e+02
5.200000e-07	-2.900875e-06	-4.312006e-09	-2.066089e+01	-2.828756e+02
5.300000e-07	-2.813964e-06	-4.250722e-09	-2.004188e+01	-2.786696e+02
5.400000e-07	-2.726113e-06	-4.190976e-09	-1.941618e+01	-2.743549e+02
5.500000e-07	-2.637224e-06	-4.122572e-09	-1.878309e+01	-2.699328e+02
5.600000e-07	-2.547231e-06	-4.041947e-09	-1.814213e+01	-2.654054e+02
5.700000e-07	-2.456186e-06	-3.968200e-09	-1.749368e+01	-2.607741e+02
5.800000e-07	-2.364219e-06	-3.906567e-09	-1.683866e+01	-2.560389e+02
5.900000e-07	-2.271469e-06	-3.841127e-09	-1.617807e+01	-2.511970e+02
6.000000e-07	-2.177977e-06	-3.758227e-09	-1.551220e+01	-2.462435e+02
6.100000e-07	-2.083712e-06	-3.671737e-09	-1.484081e+01	-2.411715e+02
6.200000e-07	-1.988743e-06	-3.589663e-09	-1.416442e+01	-2.359742e+02
6.300000e-07	-1.893121e-06	-3.511795e-09	-1.348337e+01	-2.306466e+02
6.400000e-07	-1.796774e-06	-3.436853e-09	-1.279715e+01	-2.251864e+02
6.500000e-07	-1.699635e-06	-3.360439e-09	-1.210530e+01	-2.195950e+02
6.600000e-07	-1.601747e-06	-3.270747e-09	-1.140812e+01	-2.138766e+02
6.700000e-07	-1.503208e-06	-3.168196e-09	-1.070629e+01	-2.080371e+02
6.800000e-07	-1.404058e-06	-3.070238e-09	-1.000011e+01	-2.020817e+02
6.900000e-07	-1.304413e-06	-2.981145e-09	-9.290417e+00	-1.960130e+02
7.000000e-07	-1.204391e-06	-2.892120e-09	-8.578027e+00	-1.898297e+02
7.100000e-07	-1.104031e-06	-2.794734e-09	-7.863236e+00	-1.835262e+02
7.200000e-07	-1.003384e-06	-2.692918e-09	-7.146400e+00	-1.770934e+02
7.300000e-07	-9.024791e-07	-2.589852e-09	-6.427722e+00	-1.705209e+02
7.400000e-07	-8.013086e-07	-2.489483e-09	-5.707156e+00	-1.637988e+02
7.500000e-07	-6.997972e-07	-2.389807e-09	-4.984162e+00	-1.569206e+02
7.600000e-07	-5.979747e-07	-2.283895e-09	-4.258952e+00	-1.498834e+02
7.700000e-07	-4.959504e-07	-2.171378e-09	-3.532305e+00	-1.426886e+02
7.800000e-07	-3.937792e-07	-2.055555e-09	-2.804612e+00	-1.353396e+02
7.900000e-07	-2.914916e-07	-1.942211e-09	-2.076089e+00	-1.278397e+02
8.000000e-07	-1.891012e-07	-1.829540e-09	-1.346834e+00	-1.201892e+02
8.100000e-07	-8.659309e-08	-1.711901e-09	-6.167415e-01	-1.123825e+02
8.200000e-07	1.598263e-08	-1.587140e-09	1.138330e-01	-1.044077e+02
8.300000e-07	1.185473e-07	-1.458943e-09	8.443288e-01	-9.624645e+01
8.400000e-07	2.210975e-07	-1.330769e-09	1.574721e+00	-8.787653e+01
8.500000e-07	3.235868e-07	-1.204540e-09	2.304680e+00	-7.927503e+01
8.600000e-07	4.259673e-07	-1.075238e-09	3.033864e+00	-7.042215e+01
8.700000e-07	5.282373e-07	-9.349136e-10	3.762262e+00	-6.130436e+01
8.800000e-07	6.303513e-07	-7.848687e-10	4.489547e+00	-5.191625e+01
8.900000e-07	7.322324e-07	-6.323464e-10	5.215175e+00	-4.226072e+01
9.000000e-07	8.338184e-07	-4.798535e-10	5.938700e+00	-3.234732e+01
9.100000e-07	9.350685e-07	-3.250431e-10	6.659833e+00	-2.218961e+01
9.200000e-07	1.036025e-06	-1.681908e-10	7.378873e+00	-1.180199e+01
9.300000e-07	1.136646e-06	-6.772756e-12	8.095530e+00	-1.197358e+00
9.400000e-07	1.236865e-06	1.600372e-10	8.809316e+00	9.614066e+00
9.500000e-07	1.336694e-06	3.295632e-10	9.520328e+00	2.062401e+01
9.600000e-07	1.436155e-06	4.993921e-10	1.022872e+01	3.182386e+01
9.700000e-07	1.535105e-06	6.720806e-10	1.093347e+01	4.320135e+01
9.800000e-07	1.633360e-06	8.499124e-10	1.163327e+01	5.473710e+01
9.900000e-07	1.730742e-06	1.029476e-09	1.232685e+01	6.640207e+01
1.000000e-06	1.827243e-06	1.208260e-09	1.301416e+01	7.815659e+01
1.010000e-06	1.923045e-06	1.385788e-09	1.369650e+01	8.995143e+01
1.020000e-06	2.018217e-06	1.562792e-09	1.437434e+01	1.017308e+02
1.030000e-06	2.112695e-06	1.739003e-09	1.504724e+01	1.134366e+02
1.040000e-06	2.206452e-06	1.915602e-09	1.571500e+01	1.250130e+02
1.050000e-06	2.299561e-06	2.091465e-09	1.637815e+01	1.364104e+02
1.060000e-06	2.391915e-06	2.263322e-09	1.703592e+01	1.475880e+02
1.070000e-06	2.483490e-06	2.429731e-09	1.768814e+01	1.585147e+02
1.080000e-06	2.574301e-06	2.591482e-09	1.833493e+01	1.691680e+02
1.090000e-06	2.663965e-06	2.749299e-09	1.897354e+01	1.795318e+02
1.100000e-06	2.752356e-06	2.904285e-09	1.960309e+01	1.895936e+02
1.110000e-06	2.839834e-06	3.052871e-09	2.022613e+01	1.993423e+02
1.120000e-06	2.926424e-06	3.195556e-09	2.084286e+01	2.087663e+02
1.130000e-06	3.012058e-06	3.332186e-09	2.145277e+01	2.178538e+02
1.140000e-06	3.096749e-06	3.463100e-09	2.205596e+01	2.265935e+02
1.150000e-06	3.180531e-06	3.589407e-09	2.265268e+01	2.349765e+02
1.160000e-06	3.263317e-06	3.711866e-09	2.324230e+01	2.429984e+02
1.170000e-06	3.344783e-06	3.828927e-09	2.382253e+01	2.506605e+02
1.180000e-06	3.424969e-06	3.939035e-09	2.439364e+01	2.579710e+02
1.190000e-06	3.504014e-06	4.043324e-09	2.495662e+01	2.649439e+02
1.200000e-06	3.581863e-06	4.144218e-09	2.551109e+01	2.715982e+02
1.210000e-06	3.658427e-06	4.242011e-09	2.605640e+01	2.779557e+02
1.220000e-06	3.733622e-06	4.334565e-09	2.659196e+01	2.840388e+02
1.230000e-06	3.807215e-06	4.422134e-09	2.711611e+01	2.898694e+02
1.240000e-06	3.879218e-06	4.504436e-09	2.762893e+01	2.954670e+02
1.250000e-06	3.949845e-06	4.585766e-09	2.813196e+01	3.008490e+02
1.260000e-06	4.019084e-06	4.666860e-09	2.862510e+01	3.060303e+02
1.270000e-06	4.086999e-06	4.745008e-09	2.910881e+01	3.110235e+02
1.280000e-06	4.153453e-06	4.817410e-09	2.958211e+01	3.158392e+02
1.290000e-06	4.218212e-06	4.886641e-09	3.004335e+01	3.204858e+02
1.300000e-06	4.281409e-06	4.953826e-09	3.049345e+01	3.249688e+02
1.310000e-06	4.343184e-06	5.019672e-09	3.093344e+01	3.292907e+02
1.320000e-06	4.403513e-06	5.083375e-09	3.136312e+01	3.334505e+02
1.330000e-06	4.462348e-06	5.142987e-09	3.178216e+01	3.374439e+02
1.340000e-06	4.519440e-06	5.198559e-09	3.218878e+01	3.412645e+02
1.350000e-06	4.574786e-06	5.250866e-09	3.258298e+01	3.449053e+02
1.360000e-06	4.628582e-06	5.301670e-09	3.296612e+01	3.483605e+02
1.370000e-06	4.680632e-06	5.350426e-09	3.333684e+01	3.516270e+02
1.380000e-06	4.730682e-06	5.395301e-09	3.369331e+01	3.547062e+02
1.390000e-06	4.778784e-06	5.437883e-09	3.403591e+01	3.576035e+02
1.400000e-06	4.825156e-06	5.479396e-09	3.436618e+01	3.603280e+02
1.410000e-06	4.869961e-06	5.517155e-09	3.468530e+01	3.628902e+02
1.420000e-06	4.913148e-06	5.551324e-09	3.499289e+01	3.653007e+02
1.430000e-06	4.954498e-06	5.582975e-09	3.528739e+01	3.675674e+02
1.440000e-06	4.994018e-06	5.611479e-09	3.556887e+01	3.696952e+02
1.450000e-06	5.031881e-06	5.638712e-09	3.583854e+01	3.716858e+02
1.460000e-06	5.068140e-06	5.665393e-09	3.609678e+01	3.735386e+02
1.470000e-06	5.102636e-06	5.692334e-09	3.634247e+01	3.752532e+02
1.480000e-06	5.135173e-06	5.717413e-09	3.657422e+01	3.768311e+02
1.490000e-06	5.165870e-06	5.737758e-09	3.679285e+01	3.782777e+02
1.500000e-06	5.194885e-06	5.755283e-09	3.699950e+01	3.796027e+02
1.510000e-06	5.222162e-06	5.772069e-09	3.719378e+01	3.808189e+02
1.520000e-06	5.247429e-06	5.789019e-09	3.737374e+01	3.819404e+02
1.530000e-06	5.270664e-06	5.804969e-09	3.753922e+01	3.829794e+02
1.540000e-06	5.292142e-06	5.820019e-09	3.769220e+01	3.839431e+02
1.550000e-06	5.311846e-06	5.834024e-09	3.783253e+01	3.848324e+02
1.560000e-06	5.329596e-06	5.846179e-09	3.795896e+01	3.856410e+02
1.570000e-06	5.345401e-06	5.856170e-09	3.807152e+01	3.863572e+02
1.580000e-06	5.359248e-06	5.865294e-09	3.817014e+01	3.869673e+02
1.590000e-06	5.371008e-06	5.874029e-09	3.825390e+01	3.874595e+02
1.600000e-06	5.380607e-06	5.880143e-09	3.832227e+01	3.878277e+02
1.610000e-06	5.388182e-06	5.884130e-09	3.837622e+01	3.880741e+02
1.620000e-06	5.393931e-06	5.888308e-09	3.841717e+01	3.882097e+02
1.630000e-06	5.397884e-06	5.892102e-09	3.844532e+01	3.882524e+02
1.640000e-06	5.399909e-06	5.893367e-09	3.845974e+01	3.882230e+02
1.650000e-06	5.399945e-06	5.892183e-09	3.846000e+01	3.881406e+02
1.660000e-06	5.398187e-06	5.894374e-09	3.844748e+01	3.880180e+02
1.670000e-06	5.394785e-06	5.892047e-09	3.842325e+01	3.878579e+02
1.680000e-06	5.389691e-06	5.888192e-09	3.838697e+01	3.876531e+02
1.690000e-06	5.382710e-06	5.885561e-09	3.833725e+01	3.873875e+02
1.700000e-06	5.373938e-06	5.880975e-09	3.827477e+01	3.870411e+02
1.710000e-06	5.363566e-06	5.873953e-09	3.820090e+01	3.865950e+02
1.720000e-06	5.351417e-06	5.850441e-09	3.811437e+01	3.860372e+02
1.730000e-06	5.337229e-06	5.829273e-09	3.801332e+01	3.853664e+02
1.740000e-06	5.320945e-06	5.868609e-09	3.789734e+01	3.845930e+02
1.750000e-06	5.302295e-06	5.833821e-09	3.776451e+01	3.837376e+02
1.760000e-06	5.280985e-06	5.819603e-09	3.761273e+01	3.828264e+02
1.770000e-06	5.257550e-06	5.814675e-09	3.744582e+01	3.818852e+02
1.780000e-06	5.232967e-06	5.713589e-09	3.727073e+01	3.809333e+02
1.790000e-06	5.207519e-06	5.844075e-09	3.708949e+01	3.799785e+02
1.800000e-06	5.180489e-06	5.775619e-09	3.689697e+01	3.790152e+02
1.810000e-06	5.151310e-06	5.624656e-09	3.668915e+01	3.780250e+02
1.820000e-06	5.120347e-06	5.804362e-09	3.646862e+01	3.769813e+02
1.830000e-06	5.087747e-06	5.667361e-09	3.623644e+01	3.758544e+02
1.840000e-06	5.053293e-06	5.616141e-09	3.599104e+01	3.746183e+02
1.850000e-06	5.017120e-06	5.861788e-09	3.573340e+01	3.732558e+02
1.860000e-06	4.979153e-06	5.675161e-09	3.546300e+01	3.717621e+02
1.870000e-06	4.939375e-06	5.615711e-09	3.517969e+01	3.701447e+02
1.880000e-06	4.897901e-06	5.662583e-09	3.488430e+01	3.684206e+02
1.890000e-06	4.854627e-06	5.513330e-09	3.457608e+01	3.666123e+02
1.900000e-06	4.809627e-06	5.622677e-09	3.425558e+01	3.647419e+02
1.910000e-06	4.762816e-06	5.530941e-09	3.392218e+01	3.628263e+02
1.920000e-06	4.714094e-06	5.471764e-09	3.357516e+01	3.608740e+02
1.930000e-06	4.663707e-06	5.548311e-09	3.321629e+01	3.588840e+02
1.940000e-06	4.611516e-06	5.380727e-09	3.284458e+01	3.568474e+02
1.950000e-06	4.557292e-06	5.423411e-09	3.245838e+01	3.547502e+02
1.960000e-06	4.501181e-06	5.415999e-09	3.205874e+01	3.525776e+02
1.970000e-06	4.443467e-06	5.345103e-09	3.164768e+01	3.503174e+02
1.980000e-06	4.384343e-06	5.311306e-09	3.122658e+01	3.479624e+02
1.990000e-06	4.323599e-06	5.215356e-09	3.079394e+01	3.455115e+02
2.000000e-06	4.261123e-06	5.303330e-09	3.034897e+01	3.429685e+02
2.010000e-06	4.197094e-06	5.196613e-09	2.989294e+01	3.403401e+02
2.020000e-06	4.131611e-06	5.122077e-09	2.942655e+01	3.376335e+02
2.030000e-06	4.064700e-06	5.153811e-09	2.894999e+01	3.348537e+02
2.040000e-06	3.996306e-06	5.054609e-09	2.846287e+01	3.320026e+02
2.050000e-06	3.926438e-06	5.033773e-09	2.796525e+01	3.290783e+02
2.060000e-06	3.855105e-06	4.965067e-09	2.745720e+01	3.260765e+02
2.070000e-06	3.782388e-06	4.974302e-09	2.693928e+01	3.229916e+02
2.080000e-06	3.708383e-06	4.910774e-09	2.641220e+01	3.198185e+02
2.090000e-06	3.632981e-06	4.784426e-09	2.587516e+01	3.165542e+02
2.100000e-06	3.556097e-06	4.769793e-09	2.532757e+01	3.131973e+02
2.110000e-06	3.477735e-06	4.729599e-09	2.476945e+01	3.097483e+02
2.120000e-06	3.398037e-06	4.705116e-09	2.420182e+01	3.062086e+02
2.130000e-06	3.317150e-06	4.616780e-09	2.362572e+01	3.025786e+02
2.140000e-06	3.235122e-06	4.571859e-09	2.304149e+01	2.988576e+02
2.150000e-06	3.152047e-06	4.518377e-09	2.244980e+01	2.950428e+02
2.160000e-06	3.067909e-06	4.434737e-09	2.185055e+01	2.911301e+02
2.170000e-06	2.982611e-06	4.398845e-09	2.124303e+01	2.871150e+02
2.180000e-06	2.896085e-06	4.333096e-09	2.062677e+01	2.829937e+02
2.190000e-06	2.808407e-06	4.264838e-09	2.000230e+01	2.787641e+02
2.200000e-06	2.719763e-06	4.179084e-09	1.937095e+01	2.744260e+02
2.210000e-06	2.630212e-06	4.123564e-09	1.873315e+01	2.699808e+02
2.220000e-06	2.539798e-06	4.069697e-09	1.808919e+01	2.654307e+02
2.230000e-06	2.448554e-06	3.995016e-09	1.743932e+01	2.607769e+02
2.240000e-06	2.356479e-06	3.919456e-09	1.678354e+01	2.560188e+02
2.250000e-06	2.263550e-06	3.840027e-09	1.612167e+01	2.511532e+02
2.260000e-06	2.169731e-06	3.767238e-09	1.545346e+01	2.461746e+02
2.270000e-06	2.074985e-06	3.692912e-09	1.477866e+01	2.410760e+02
2.280000e-06	1.979294e-06	3.621017e-09	1.409711e+01	2.358508e+02
2.290000e-06	1.882865e-06	3.528530e-09	1.341032e+01	2.304945e+02
2.300000e-06	1.785934e-06	3.430230e-09	1.271995e+01	2.250057e+02
2.310000e-06	1.688513e-06	3.341526e-09	1.202609e+01	2.193863e+02
2.320000e-06	1.590531e-06	3.266854e-09	1.132823e+01	2.136412e+02
2.330000e-06	1.492017e-06	3.194501e-09	1.062659e+01	2.077761e+02
2.340000e-06	1.393063e-06	3.107292e-09	9.921803e+00	2.017960e+02
2.350000e-06	1.293709e-06	3.008352e-09	9.214175e+00	1.957027e+02
2.360000e-06	1.193997e-06	2.903220e-09	8.503997e+00	1.894939e+02
2.370000e-06	1.094000e-06	2.804928e-09	7.791790e+00	1.831632e+02
2.380000e-06	9.936978e-07	2.713898e-09	7.077408e+00	1.767011e+02
2.390000e-06	8.930016e-07	2.617967e-09	6.360221e+00	1.700969e+02
2.400000e-06	7.918871e-07	2.509018e-09	5.640053e+00	1.633416e+02
2.410000e-06	6.903662e-07	2.397442e-09	4.916992e+00	1.564290e+02
2.420000e-06	5.886044e-07	2.290120e-09	4.192214e+00	1.493575e+02
2.430000e-06	4.866319e-07	2.186956e-09	3.465935e+00	1.421290e+02
2.440000e-06	3.843894e-07	2.077965e-09	2.737734e+00	1.347471e+02
2.450000e-06	2.819749e-07	1.958939e-09	2.008308e+00	1.272148e+02
2.460000e-06	1.794698e-07	1.835812e-09	1.278237e+00	1.195312e+02
2.470000e-06	7.687809e-08	1.713149e-09	5.475484e-01	1.116894e+02
2.480000e-06	-2.582787e-08	1.594481e-09	-1.839537e-01	1.036760e+02
2.490000e-06	-1.285792e-07	1.475059e-09	-9.157788e-01	9.547172e+01
2.500000e-06	-2.313229e-07	1.345954e-09	-1.647550e+00	8.705373e+01
2.510000e-06	-3.339233e-07	1.206819e-09	-2.378300e+00	7.839954e+01
2.520000e-06	-4.363464e-07	1.069233e-09	-3.107788e+00	6.949046e+01
2.530000e-06	-5.386730e-07	9.341737e-10	-3.836588e+00	6.031458e+01
2.540000e-06	-6.407656e-07	7.967016e-10	-4.563721e+00	5.086835e+01
2.550000e-06	-7.425529e-07	6.527393e-10	-5.288681e+00	4.115625e+01
2.560000e-06	-8.439595e-07	4.986423e-10	-6.010928e+00	3.118897e+01
2.570000e-06	-9.448196e-07	3.381864e-10	-6.729284e+00	2.098048e+01
2.580000e-06	-1.045190e-06	1.782429e-10	-7.444150e+00	1.054505e+01
2.590000e-06	-1.145197e-06	2.112133e-11	-8.156430e+00	-1.049871e-01
2.600000e-06	-1.244833e-06	-1.376892e-10	-8.866068e+00	-1.095993e+01
2.610000e-06	-1.344105e-06	-3.065601e-10	-9.573111e+00	-2.201168e+01
2.620000e-06	-1.442985e-06	-4.807074e-10	-1.027736e+01	-3.325114e+01
2.630000e-06	-1.541423e-06	-6.543554e-10	-1.097847e+01	-4.466479e+01
2.640000e-06	-1.639302e-06	-8.299671e-10	-1.167559e+01	-5.623136e+01
2.650000e-06	-1.736543e-06	-1.008579e-09	-1.236817e+01	-6.791953e+01
2.660000e-06	-1.833177e-06	-1.190258e-09	-1.305642e+01	-7.968743e+01
2.670000e-06	-1.929233e-06	-1.372561e-09	-1.374057e+01	-9.148413e+01
2.680000e-06	-2.024796e-06	-1.554251e-09	-1.442119e+01	-1.032530e+02
2.690000e-06	-2.119765e-06	-1.731906e-09	-1.509759e+01	-1.149359e+02
2.700000e-06	-2.213781e-06	-1.904171e-09	-1.576720e+01	-1.264782e+02
2.710000e-06	-2.306661e-06	-2.075713e-09	-1.642872e+01	-1.378319e+02
2.720000e-06	-2.398613e-06	-2.246628e-09	-1.708363e+01	-1.489583e+02
2.730000e-06	-2.489812e-06	-2.412288e-09	-1.773318e+01	-1.598284e+02
2.740000e-06	-2.580118e-06	-2.572499e-09	-1.837636e+01	-1.704211e+02
2.750000e-06	-2.669396e-06	-2.729018e-09	-1.901223e+01	-1.807215e+02
2.760000e-06	-2.757750e-06	-2.882038e-09	-1.964151e+01	-1.907175e+02
2.770000e-06	-2.845332e-06	-3.031099e-09	-2.026529e+01	-2.003979e+02
2.780000e-06	-2.932060e-06	-3.177682e-09	-2.088300e+01	-2.097511e+02
2.790000e-06	-3.017628e-06	-3.315557e-09	-2.149243e+01	-2.187653e+02
2.800000e-06	-3.101934e-06	-3.443200e-09	-2.209289e+01	-2.274295e+02
2.810000e-06	-3.185145e-06	-3.566884e-09	-2.268554e+01	-2.357356e+02
2.820000e-06	-3.267352e-06	-3.689241e-09	-2.327104e+01	-2.436804e+02
2.830000e-06	-3.348492e-06	-3.808718e-09	-2.384895e+01	-2.512666e+02
2.840000e-06	-3.428589e-06	-3.923620e-09	-2.441942e+01	-2.585037e+02
2.850000e-06	-3.507544e-06	-4.032104e-09	-2.498176e+01	-2.654069e+02
2.860000e-06	-3.584989e-06	-4.132487e-09	-2.553335e+01	-2.719960e+02
2.870000e-06	-3.660827e-06	-4.226784e-09	-2.607349e+01	-2.782931e+02
2.880000e-06	-3.735247e-06	-4.317990e-09	-2.660353e+01	-2.843207e+02
2.890000e-06	-3.808270e-06	-4.406616e-09	-2.712362e+01	-2.901001e+02
2.900000e-06	-3.880003e-06	-4.492077e-09	-2.763453e+01	-2.956505e+02
2.910000e-06	-3.950369e-06	-4.572373e-09	-2.813569e+01	-3.009886e+02
2.920000e-06	-4.019141e-06	-4.650305e-09	-2.862550e+01	-3.061289e+02
2.930000e-06	-4.086424e-06	-4.727755e-09	-2.910472e+01	-3.110836e+02
2.940000e-06	-4.152328e-06	-4.801572e-09	-2.957410e+01	-3.158627e+02
2.950000e-06	-4.216857e-06	-4.873535e-09	-3.003370e+01	-3.204742e+02
2.960000e-06	-4.279921e-06	-4.943500e-09	-3.048286e+01	-3.249229e+02
2.970000e-06	-4.341227e-06	-5.011096e-09	-3.091950e+01	-3.292106e+02
2.980000e-06	-4.400826e-06	-5.075678e-09	-3.134398e+01	-3.333355e+02
2.990000e-06	-4.458974e-06	-5.137309e-09	-3.175812e+01	-3.372928e+02
3.000000e-06	-4.515643e-06	-5.196217e-09	-3.216174e+01	-3.410758e+02
3.010000e-06	-4.570665e-06	-5.251766e-09	-3.255362e+01	-3.446776e+02
3.020000e-06	-4.623800e-06	-5.305532e-09	-3.293207e+01	-3.480927e+02
3.030000e-06	-4.675070e-06	-5.357081e-09	-3.329723e+01	-3.513192e+02
3.040000e-06	-4.724482e-06	-5.406188e-09	-3.364916e+01	-3.543591e+02
3.050000e-06	-4.771896e-06	-5.453108e-09	-3.398685e+01	-3.572189e+02
3.060000e-06	-4.817594e-06	-5.497747e-09	-3.431232e+01	-3.599080e+02
3.070000e-06	-4.861813e-06	-5.538088e-09	-3.462726e+01	-3.624372e+02
3.080000e-06	-4.904466e-06	-5.574026e-09	-3.493105e+01	-3.648165e+02
3.090000e-06	-4.945579e-06	-5.607168e-09	-3.522387e+01	-3.670535e+02
3.100000e-06	-4.985045e-06	-5.641896e-09	-3.550496e+01	-3.691522e+02
3.110000e-06	-5.022617e-06	-5.677283e-09	-3.577256e+01	-3.711137e+02
3.120000e-06	-5.058349e-06	-5.708784e-09	-3.602705e+01	-3.729372e+02
3.130000e-06	-5.092392e-06	-5.736390e-09	-3.626952e+01	-3.746226e+02
3.140000e-06	-5.124734e-06	-5.759885e-09	-3.649986e+01	-3.761721e+02
3.150000e-06	-5.155263e-06	-5.781126e-09	-3.671730e+01	-3.775920e+02
3.160000e-06	-5.183875e-06	-5.801229e-09	-3.692109e+01	-3.788928e+02
3.170000e-06	-5.210612e-06	-5.822691e-09	-3.711152e+01	-3.800879e+02
3.180000e-06	-5.235544e-06	-5.842109e-09	-3.728909e+01	-3.811911e+02
3.190000e-06	-5.258624e-06	-5.858257e-09	-3.745347e+01	-3.822138e+02
3.200000e-06	-5.279712e-06	-5.872076e-09	-3.760366e+01	-3.831622e+02
3.210000e-06	-5.298927e-06	-5.885429e-09	-3.774052e+01	-3.840352e+02
3.220000e-06	-5.316410e-06	-5.897741e-09	-3.786504e+01	-3.848254e+02
3.230000e-06	-5.331991e-06	-5.907202e-09	-3.797601e+01	-3.855204e+02
3.240000e-06	-5.345369e-06	-5.912796e-09	-3.807129e+01	-3.861064e+02
3.250000e-06	-5.356561e-06	-5.917933e-09	-3.815101e+01	-3.865726e+02
3.260000e-06	-5.365825e-06	-5.922590e-09	-3.821699e+01	-3.869145e+02
3.270000e-06	-5.373202e-06	-5.926631e-09	-3.826953e+01	-3.871363e+02
3.280000e-06	-5.378560e-06	-5.930367e-09	-3.830769e+01	-3.872506e+02
3.290000e-06	-5.382011e-06	-5.929192e-09	-3.833227e+01	-3.872764e+02
3.300000e-06	-5.383758e-06	-5.928097e-09	-3.834471e+01	-3.872345e+02
3.310000e-06	-5.383696e-06	-5.926324e-09	-3.834427e+01	-3.871430e+02
