# Temperatura_=_57.3
# Concentracion g/m^3_=_15000.0
# C_Vs_to_Am_M_A/Vsm_=_65563218390.804596
# pendiente_HvsI_1/m_=_3716.3
# ordenada_HvsI_A/m_=_1297.0
# frecuencia_Hz_=_301599.02808051056

Tiempo_(s)	Campo_(V.s)	Magnetizacion_(V.s)	Campo_(kA/m)	Magnetizacion_(A/m)
0.000000e+00	-5.371466e-06	-6.511242e-09	-3.833467e+01	-4.249048e+02
1.000000e-08	-5.368660e-06	-6.507274e-09	-3.831464e+01	-4.247580e+02
2.000000e-08	-5.364088e-06	-6.499919e-09	-3.828201e+01	-4.245550e+02
3.000000e-08	-5.357916e-06	-6.490485e-09	-3.823796e+01	-4.242822e+02
4.000000e-08	-5.350179e-06	-6.481812e-09	-3.818274e+01	-4.239199e+02
5.000000e-08	-5.340651e-06	-6.473847e-09	-3.811475e+01	-4.234467e+02
6.000000e-08	-5.328996e-06	-6.466322e-09	-3.803157e+01	-4.228470e+02
7.000000e-08	-5.315358e-06	-6.461738e-09	-3.793424e+01	-4.221158e+02
8.000000e-08	-5.299672e-06	-6.448757e-09	-3.782229e+01	-4.212623e+02
9.000000e-08	-5.281765e-06	-6.447035e-09	-3.769449e+01	-4.203096e+02
1.000000e-07	-5.261893e-06	-6.448105e-09	-3.755267e+01	-4.192906e+02
1.100000e-07	-5.240154e-06	-6.415870e-09	-3.739753e+01	-4.182413e+02
1.200000e-07	-5.216681e-06	-6.384255e-09	-3.723001e+01	-4.171924e+02
1.300000e-07	-5.191691e-06	-6.361373e-09	-3.705166e+01	-4.161622e+02
1.400000e-07	-5.165059e-06	-6.303427e-09	-3.686159e+01	-4.151509e+02
1.500000e-07	-5.136773e-06	-6.315762e-09	-3.665972e+01	-4.141401e+02
1.600000e-07	-5.107074e-06	-6.330270e-09	-3.644777e+01	-4.130952e+02
1.700000e-07	-5.075862e-06	-6.290711e-09	-3.622502e+01	-4.119726e+02
1.800000e-07	-5.042547e-06	-6.308457e-09	-3.598726e+01	-4.107279e+02
1.900000e-07	-5.007282e-06	-6.249205e-09	-3.573558e+01	-4.093253e+02
2.000000e-07	-4.970582e-06	-6.152691e-09	-3.547367e+01	-4.077441e+02
2.100000e-07	-4.932159e-06	-6.152903e-09	-3.519945e+01	-4.059821e+02
2.200000e-07	-4.891962e-06	-6.143847e-09	-3.491257e+01	-4.040548e+02
2.300000e-07	-4.849843e-06	-6.114288e-09	-3.461199e+01	-4.019905e+02
2.400000e-07	-4.805754e-06	-6.089556e-09	-3.429734e+01	-3.998235e+02
2.500000e-07	-4.759951e-06	-6.052473e-09	-3.397045e+01	-3.975852e+02
2.600000e-07	-4.712293e-06	-6.026145e-09	-3.363033e+01	-3.952981e+02
2.700000e-07	-4.662561e-06	-5.974998e-09	-3.327541e+01	-3.929711e+02
2.800000e-07	-4.610686e-06	-5.954336e-09	-3.290519e+01	-3.905993e+02
2.900000e-07	-4.556879e-06	-5.914267e-09	-3.252119e+01	-3.881669e+02
3.000000e-07	-4.501499e-06	-5.848847e-09	-3.212595e+01	-3.856525e+02
3.100000e-07	-4.444569e-06	-5.843945e-09	-3.171966e+01	-3.830352e+02
3.200000e-07	-4.385803e-06	-5.810886e-09	-3.130026e+01	-3.803004e+02
3.300000e-07	-4.325368e-06	-5.748334e-09	-3.086896e+01	-3.774430e+02
3.400000e-07	-4.263458e-06	-5.691727e-09	-3.042712e+01	-3.744677e+02
3.500000e-07	-4.200188e-06	-5.632281e-09	-2.997558e+01	-3.713872e+02
3.600000e-07	-4.135538e-06	-5.595256e-09	-2.951419e+01	-3.682179e+02
3.700000e-07	-4.069140e-06	-5.569611e-09	-2.904033e+01	-3.649747e+02
3.800000e-07	-4.001107e-06	-5.529488e-09	-2.855479e+01	-3.616671e+02
3.900000e-07	-3.931772e-06	-5.461365e-09	-2.805997e+01	-3.582964e+02
4.000000e-07	-3.861200e-06	-5.386041e-09	-2.755631e+01	-3.548560e+02
4.100000e-07	-3.789460e-06	-5.327098e-09	-2.704433e+01	-3.513329e+02
4.200000e-07	-3.716336e-06	-5.275775e-09	-2.652246e+01	-3.477115e+02
4.300000e-07	-3.641566e-06	-5.237235e-09	-2.598885e+01	-3.439775e+02
4.400000e-07	-3.565285e-06	-5.190138e-09	-2.544445e+01	-3.401216e+02
4.500000e-07	-3.487662e-06	-5.128816e-09	-2.489048e+01	-3.361406e+02
4.600000e-07	-3.408631e-06	-5.055364e-09	-2.432646e+01	-3.320382e+02
4.700000e-07	-3.328146e-06	-4.983257e-09	-2.375206e+01	-3.278229e+02
4.800000e-07	-3.246457e-06	-4.927614e-09	-2.316906e+01	-3.235053e+02
4.900000e-07	-3.163678e-06	-4.859729e-09	-2.257829e+01	-3.190947e+02
5.000000e-07	-3.079909e-06	-4.783194e-09	-2.198046e+01	-3.145973e+02
5.100000e-07	-2.995294e-06	-4.709776e-09	-2.137658e+01	-3.100141e+02
5.200000e-07	-2.909696e-06	-4.643406e-09	-2.076569e+01	-3.053415e+02
5.300000e-07	-2.823050e-06	-4.572638e-09	-2.014732e+01	-3.005725e+02
5.400000e-07	-2.735486e-06	-4.496395e-09	-1.952241e+01	-2.956986e+02
5.500000e-07	-2.647061e-06	-4.417102e-09	-1.889134e+01	-2.907117e+02
5.600000e-07	-2.557499e-06	-4.331321e-09	-1.825216e+01	-2.856059e+02
5.700000e-07	-2.466702e-06	-4.253116e-09	-1.760417e+01	-2.803779e+02
5.800000e-07	-2.375013e-06	-4.185008e-09	-1.694981e+01	-2.750267e+02
5.900000e-07	-2.282632e-06	-4.109769e-09	-1.629051e+01	-2.695530e+02
6.000000e-07	-2.189468e-06	-4.014298e-09	-1.562562e+01	-2.639574e+02
6.100000e-07	-2.095508e-06	-3.915037e-09	-1.495506e+01	-2.582404e+02
6.200000e-07	-2.000802e-06	-3.822440e-09	-1.427917e+01	-2.524010e+02
6.300000e-07	-1.905394e-06	-3.733778e-09	-1.359827e+01	-2.464375e+02
6.400000e-07	-1.809355e-06	-3.649463e-09	-1.291286e+01	-2.403483e+02
6.500000e-07	-1.712626e-06	-3.564240e-09	-1.222254e+01	-2.341321e+02
6.600000e-07	-1.615133e-06	-3.467981e-09	-1.152676e+01	-2.277889e+02
6.700000e-07	-1.516865e-06	-3.357510e-09	-1.082545e+01	-2.213198e+02
6.800000e-07	-1.417946e-06	-3.248129e-09	-1.011949e+01	-2.147263e+02
6.900000e-07	-1.318535e-06	-3.148382e-09	-9.410021e+00	-2.080097e+02
7.000000e-07	-1.218704e-06	-3.049357e-09	-8.697554e+00	-2.011691e+02
7.100000e-07	-1.118571e-06	-2.942630e-09	-7.982930e+00	-1.942015e+02
7.200000e-07	-1.018173e-06	-2.830770e-09	-7.266421e+00	-1.871004e+02
7.300000e-07	-9.175260e-07	-2.718194e-09	-6.548129e+00	-1.798571e+02
7.400000e-07	-8.166207e-07	-2.605663e-09	-5.827996e+00	-1.724615e+02
7.500000e-07	-7.153352e-07	-2.493288e-09	-5.105149e+00	-1.649032e+02
7.600000e-07	-6.137246e-07	-2.377795e-09	-4.379983e+00	-1.571736e+02
7.700000e-07	-5.119131e-07	-2.256459e-09	-3.653382e+00	-1.492659e+02
7.800000e-07	-4.099554e-07	-2.131379e-09	-2.925738e+00	-1.411757e+02
7.900000e-07	-3.079172e-07	-2.006828e-09	-2.197520e+00	-1.328999e+02
8.000000e-07	-2.057681e-07	-1.881046e-09	-1.468510e+00	-1.244355e+02
8.100000e-07	-1.035114e-07	-1.749934e-09	-7.387324e-01	-1.157784e+02
8.200000e-07	-1.193660e-09	-1.611727e-09	-8.518820e-03	-1.069218e+02
8.300000e-07	1.011494e-07	-1.467741e-09	7.218751e-01	-9.785681e+01
8.400000e-07	2.034605e-07	-1.322647e-09	1.452041e+00	-8.857247e+01
8.500000e-07	3.056995e-07	-1.180249e-09	2.181693e+00	-7.905772e+01
8.600000e-07	4.078377e-07	-1.035712e-09	2.910624e+00	-6.930307e+01
8.700000e-07	5.098315e-07	-8.819423e-10	3.638526e+00	-5.930235e+01
8.800000e-07	6.117148e-07	-7.195459e-10	4.365639e+00	-4.905355e+01
8.900000e-07	7.134600e-07	-5.546021e-10	5.091766e+00	-3.855863e+01
9.000000e-07	8.149371e-07	-3.898198e-10	5.815980e+00	-2.782232e+01
9.100000e-07	9.160544e-07	-2.224048e-10	6.537626e+00	-1.685023e+01
9.200000e-07	1.016803e-06	-5.247061e-11	7.256644e+00	-5.646960e+00
9.300000e-07	1.117264e-06	1.217397e-10	7.973605e+00	5.784967e+00
9.400000e-07	1.217438e-06	3.010304e-10	8.688516e+00	1.744488e+01
9.500000e-07	1.317264e-06	4.827791e-10	9.400950e+00	2.933207e+01
9.600000e-07	1.416618e-06	6.644299e-10	1.011001e+01	4.144248e+01
9.700000e-07	1.515303e-06	8.483809e-10	1.081430e+01	5.376469e+01
9.800000e-07	1.613298e-06	1.037960e-09	1.151366e+01	6.627603e+01
9.900000e-07	1.710623e-06	1.231807e-09	1.220825e+01	7.894007e+01
1.000000e-06	1.807173e-06	1.424208e-09	1.289729e+01	9.170609e+01
1.010000e-06	1.902939e-06	1.614263e-09	1.358075e+01	1.045111e+02
1.020000e-06	1.998038e-06	1.804969e-09	1.425944e+01	1.172843e+02
1.030000e-06	2.092552e-06	1.995816e-09	1.493397e+01	1.299527e+02
1.040000e-06	2.186345e-06	2.185493e-09	1.560334e+01	1.424477e+02
1.050000e-06	2.279323e-06	2.371224e-09	1.626690e+01	1.547104e+02
1.060000e-06	2.371615e-06	2.552252e-09	1.692556e+01	1.666957e+02
1.070000e-06	2.463229e-06	2.727843e-09	1.757938e+01	1.783727e+02
1.080000e-06	2.553927e-06	2.899607e-09	1.822667e+01	1.897241e+02
1.090000e-06	2.643487e-06	3.070240e-09	1.886583e+01	2.007424e+02
1.100000e-06	2.731902e-06	3.238828e-09	1.949683e+01	2.114256e+02
1.110000e-06	2.819327e-06	3.400316e-09	2.012076e+01	2.217730e+02
1.120000e-06	2.905889e-06	3.552931e-09	2.073852e+01	2.317822e+02
1.130000e-06	2.991500e-06	3.697589e-09	2.134951e+01	2.414477e+02
1.140000e-06	3.076151e-06	3.837707e-09	2.195363e+01	2.507614e+02
1.150000e-06	3.159932e-06	3.973563e-09	2.255156e+01	2.597147e+02
1.160000e-06	3.242726e-06	4.103739e-09	2.314244e+01	2.683011e+02
1.170000e-06	3.324275e-06	4.226816e-09	2.372443e+01	2.765189e+02
1.180000e-06	3.404573e-06	4.342948e-09	2.429750e+01	2.843730e+02
1.190000e-06	3.483696e-06	4.455475e-09	2.486217e+01	2.918746e+02
1.200000e-06	3.561554e-06	4.565650e-09	2.541782e+01	2.990408e+02
1.210000e-06	3.638133e-06	4.672795e-09	2.596435e+01	3.058920e+02
1.220000e-06	3.713312e-06	4.772663e-09	2.650088e+01	3.124495e+02
1.230000e-06	3.786968e-06	4.863925e-09	2.702654e+01	3.187337e+02
1.240000e-06	3.859095e-06	4.950479e-09	2.754129e+01	3.247620e+02
1.250000e-06	3.929807e-06	5.038056e-09	2.804594e+01	3.305493e+02
1.260000e-06	3.999163e-06	5.125463e-09	2.854092e+01	3.361079e+02
1.270000e-06	4.067166e-06	5.208087e-09	2.902624e+01	3.414489e+02
1.280000e-06	4.133698e-06	5.285191e-09	2.950106e+01	3.465829e+02
1.290000e-06	4.198545e-06	5.360569e-09	2.996385e+01	3.515208e+02
1.300000e-06	4.261838e-06	5.433922e-09	3.041556e+01	3.562732e+02
1.310000e-06	4.323693e-06	5.504433e-09	3.085700e+01	3.608496e+02
1.320000e-06	4.384160e-06	5.572526e-09	3.128854e+01	3.652572e+02
1.330000e-06	4.443224e-06	5.635409e-09	3.171006e+01	3.694999e+02
1.340000e-06	4.500550e-06	5.694957e-09	3.211918e+01	3.735772e+02
1.350000e-06	4.556103e-06	5.752249e-09	3.251565e+01	3.774857e+02
1.360000e-06	4.610062e-06	5.807765e-09	3.290074e+01	3.812194e+02
1.370000e-06	4.662294e-06	5.860179e-09	3.327350e+01	3.847727e+02
1.380000e-06	4.712504e-06	5.907757e-09	3.363184e+01	3.881418e+02
1.390000e-06	4.760719e-06	5.953943e-09	3.397593e+01	3.913266e+02
1.400000e-06	4.807260e-06	6.000703e-09	3.430808e+01	3.943312e+02
1.410000e-06	4.852243e-06	6.045145e-09	3.462912e+01	3.971634e+02
1.420000e-06	4.895672e-06	6.084708e-09	3.493905e+01	3.998329e+02
1.430000e-06	4.937273e-06	6.120367e-09	3.523595e+01	4.023495e+02
1.440000e-06	4.976977e-06	6.153819e-09	3.551931e+01	4.047206e+02
1.450000e-06	5.015025e-06	6.185408e-09	3.579085e+01	4.069505e+02
1.460000e-06	5.051479e-06	6.214910e-09	3.605101e+01	4.090402e+02
1.470000e-06	5.086227e-06	6.243787e-09	3.629900e+01	4.109886e+02
1.480000e-06	5.119047e-06	6.270695e-09	3.653322e+01	4.127944e+02
1.490000e-06	5.150033e-06	6.294702e-09	3.675436e+01	4.144585e+02
1.500000e-06	5.179327e-06	6.317092e-09	3.696342e+01	4.159855e+02
1.510000e-06	5.206897e-06	6.337812e-09	3.716018e+01	4.173844e+02
1.520000e-06	5.232462e-06	6.357403e-09	3.734263e+01	4.186672e+02
1.530000e-06	5.255961e-06	6.375591e-09	3.751034e+01	4.198465e+02
1.540000e-06	5.277675e-06	6.391969e-09	3.766531e+01	4.209332e+02
1.550000e-06	5.297694e-06	6.407058e-09	3.780817e+01	4.219333e+02
1.560000e-06	5.315831e-06	6.420123e-09	3.793762e+01	4.228462e+02
1.570000e-06	5.331943e-06	6.430712e-09	3.805260e+01	4.236652e+02
1.580000e-06	5.346131e-06	6.440855e-09	3.815385e+01	4.243793e+02
1.590000e-06	5.358304e-06	6.451817e-09	3.824073e+01	4.249767e+02
1.600000e-06	5.368268e-06	6.461357e-09	3.831184e+01	4.254486e+02
1.610000e-06	5.376147e-06	6.468607e-09	3.836807e+01	4.257926e+02
1.620000e-06	5.382134e-06	6.474520e-09	3.841080e+01	4.260148e+02
1.630000e-06	5.386345e-06	6.479420e-09	3.844085e+01	4.261287e+02
1.640000e-06	5.388693e-06	6.481980e-09	3.845761e+01	4.261524e+02
1.650000e-06	5.389028e-06	6.482732e-09	3.846000e+01	4.261046e+02
1.660000e-06	5.387527e-06	6.483325e-09	3.844929e+01	4.259989e+02
1.670000e-06	5.384394e-06	6.480033e-09	3.842693e+01	4.258405e+02
1.680000e-06	5.379564e-06	6.476352e-09	3.839246e+01	4.256236e+02
1.690000e-06	5.372750e-06	6.473552e-09	3.834383e+01	4.253332e+02
1.700000e-06	5.364131e-06	6.469663e-09	3.828232e+01	4.249486e+02
1.710000e-06	5.354028e-06	6.463785e-09	3.821021e+01	4.244490e+02
1.720000e-06	5.342192e-06	6.451866e-09	3.812574e+01	4.238208e+02
1.730000e-06	5.328357e-06	6.444061e-09	3.802701e+01	4.230619e+02
1.740000e-06	5.312478e-06	6.420655e-09	3.791368e+01	4.221845e+02
1.750000e-06	5.294258e-06	6.389631e-09	3.778365e+01	4.212143e+02
1.760000e-06	5.273331e-06	6.393146e-09	3.763430e+01	4.201856e+02
1.770000e-06	5.250106e-06	6.381036e-09	3.746855e+01	4.191338e+02
1.780000e-06	5.225676e-06	6.372865e-09	3.729420e+01	4.180877e+02
1.790000e-06	5.200593e-06	6.386499e-09	3.711519e+01	4.170618e+02
1.800000e-06	5.174081e-06	6.314730e-09	3.692598e+01	4.160526e+02
1.810000e-06	5.145306e-06	6.303300e-09	3.672062e+01	4.150375e+02
1.820000e-06	5.114716e-06	6.305270e-09	3.650231e+01	4.139796e+02
1.830000e-06	5.082493e-06	6.219632e-09	3.627235e+01	4.128341e+02
1.840000e-06	5.048294e-06	6.276945e-09	3.602827e+01	4.115579e+02
1.850000e-06	5.012499e-06	6.319573e-09	3.577282e+01	4.101179e+02
1.860000e-06	4.974954e-06	6.247589e-09	3.550487e+01	4.084972e+02
1.870000e-06	4.935474e-06	6.227565e-09	3.522311e+01	4.066976e+02
1.880000e-06	4.894330e-06	6.150526e-09	3.492948e+01	4.047380e+02
1.890000e-06	4.851365e-06	6.110630e-09	3.462285e+01	4.026485e+02
1.900000e-06	4.806837e-06	6.107865e-09	3.430506e+01	4.004635e+02
1.910000e-06	4.760569e-06	6.059786e-09	3.397486e+01	3.982130e+02
1.920000e-06	4.712150e-06	6.087441e-09	3.362931e+01	3.959168e+02
1.930000e-06	4.662067e-06	6.005848e-09	3.327188e+01	3.935808e+02
1.940000e-06	4.610309e-06	5.943890e-09	3.290250e+01	3.911973e+02
1.950000e-06	4.556482e-06	5.962379e-09	3.251835e+01	3.887490e+02
1.960000e-06	4.500721e-06	5.874380e-09	3.212040e+01	3.862139e+02
1.970000e-06	4.443291e-06	5.837855e-09	3.171054e+01	3.835721e+02
1.980000e-06	4.384413e-06	5.787298e-09	3.129034e+01	3.808108e+02
1.990000e-06	4.324088e-06	5.756943e-09	3.085982e+01	3.779271e+02
2.000000e-06	4.262147e-06	5.759943e-09	3.041777e+01	3.749277e+02
2.010000e-06	4.198538e-06	5.666784e-09	2.996380e+01	3.718266e+02
2.020000e-06	4.133400e-06	5.623546e-09	2.949893e+01	3.686400e+02
2.030000e-06	4.066843e-06	5.561215e-09	2.902394e+01	3.653822e+02
2.040000e-06	3.998864e-06	5.503643e-09	2.853878e+01	3.620609e+02
2.050000e-06	3.929421e-06	5.479285e-09	2.804319e+01	3.586759e+02
2.060000e-06	3.858398e-06	5.438792e-09	2.753632e+01	3.552187e+02
2.070000e-06	3.785977e-06	5.410127e-09	2.701947e+01	3.516756e+02
2.080000e-06	3.712359e-06	5.305617e-09	2.649407e+01	3.480309e+02
2.090000e-06	3.637373e-06	5.222867e-09	2.595892e+01	3.442711e+02
2.100000e-06	3.560955e-06	5.170054e-09	2.541355e+01	3.403881e+02
2.110000e-06	3.483015e-06	5.127611e-09	2.485731e+01	3.363803e+02
2.120000e-06	3.403629e-06	5.084501e-09	2.429076e+01	3.322526e+02
2.130000e-06	3.323045e-06	5.004889e-09	2.371565e+01	3.280142e+02
2.140000e-06	3.241374e-06	4.949628e-09	2.313279e+01	3.236757e+02
2.150000e-06	3.158640e-06	4.871959e-09	2.254234e+01	3.192459e+02
2.160000e-06	3.074895e-06	4.802583e-09	2.194468e+01	3.147299e+02
2.170000e-06	2.990121e-06	4.740890e-09	2.133967e+01	3.101277e+02
2.180000e-06	2.904030e-06	4.667924e-09	2.072526e+01	3.054349e+02
2.190000e-06	2.816649e-06	4.586886e-09	2.010165e+01	3.006439e+02
2.200000e-06	2.728319e-06	4.502805e-09	1.947125e+01	2.957461e+02
2.210000e-06	2.639081e-06	4.446617e-09	1.883439e+01	2.907339e+02
2.220000e-06	2.548893e-06	4.375007e-09	1.819074e+01	2.856018e+02
2.230000e-06	2.457850e-06	4.283238e-09	1.754100e+01	2.803471e+02
2.240000e-06	2.366055e-06	4.190547e-09	1.688588e+01	2.749693e+02
2.250000e-06	2.273537e-06	4.111334e-09	1.622560e+01	2.694691e+02
2.260000e-06	2.180233e-06	4.033604e-09	1.555972e+01	2.638473e+02
2.270000e-06	2.085907e-06	3.953054e-09	1.488654e+01	2.581039e+02
2.280000e-06	1.990513e-06	3.866499e-09	1.420574e+01	2.522378e+02
2.290000e-06	1.894387e-06	3.762514e-09	1.351971e+01	2.462472e+02
2.300000e-06	1.797767e-06	3.653085e-09	1.283016e+01	2.401306e+02
2.310000e-06	1.700658e-06	3.552659e-09	1.213712e+01	2.338869e+02
2.320000e-06	1.602997e-06	3.472821e-09	1.144015e+01	2.275163e+02
2.330000e-06	1.504818e-06	3.390186e-09	1.073947e+01	2.210201e+02
2.340000e-06	1.406141e-06	3.289412e-09	1.003524e+01	2.143999e+02
2.350000e-06	1.306970e-06	3.177952e-09	9.327480e+00	2.076566e+02
2.360000e-06	1.207414e-06	3.068062e-09	8.616981e+00	2.007889e+02
2.370000e-06	1.107593e-06	2.962285e-09	7.904582e+00	1.937930e+02
2.380000e-06	1.007533e-06	2.858321e-09	7.190482e+00	1.866620e+02
2.390000e-06	9.071331e-07	2.751625e-09	6.473958e+00	1.793867e+02
2.400000e-06	8.063644e-07	2.635446e-09	5.754800e+00	1.719567e+02
2.410000e-06	7.053035e-07	2.514778e-09	5.033556e+00	1.643622e+02
2.420000e-06	6.040014e-07	2.393748e-09	4.310591e+00	1.565946e+02
2.430000e-06	5.024516e-07	2.276969e-09	3.585858e+00	1.486478e+02
2.440000e-06	4.007116e-07	2.156365e-09	2.859768e+00	1.405178e+02
2.450000e-06	2.988170e-07	2.025266e-09	2.132574e+00	1.322016e+02
2.460000e-06	1.966790e-07	1.890386e-09	1.403644e+00	1.236960e+02
2.470000e-06	9.436329e-08	1.759592e-09	6.734447e-01	1.149965e+02
2.480000e-06	-7.991269e-09	1.630873e-09	-5.703147e-02	1.060959e+02
2.490000e-06	-1.103260e-07	1.495949e-09	-7.873661e-01	9.698456e+01
2.500000e-06	-2.126691e-07	1.350591e-09	-1.517761e+00	8.765148e+01
2.510000e-06	-3.149022e-07	1.198791e-09	-2.247370e+00	7.808575e+01
2.520000e-06	-4.169466e-07	1.048732e-09	-2.975633e+00	6.827848e+01
2.530000e-06	-5.188988e-07	8.998910e-10	-3.703237e+00	5.822435e+01
2.540000e-06	-6.206694e-07	7.502223e-10	-4.429546e+00	4.792225e+01
2.550000e-06	-7.221084e-07	5.947709e-10	-5.153488e+00	3.737487e+01
2.560000e-06	-8.231995e-07	4.286961e-10	-5.874947e+00	2.658730e+01
2.570000e-06	-9.239289e-07	2.566218e-10	-6.593825e+00	1.556507e+01
2.580000e-06	-1.024337e-06	8.648791e-11	-7.310412e+00	4.312394e+00
2.590000e-06	-1.124486e-06	-8.173760e-11	-8.025143e+00	-7.168680e+00
2.600000e-06	-1.224215e-06	-2.576918e-10	-8.736884e+00	-1.887769e+01
2.610000e-06	-1.323444e-06	-4.450572e-10	-9.445052e+00	-3.081351e+01
2.620000e-06	-1.422216e-06	-6.361487e-10	-1.014996e+01	-4.297088e+01
2.630000e-06	-1.520525e-06	-8.264665e-10	-1.085157e+01	-5.533624e+01
2.640000e-06	-1.618303e-06	-1.017317e-09	-1.154938e+01	-6.788414e+01
2.650000e-06	-1.715491e-06	-1.210116e-09	-1.224299e+01	-8.057504e+01
2.660000e-06	-1.812156e-06	-1.407324e-09	-1.293285e+01	-9.335534e+01
2.670000e-06	-1.908328e-06	-1.607893e-09	-1.361921e+01	-1.061600e+02
2.680000e-06	-2.003874e-06	-1.808497e-09	-1.430109e+01	-1.189170e+02
2.690000e-06	-2.098618e-06	-2.003337e-09	-1.497726e+01	-1.315541e+02
2.700000e-06	-2.192449e-06	-2.193094e-09	-1.564690e+01	-1.440041e+02
2.710000e-06	-2.285318e-06	-2.381808e-09	-1.630968e+01	-1.562110e+02
2.720000e-06	-2.377266e-06	-2.567441e-09	-1.696589e+01	-1.681325e+02
2.730000e-06	-2.468361e-06	-2.745477e-09	-1.761601e+01	-1.797412e+02
2.740000e-06	-2.558604e-06	-2.912239e-09	-1.826005e+01	-1.910218e+02
2.750000e-06	-2.647931e-06	-3.073696e-09	-1.889755e+01	-2.019686e+02
2.760000e-06	-2.736437e-06	-3.234013e-09	-1.952919e+01	-2.125802e+02
2.770000e-06	-2.824163e-06	-3.393116e-09	-2.015527e+01	-2.228557e+02
2.780000e-06	-2.910922e-06	-3.549211e-09	-2.077444e+01	-2.327921e+02
2.790000e-06	-2.996480e-06	-3.696299e-09	-2.138505e+01	-2.423832e+02
2.800000e-06	-3.080822e-06	-3.833509e-09	-2.198697e+01	-2.516207e+02
2.810000e-06	-3.164119e-06	-3.964905e-09	-2.258144e+01	-2.604960e+02
2.820000e-06	-3.246358e-06	-4.095521e-09	-2.316836e+01	-2.690037e+02
2.830000e-06	-3.327516e-06	-4.224729e-09	-2.374756e+01	-2.771432e+02
2.840000e-06	-3.407655e-06	-4.348293e-09	-2.431949e+01	-2.849209e+02
2.850000e-06	-3.486628e-06	-4.464701e-09	-2.488310e+01	-2.923493e+02
2.860000e-06	-3.564129e-06	-4.572839e-09	-2.543620e+01	-2.994465e+02
2.870000e-06	-3.640044e-06	-4.675921e-09	-2.597798e+01	-3.062332e+02
2.880000e-06	-3.714475e-06	-4.775887e-09	-2.650918e+01	-3.127308e+02
2.890000e-06	-3.787630e-06	-4.871663e-09	-2.703127e+01	-3.189590e+02
2.900000e-06	-3.859544e-06	-4.962957e-09	-2.754450e+01	-3.249348e+02
2.910000e-06	-3.929951e-06	-5.049713e-09	-2.804697e+01	-3.306724e+02
2.920000e-06	-3.998723e-06	-5.135181e-09	-2.853778e+01	-3.361838e+02
2.930000e-06	-4.066053e-06	-5.218257e-09	-2.901829e+01	-3.414798e+02
2.940000e-06	-4.132018e-06	-5.296964e-09	-2.948907e+01	-3.465712e+02
2.950000e-06	-4.196644e-06	-5.372293e-09	-2.995029e+01	-3.514687e+02
2.960000e-06	-4.259876e-06	-5.443571e-09	-3.040155e+01	-3.561829e+02
2.970000e-06	-4.321400e-06	-5.512164e-09	-3.084063e+01	-3.607229e+02
2.980000e-06	-4.381234e-06	-5.578698e-09	-3.126765e+01	-3.650953e+02
2.990000e-06	-4.439621e-06	-5.645096e-09	-3.168435e+01	-3.693029e+02
3.000000e-06	-4.496480e-06	-5.709097e-09	-3.209014e+01	-3.733448e+02
3.010000e-06	-4.551692e-06	-5.769108e-09	-3.248416e+01	-3.772166e+02
3.020000e-06	-4.605051e-06	-5.827406e-09	-3.286498e+01	-3.809124e+02
3.030000e-06	-4.656448e-06	-5.883038e-09	-3.323178e+01	-3.844267e+02
3.040000e-06	-4.705970e-06	-5.935243e-09	-3.358521e+01	-3.877564e+02
3.050000e-06	-4.753511e-06	-5.984542e-09	-3.392449e+01	-3.909023e+02
3.060000e-06	-4.799301e-06	-6.032439e-09	-3.425128e+01	-3.938695e+02
3.070000e-06	-4.843645e-06	-6.078533e-09	-3.456775e+01	-3.966663e+02
3.080000e-06	-4.886522e-06	-6.119367e-09	-3.487375e+01	-3.993026e+02
3.090000e-06	-4.927890e-06	-6.156763e-09	-3.516899e+01	-4.017877e+02
3.100000e-06	-4.967638e-06	-6.194417e-09	-3.545266e+01	-4.041286e+02
3.110000e-06	-5.005498e-06	-6.230923e-09	-3.572285e+01	-4.063288e+02
3.120000e-06	-5.041437e-06	-6.262972e-09	-3.597934e+01	-4.083886e+02
3.130000e-06	-5.075720e-06	-6.292214e-09	-3.622401e+01	-4.103067e+02
3.140000e-06	-5.108460e-06	-6.320267e-09	-3.645767e+01	-4.120822e+02
3.150000e-06	-5.139334e-06	-6.345674e-09	-3.667800e+01	-4.137167e+02
3.160000e-06	-5.168134e-06	-6.370678e-09	-3.688354e+01	-4.152157e+02
3.170000e-06	-5.195114e-06	-6.394722e-09	-3.707609e+01	-4.165889e+02
3.180000e-06	-5.220354e-06	-6.415306e-09	-3.725622e+01	-4.178487e+02
3.190000e-06	-5.243753e-06	-6.431235e-09	-3.742322e+01	-4.190077e+02
3.200000e-06	-5.265136e-06	-6.447509e-09	-3.757582e+01	-4.200758e+02
3.210000e-06	-5.284607e-06	-6.464559e-09	-3.771478e+01	-4.210578e+02
3.220000e-06	-5.302348e-06	-6.478561e-09	-3.784139e+01	-4.219516e+02
3.230000e-06	-5.318250e-06	-6.488480e-09	-3.795488e+01	-4.227494e+02
3.240000e-06	-5.332001e-06	-6.495085e-09	-3.805302e+01	-4.234397e+02
3.250000e-06	-5.343505e-06	-6.502246e-09	-3.813512e+01	-4.240111e+02
3.260000e-06	-5.353077e-06	-6.509091e-09	-3.820343e+01	-4.244557e+02
3.270000e-06	-5.360876e-06	-6.513637e-09	-3.825909e+01	-4.247732e+02
3.280000e-06	-5.366639e-06	-6.515573e-09	-3.830022e+01	-4.249711e+02
3.290000e-06	-5.370379e-06	-6.514531e-09	-3.832691e+01	-4.250643e+02
3.300000e-06	-5.372379e-06	-6.515105e-09	-3.834118e+01	-4.250715e+02
3.310000e-06	-5.372663e-06	-6.515200e-09	-3.834321e+01	-4.250106e+02
