# Temperatura_=_59.76
# Concentracion g/m^3_=_15000.0
# C_Vs_to_Am_M_A/Vsm_=_65563218390.804596
# pendiente_HvsI_1/m_=_3716.3
# ordenada_HvsI_A/m_=_1297.0
# frecuencia_Hz_=_301590.4037613989

Tiempo_(s)	Campo_(V.s)	Magnetizacion_(V.s)	Campo_(kA/m)	Magnetizacion_(A/m)
0.000000e+00	-5.351739e-06	-6.649176e-09	-3.833497e+01	-4.347500e+02
1.000000e-08	-5.348975e-06	-6.645694e-09	-3.831518e+01	-4.345809e+02
2.000000e-08	-5.344456e-06	-6.638974e-09	-3.828280e+01	-4.343384e+02
3.000000e-08	-5.338304e-06	-6.630786e-09	-3.823874e+01	-4.340136e+02
4.000000e-08	-5.330586e-06	-6.622951e-09	-3.818345e+01	-4.335938e+02
5.000000e-08	-5.321125e-06	-6.613664e-09	-3.811568e+01	-4.330656e+02
6.000000e-08	-5.309675e-06	-6.602935e-09	-3.803367e+01	-4.324197e+02
7.000000e-08	-5.296323e-06	-6.593361e-09	-3.793802e+01	-4.316542e+02
8.000000e-08	-5.280882e-06	-6.582041e-09	-3.782741e+01	-4.307765e+02
9.000000e-08	-5.263131e-06	-6.590124e-09	-3.770026e+01	-4.298033e+02
1.000000e-07	-5.243303e-06	-6.592018e-09	-3.755824e+01	-4.287576e+02
1.100000e-07	-5.221657e-06	-6.553488e-09	-3.740318e+01	-4.276641e+02
1.200000e-07	-5.198335e-06	-6.512272e-09	-3.723613e+01	-4.265440e+02
1.300000e-07	-5.173484e-06	-6.484669e-09	-3.705812e+01	-4.254099e+02
1.400000e-07	-5.146962e-06	-6.443379e-09	-3.686813e+01	-4.242626e+02
1.500000e-07	-5.118791e-06	-6.473441e-09	-3.666635e+01	-4.230905e+02
1.600000e-07	-5.089191e-06	-6.481439e-09	-3.645432e+01	-4.218717e+02
1.700000e-07	-5.057971e-06	-6.428485e-09	-3.623069e+01	-4.205785e+02
1.800000e-07	-5.024687e-06	-6.431888e-09	-3.599227e+01	-4.191828e+02
1.900000e-07	-4.989512e-06	-6.361541e-09	-3.574031e+01	-4.176615e+02
2.000000e-07	-4.952904e-06	-6.286309e-09	-3.547808e+01	-4.160011e+02
2.100000e-07	-4.914621e-06	-6.292056e-09	-3.520386e+01	-4.141989e+02
2.200000e-07	-4.874518e-06	-6.262851e-09	-3.491659e+01	-4.122625e+02
2.300000e-07	-4.832510e-06	-6.264649e-09	-3.461569e+01	-4.102064e+02
2.400000e-07	-4.788597e-06	-6.267751e-09	-3.430114e+01	-4.080480e+02
2.500000e-07	-4.742914e-06	-6.198907e-09	-3.397391e+01	-4.058023e+02
2.600000e-07	-4.695342e-06	-6.146937e-09	-3.363315e+01	-4.034791e+02
2.700000e-07	-4.645727e-06	-6.092406e-09	-3.327775e+01	-4.010804e+02
2.800000e-07	-4.594017e-06	-6.076339e-09	-3.290735e+01	-3.986016e+02
2.900000e-07	-4.540477e-06	-6.061718e-09	-3.252383e+01	-3.960334e+02
3.000000e-07	-4.485386e-06	-6.005521e-09	-3.212921e+01	-3.933653e+02
3.100000e-07	-4.428676e-06	-5.956070e-09	-3.172299e+01	-3.905893e+02
3.200000e-07	-4.370098e-06	-5.899963e-09	-3.130339e+01	-3.877020e+02
3.300000e-07	-4.309857e-06	-5.861601e-09	-3.087188e+01	-3.847062e+02
3.400000e-07	-4.248195e-06	-5.821866e-09	-3.043019e+01	-3.816095e+02
3.500000e-07	-4.185180e-06	-5.769035e-09	-2.997881e+01	-3.784222e+02
3.600000e-07	-4.120822e-06	-5.719515e-09	-2.951781e+01	-3.751543e+02
3.700000e-07	-4.054766e-06	-5.664896e-09	-2.904464e+01	-3.718124e+02
3.800000e-07	-3.987058e-06	-5.623771e-09	-2.855964e+01	-3.683981e+02
3.900000e-07	-3.918021e-06	-5.573235e-09	-2.806512e+01	-3.649074e+02
4.000000e-07	-3.847702e-06	-5.504958e-09	-2.756142e+01	-3.613319e+02
4.100000e-07	-3.776235e-06	-5.442227e-09	-2.704950e+01	-3.576610e+02
4.200000e-07	-3.703530e-06	-5.380004e-09	-2.652871e+01	-3.538848e+02
4.300000e-07	-3.629155e-06	-5.339978e-09	-2.599595e+01	-3.499965e+02
4.400000e-07	-3.553142e-06	-5.299705e-09	-2.545146e+01	-3.459936e+02
4.500000e-07	-3.475791e-06	-5.242312e-09	-2.489739e+01	-3.418783e+02
4.600000e-07	-3.397109e-06	-5.161857e-09	-2.433378e+01	-3.376556e+02
4.700000e-07	-3.317052e-06	-5.072758e-09	-2.376033e+01	-3.333320e+02
4.800000e-07	-3.235725e-06	-5.006763e-09	-2.317778e+01	-3.289125e+02
4.900000e-07	-3.153207e-06	-4.949153e-09	-2.258669e+01	-3.243990e+02
5.000000e-07	-3.069687e-06	-4.886194e-09	-2.198844e+01	-3.197898e+02
5.100000e-07	-2.985367e-06	-4.809629e-09	-2.138445e+01	-3.150792e+02
5.200000e-07	-2.900052e-06	-4.728965e-09	-2.077332e+01	-3.102597e+02
5.300000e-07	-2.813604e-06	-4.648407e-09	-2.015409e+01	-3.053233e+02
5.400000e-07	-2.726252e-06	-4.576183e-09	-1.952838e+01	-3.002640e+02
5.500000e-07	-2.638229e-06	-4.504979e-09	-1.889787e+01	-2.950784e+02
5.600000e-07	-2.549154e-06	-4.419923e-09	-1.825981e+01	-2.897667e+02
5.700000e-07	-2.458722e-06	-4.328629e-09	-1.761204e+01	-2.843319e+02
5.800000e-07	-2.367266e-06	-4.241884e-09	-1.695693e+01	-2.787781e+02
5.900000e-07	-2.275096e-06	-4.163702e-09	-1.629671e+01	-2.731090e+02
6.000000e-07	-2.182222e-06	-4.078316e-09	-1.563145e+01	-2.673265e+02
6.100000e-07	-2.088573e-06	-3.982075e-09	-1.496063e+01	-2.614301e+02
6.200000e-07	-1.994162e-06	-3.885354e-09	-1.428436e+01	-2.554166e+02
6.300000e-07	-1.899030e-06	-3.793201e-09	-1.360292e+01	-2.492816e+02
6.400000e-07	-1.803314e-06	-3.703939e-09	-1.291729e+01	-2.430206e+02
6.500000e-07	-1.707044e-06	-3.613536e-09	-1.222771e+01	-2.366302e+02
6.600000e-07	-1.610095e-06	-3.514397e-09	-1.153325e+01	-2.301092e+02
6.700000e-07	-1.512342e-06	-3.401649e-09	-1.083303e+01	-2.234584e+02
6.800000e-07	-1.413788e-06	-3.287415e-09	-1.012709e+01	-2.166800e+02
6.900000e-07	-1.314619e-06	-3.182667e-09	-9.416729e+00	-2.097761e+02
7.000000e-07	-1.215036e-06	-3.085530e-09	-8.703406e+00	-2.027474e+02
7.100000e-07	-1.115185e-06	-2.981668e-09	-7.988166e+00	-1.955917e+02
7.200000e-07	-1.015156e-06	-2.866744e-09	-7.271648e+00	-1.883035e+02
7.300000e-07	-9.149075e-07	-2.749959e-09	-6.553562e+00	-1.808747e+02
7.400000e-07	-8.143523e-07	-2.635852e-09	-5.833276e+00	-1.732953e+02
7.500000e-07	-7.135419e-07	-2.522207e-09	-5.111163e+00	-1.655547e+02
7.600000e-07	-6.124476e-07	-2.404438e-09	-4.387016e+00	-1.576440e+02
7.700000e-07	-5.111391e-07	-2.279142e-09	-3.661334e+00	-1.495558e+02
7.800000e-07	-4.096931e-07	-2.147480e-09	-2.934667e+00	-1.412850e+02
7.900000e-07	-3.080571e-07	-2.016240e-09	-2.206640e+00	-1.328279e+02
8.000000e-07	-2.062580e-07	-1.887915e-09	-1.477444e+00	-1.241811e+02
8.100000e-07	-1.043451e-07	-1.757404e-09	-7.474327e-01	-1.153399e+02
8.200000e-07	-2.345424e-09	-1.618520e-09	-1.680048e-02	-1.062977e+02
8.300000e-07	9.966791e-08	-1.471925e-09	7.139299e-01	-9.704549e+01
8.400000e-07	2.016051e-07	-1.322532e-09	1.444115e+00	-8.757297e+01
8.500000e-07	3.034607e-07	-1.174654e-09	2.173716e+00	-7.786966e+01
8.600000e-07	4.052635e-07	-1.024497e-09	2.902938e+00	-6.792678e+01
8.700000e-07	5.070034e-07	-8.668127e-10	3.631709e+00	-5.773862e+01
8.800000e-07	6.085597e-07	-7.024386e-10	4.359166e+00	-4.730333e+01
8.900000e-07	7.098747e-07	-5.369276e-10	5.084894e+00	-3.662262e+01
9.000000e-07	8.109280e-07	-3.713311e-10	5.808748e+00	-2.570057e+01
9.100000e-07	9.117244e-07	-2.014684e-10	6.530761e+00	-1.454189e+01
9.200000e-07	1.012249e-06	-2.803050e-11	7.250826e+00	-3.150358e+00
9.300000e-07	1.112476e-06	1.485756e-10	7.968765e+00	8.471998e+00
9.400000e-07	1.212393e-06	3.288995e-10	8.684478e+00	2.032435e+01
9.500000e-07	1.311943e-06	5.127952e-10	9.397561e+00	3.240498e+01
9.600000e-07	1.411025e-06	6.988881e-10	1.010729e+01	4.470799e+01
9.700000e-07	1.509440e-06	8.872801e-10	1.081225e+01	5.721942e+01
9.800000e-07	1.607054e-06	1.078809e-09	1.151147e+01	6.991375e+01
9.900000e-07	1.703843e-06	1.272631e-09	1.220478e+01	8.275180e+01
1.000000e-06	1.799939e-06	1.465260e-09	1.289312e+01	9.568074e+01
1.010000e-06	1.895426e-06	1.656952e-09	1.357710e+01	1.086365e+02
1.020000e-06	1.990197e-06	1.849958e-09	1.425595e+01	1.215484e+02
1.030000e-06	2.084267e-06	2.043232e-09	1.492979e+01	1.343451e+02
1.040000e-06	2.177665e-06	2.235380e-09	1.559880e+01	1.469604e+02
1.050000e-06	2.270359e-06	2.423961e-09	1.626278e+01	1.593391e+02
1.060000e-06	2.362403e-06	2.608718e-09	1.692210e+01	1.714395e+02
1.070000e-06	2.453694e-06	2.787554e-09	1.757602e+01	1.832347e+02
1.080000e-06	2.543951e-06	2.960926e-09	1.822254e+01	1.947101e+02
1.090000e-06	2.633035e-06	3.131243e-09	1.886066e+01	2.058604e+02
1.100000e-06	2.721070e-06	3.297378e-09	1.949126e+01	2.166847e+02
1.110000e-06	2.808206e-06	3.456494e-09	2.011543e+01	2.271824e+02
1.120000e-06	2.894438e-06	3.611292e-09	2.073311e+01	2.373501e+02
1.130000e-06	2.979750e-06	3.762675e-09	2.134421e+01	2.471808e+02
1.140000e-06	3.064174e-06	3.908240e-09	2.194894e+01	2.566641e+02
1.150000e-06	3.147678e-06	4.045957e-09	2.254709e+01	2.657891e+02
1.160000e-06	3.230074e-06	4.177041e-09	2.313730e+01	2.745470e+02
1.170000e-06	3.311216e-06	4.303231e-09	2.371853e+01	2.829340e+02
1.180000e-06	3.391171e-06	4.424750e-09	2.429126e+01	2.909529e+02
1.190000e-06	3.469964e-06	4.541061e-09	2.485566e+01	2.986136e+02
1.200000e-06	3.547582e-06	4.650964e-09	2.541164e+01	3.059324e+02
1.210000e-06	3.624003e-06	4.757349e-09	2.595905e+01	3.129291e+02
1.220000e-06	3.698970e-06	4.859592e-09	2.649604e+01	3.196251e+02
1.230000e-06	3.772329e-06	4.955496e-09	2.702152e+01	3.260409e+02
1.240000e-06	3.844214e-06	5.046208e-09	2.753644e+01	3.321946e+02
1.250000e-06	3.914726e-06	5.135380e-09	2.804152e+01	3.381017e+02
1.260000e-06	3.983838e-06	5.223541e-09	2.853658e+01	3.437751e+02
1.270000e-06	4.051603e-06	5.307438e-09	2.902198e+01	3.492267e+02
1.280000e-06	4.117876e-06	5.386456e-09	2.949671e+01	3.544681e+02
1.290000e-06	4.182499e-06	5.462251e-09	2.995960e+01	3.595110e+02
1.300000e-06	4.245612e-06	5.534515e-09	3.041169e+01	3.643674e+02
1.310000e-06	4.307307e-06	5.603977e-09	3.085362e+01	3.690483e+02
1.320000e-06	4.367690e-06	5.672625e-09	3.128614e+01	3.735624e+02
1.330000e-06	4.426647e-06	5.740863e-09	3.170846e+01	3.779148e+02
1.340000e-06	4.483795e-06	5.805737e-09	3.211781e+01	3.821064e+02
1.350000e-06	4.539138e-06	5.865821e-09	3.251424e+01	3.861336e+02
1.360000e-06	4.592893e-06	5.921263e-09	3.289929e+01	3.899900e+02
1.370000e-06	4.644907e-06	5.973508e-09	3.327187e+01	3.936678e+02
1.380000e-06	4.694937e-06	6.023827e-09	3.363025e+01	3.971605e+02
1.390000e-06	4.743038e-06	6.073410e-09	3.397480e+01	4.004647e+02
1.400000e-06	4.789431e-06	6.121387e-09	3.430711e+01	4.035810e+02
1.410000e-06	4.834297e-06	6.166179e-09	3.462849e+01	4.065144e+02
1.420000e-06	4.877600e-06	6.207731e-09	3.493868e+01	4.092732e+02
1.430000e-06	4.919004e-06	6.244978e-09	3.523526e+01	4.118669e+02
1.440000e-06	4.958547e-06	6.279308e-09	3.551851e+01	4.143045e+02
1.450000e-06	4.996472e-06	6.310646e-09	3.579017e+01	4.165928e+02
1.460000e-06	5.032816e-06	6.340102e-09	3.605050e+01	4.187358e+02
1.470000e-06	5.067420e-06	6.369510e-09	3.629837e+01	4.207351e+02
1.480000e-06	5.100049e-06	6.398666e-09	3.653209e+01	4.225906e+02
1.490000e-06	5.130864e-06	6.425607e-09	3.675282e+01	4.243030e+02
1.500000e-06	5.160074e-06	6.447684e-09	3.696206e+01	4.258748e+02
1.510000e-06	5.187561e-06	6.466093e-09	3.715895e+01	4.273114e+02
1.520000e-06	5.213000e-06	6.483991e-09	3.734118e+01	4.286208e+02
1.530000e-06	5.236399e-06	6.502688e-09	3.750878e+01	4.298126e+02
1.540000e-06	5.258008e-06	6.520212e-09	3.766357e+01	4.308963e+02
1.550000e-06	5.277923e-06	6.534948e-09	3.780622e+01	4.318787e+02
1.560000e-06	5.296042e-06	6.546899e-09	3.793601e+01	4.327633e+02
1.570000e-06	5.312167e-06	6.557004e-09	3.805152e+01	4.335490e+02
1.580000e-06	5.326267e-06	6.566209e-09	3.815251e+01	4.342317e+02
1.590000e-06	5.338358e-06	6.576133e-09	3.823912e+01	4.348058e+02
1.600000e-06	5.348313e-06	6.585799e-09	3.831043e+01	4.352669e+02
1.610000e-06	5.356206e-06	6.592883e-09	3.836697e+01	4.356136e+02
1.620000e-06	5.362222e-06	6.598461e-09	3.841006e+01	4.358495e+02
1.630000e-06	5.366464e-06	6.602153e-09	3.844045e+01	4.359822e+02
1.640000e-06	5.368828e-06	6.604631e-09	3.845738e+01	4.360228e+02
1.650000e-06	5.369193e-06	6.607007e-09	3.846000e+01	4.359821e+02
1.660000e-06	5.367750e-06	6.606320e-09	3.844966e+01	4.358681e+02
1.670000e-06	5.364686e-06	6.601434e-09	3.842771e+01	4.356833e+02
1.680000e-06	5.359991e-06	6.598528e-09	3.839408e+01	4.354238e+02
1.690000e-06	5.353334e-06	6.596061e-09	3.834640e+01	4.350796e+02
1.700000e-06	5.344809e-06	6.590945e-09	3.828533e+01	4.346373e+02
1.710000e-06	5.334712e-06	6.584163e-09	3.821300e+01	4.340842e+02
1.720000e-06	5.322922e-06	6.575049e-09	3.812855e+01	4.334122e+02
1.730000e-06	5.309224e-06	6.562941e-09	3.803043e+01	4.326214e+02
1.740000e-06	5.293475e-06	6.528519e-09	3.791763e+01	4.317213e+02
1.750000e-06	5.275391e-06	6.493724e-09	3.778808e+01	4.307302e+02
1.760000e-06	5.254642e-06	6.501698e-09	3.763946e+01	4.296719e+02
1.770000e-06	5.231610e-06	6.508885e-09	3.747448e+01	4.285708e+02
1.780000e-06	5.207294e-06	6.506760e-09	3.730030e+01	4.274468e+02
1.790000e-06	5.182241e-06	6.482723e-09	3.712084e+01	4.263099e+02
1.800000e-06	5.155771e-06	6.390019e-09	3.693124e+01	4.251583e+02
1.810000e-06	5.127120e-06	6.400145e-09	3.672601e+01	4.239780e+02
1.820000e-06	5.096685e-06	6.420128e-09	3.650800e+01	4.227455e+02
1.830000e-06	5.064610e-06	6.374004e-09	3.627824e+01	4.214323e+02
1.840000e-06	5.030565e-06	6.444609e-09	3.603437e+01	4.200110e+02
1.850000e-06	4.994926e-06	6.449928e-09	3.577909e+01	4.184605e+02
1.860000e-06	4.957525e-06	6.391304e-09	3.551119e+01	4.167692e+02
1.870000e-06	4.918215e-06	6.387995e-09	3.522960e+01	4.149370e+02
1.880000e-06	4.877251e-06	6.274463e-09	3.493617e+01	4.129732e+02
1.890000e-06	4.834473e-06	6.237380e-09	3.462975e+01	4.108935e+02
1.900000e-06	4.790126e-06	6.263086e-09	3.431209e+01	4.087149e+02
1.910000e-06	4.744017e-06	6.217348e-09	3.398181e+01	4.064518e+02
1.920000e-06	4.695834e-06	6.242020e-09	3.363667e+01	4.041122e+02
1.930000e-06	4.646031e-06	6.156543e-09	3.327993e+01	4.016967e+02
1.940000e-06	4.594509e-06	6.084005e-09	3.291087e+01	3.991993e+02
1.950000e-06	4.540910e-06	6.081582e-09	3.252694e+01	3.966102e+02
1.960000e-06	4.485371e-06	6.010272e-09	3.212910e+01	3.939192e+02
1.970000e-06	4.428111e-06	6.000746e-09	3.171894e+01	3.911191e+02
1.980000e-06	4.369395e-06	5.948942e-09	3.129836e+01	3.882079e+02
1.990000e-06	4.309189e-06	5.901761e-09	3.086710e+01	3.851894e+02
2.000000e-06	4.247271e-06	5.867505e-09	3.042357e+01	3.820721e+02
2.010000e-06	4.183774e-06	5.785232e-09	2.996874e+01	3.788665e+02
2.020000e-06	4.118850e-06	5.765668e-09	2.950368e+01	3.755820e+02
2.030000e-06	4.052459e-06	5.695268e-09	2.902812e+01	3.722244e+02
2.040000e-06	3.984757e-06	5.654790e-09	2.854316e+01	3.687939e+02
2.050000e-06	3.915669e-06	5.616121e-09	2.804828e+01	3.652855e+02
2.060000e-06	3.844933e-06	5.542678e-09	2.754159e+01	3.616902e+02
2.070000e-06	3.772792e-06	5.510120e-09	2.702484e+01	3.579972e+02
2.080000e-06	3.699411e-06	5.416558e-09	2.649920e+01	3.541971e+02
2.090000e-06	3.624652e-06	5.346659e-09	2.596370e+01	3.502840e+02
2.100000e-06	3.548527e-06	5.277783e-09	2.541841e+01	3.462565e+02
2.110000e-06	3.470823e-06	5.223038e-09	2.486181e+01	3.421173e+02
2.120000e-06	3.391633e-06	5.191324e-09	2.429456e+01	3.378722e+02
2.130000e-06	3.311357e-06	5.121069e-09	2.371954e+01	3.335274e+02
2.140000e-06	3.229963e-06	5.061404e-09	2.313651e+01	3.290874e+02
2.150000e-06	3.147423e-06	4.975929e-09	2.254526e+01	3.245534e+02
2.160000e-06	3.063938e-06	4.895086e-09	2.194725e+01	3.199227e+02
2.170000e-06	2.979549e-06	4.824991e-09	2.134277e+01	3.151892e+02
2.180000e-06	2.893712e-06	4.764929e-09	2.072791e+01	3.103450e+02
2.190000e-06	2.806483e-06	4.692923e-09	2.010308e+01	3.053824e+02
2.200000e-06	2.718377e-06	4.600542e-09	1.947197e+01	3.002958e+02
2.210000e-06	2.629384e-06	4.523681e-09	1.883451e+01	2.950828e+02
2.220000e-06	2.539483e-06	4.446030e-09	1.819054e+01	2.897442e+02
2.230000e-06	2.448686e-06	4.370223e-09	1.754015e+01	2.842832e+02
2.240000e-06	2.357138e-06	4.283082e-09	1.688438e+01	2.787041e+02
2.250000e-06	2.265034e-06	4.199540e-09	1.622464e+01	2.730103e+02
2.260000e-06	2.172220e-06	4.110892e-09	1.555980e+01	2.672033e+02
2.270000e-06	2.078273e-06	4.012222e-09	1.488685e+01	2.612818e+02
2.280000e-06	1.983161e-06	3.917775e-09	1.420556e+01	2.552424e+02
2.290000e-06	1.887320e-06	3.822877e-09	1.351904e+01	2.490805e+02
2.300000e-06	1.791009e-06	3.723979e-09	1.282915e+01	2.427917e+02
2.310000e-06	1.694237e-06	3.621931e-09	1.213597e+01	2.363730e+02
2.320000e-06	1.596898e-06	3.529418e-09	1.143872e+01	2.298238e+02
2.330000e-06	1.498978e-06	3.441223e-09	1.073731e+01	2.231451e+02
2.340000e-06	1.400520e-06	3.345541e-09	1.003204e+01	2.163394e+02
2.350000e-06	1.301596e-06	3.232859e-09	9.323443e+00	2.094085e+02
2.360000e-06	1.202360e-06	3.115133e-09	8.612612e+00	2.023525e+02
2.370000e-06	1.102873e-06	3.000992e-09	7.899975e+00	1.951687e+02
2.380000e-06	1.003158e-06	2.890014e-09	7.185710e+00	1.878509e+02
2.390000e-06	9.032233e-07	2.781919e-09	6.469867e+00	1.803904e+02
2.400000e-06	8.029816e-07	2.668949e-09	5.751827e+00	1.727770e+02
2.410000e-06	7.024040e-07	2.547932e-09	5.031381e+00	1.650004e+02
2.420000e-06	6.015984e-07	2.420700e-09	4.309302e+00	1.570518e+02
2.430000e-06	5.006181e-07	2.296640e-09	3.585971e+00	1.489246e+02
2.440000e-06	3.993672e-07	2.178110e-09	2.860702e+00	1.406139e+02
2.450000e-06	2.978991e-07	2.053941e-09	2.133877e+00	1.321162e+02
2.460000e-06	1.963031e-07	1.916540e-09	1.406136e+00	1.234279e+02
2.470000e-06	9.451910e-08	1.775954e-09	6.770486e-01	1.145439e+02
2.480000e-06	-7.408884e-09	1.637891e-09	-5.307048e-02	1.054572e+02
2.490000e-06	-1.093702e-07	1.501270e-09	-7.834283e-01	9.615843e+01
2.500000e-06	-2.112670e-07	1.359884e-09	-1.513324e+00	8.663701e+01
2.510000e-06	-3.130760e-07	1.210966e-09	-2.242590e+00	7.688272e+01
2.520000e-06	-4.147192e-07	1.059440e-09	-2.970670e+00	6.688734e+01
2.530000e-06	-5.161829e-07	9.040952e-10	-3.697463e+00	5.664595e+01
2.540000e-06	-6.174680e-07	7.475855e-10	-4.422977e+00	4.615753e+01
2.550000e-06	-7.184733e-07	5.898883e-10	-5.146487e+00	3.542441e+01
2.560000e-06	-8.190904e-07	4.247221e-10	-5.867216e+00	2.445097e+01
2.570000e-06	-9.193758e-07	2.504726e-10	-6.585569e+00	1.324184e+01
2.580000e-06	-1.019419e-06	7.272828e-11	-7.302190e+00	1.800443e+00
2.590000e-06	-1.119123e-06	-1.040483e-10	-8.016376e+00	-9.871551e+00
2.600000e-06	-1.218455e-06	-2.826985e-10	-8.727896e+00	-2.177334e+01
2.610000e-06	-1.317398e-06	-4.686446e-10	-9.436637e+00	-3.390263e+01
2.620000e-06	-1.415894e-06	-6.605971e-10	-1.014217e+01	-4.625212e+01
2.630000e-06	-1.513888e-06	-8.558272e-10	-1.084411e+01	-5.880564e+01
2.640000e-06	-1.611312e-06	-1.052456e-09	-1.154197e+01	-7.153484e+01
2.650000e-06	-1.708120e-06	-1.248316e-09	-1.223541e+01	-8.439754e+01
2.660000e-06	-1.804362e-06	-1.447303e-09	-1.292480e+01	-9.733823e+01
2.670000e-06	-1.900142e-06	-1.650326e-09	-1.361089e+01	-1.102910e+02
2.680000e-06	-1.995365e-06	-1.854834e-09	-1.429297e+01	-1.231844e+02
2.690000e-06	-2.089741e-06	-2.056498e-09	-1.496900e+01	-1.359477e+02
2.700000e-06	-2.183093e-06	-2.249899e-09	-1.563769e+01	-1.485169e+02
2.710000e-06	-2.275467e-06	-2.434528e-09	-1.629937e+01	-1.608392e+02
2.720000e-06	-2.367047e-06	-2.616357e-09	-1.695536e+01	-1.728764e+02
2.730000e-06	-2.457860e-06	-2.796102e-09	-1.760586e+01	-1.846041e+02
2.740000e-06	-2.547770e-06	-2.967855e-09	-1.824990e+01	-1.960104e+02
2.750000e-06	-2.636807e-06	-3.133828e-09	-1.888768e+01	-2.070912e+02
2.760000e-06	-2.725048e-06	-3.297829e-09	-1.951975e+01	-2.178459e+02
2.770000e-06	-2.812443e-06	-3.460454e-09	-2.014578e+01	-2.282736e+02
2.780000e-06	-2.898801e-06	-3.619112e-09	-2.076437e+01	-2.383701e+02
2.790000e-06	-2.983971e-06	-3.770173e-09	-2.137444e+01	-2.481275e+02
2.800000e-06	-3.068026e-06	-3.912781e-09	-2.197654e+01	-2.575353e+02
2.810000e-06	-3.151050e-06	-4.046721e-09	-2.257124e+01	-2.665825e+02
2.820000e-06	-3.233033e-06	-4.175463e-09	-2.315850e+01	-2.752614e+02
2.830000e-06	-3.313976e-06	-4.303252e-09	-2.373830e+01	-2.835693e+02
2.840000e-06	-3.393823e-06	-4.428453e-09	-2.431025e+01	-2.915106e+02
2.850000e-06	-3.472401e-06	-4.547373e-09	-2.487311e+01	-2.990969e+02
2.860000e-06	-3.549531e-06	-4.659889e-09	-2.542560e+01	-3.063451e+02
2.870000e-06	-3.625184e-06	-4.766818e-09	-2.596751e+01	-3.132759e+02
2.880000e-06	-3.699466e-06	-4.869895e-09	-2.649960e+01	-3.199105e+02
2.890000e-06	-3.772422e-06	-4.968380e-09	-2.702219e+01	-3.262690e+02
2.900000e-06	-3.844042e-06	-5.060977e-09	-2.753521e+01	-3.323690e+02
2.910000e-06	-3.914183e-06	-5.149157e-09	-2.803763e+01	-3.382252e+02
2.920000e-06	-3.982767e-06	-5.234753e-09	-2.852891e+01	-3.438504e+02
2.930000e-06	-4.049926e-06	-5.318806e-09	-2.900997e+01	-3.492563e+02
2.940000e-06	-4.115729e-06	-5.400407e-09	-2.948132e+01	-3.544544e+02
2.950000e-06	-4.180186e-06	-5.478531e-09	-2.994304e+01	-3.594567e+02
2.960000e-06	-4.243183e-06	-5.552063e-09	-3.039429e+01	-3.642749e+02
2.970000e-06	-4.304468e-06	-5.622413e-09	-3.083328e+01	-3.689197e+02
2.980000e-06	-4.364115e-06	-5.691858e-09	-3.126054e+01	-3.733992e+02
2.990000e-06	-4.422338e-06	-5.759299e-09	-3.167759e+01	-3.777175e+02
3.000000e-06	-4.479045e-06	-5.824297e-09	-3.208379e+01	-3.818746e+02
3.010000e-06	-4.534114e-06	-5.886359e-09	-3.247825e+01	-3.858661e+02
3.020000e-06	-4.587307e-06	-5.945699e-09	-3.285928e+01	-3.896851e+02
3.030000e-06	-4.638530e-06	-6.001800e-09	-3.322619e+01	-3.933240e+02
3.040000e-06	-4.687895e-06	-6.055852e-09	-3.357980e+01	-3.967768e+02
3.050000e-06	-4.735368e-06	-6.108356e-09	-3.391985e+01	-4.000408e+02
3.060000e-06	-4.781107e-06	-6.157521e-09	-3.424749e+01	-4.031177e+02
3.070000e-06	-4.825333e-06	-6.202947e-09	-3.456428e+01	-4.060133e+02
3.080000e-06	-4.868081e-06	-6.245543e-09	-3.487048e+01	-4.087361e+02
3.090000e-06	-4.909375e-06	-6.286203e-09	-3.516628e+01	-4.112960e+02
3.100000e-06	-4.949085e-06	-6.325989e-09	-3.545072e+01	-4.137014e+02
3.110000e-06	-4.986894e-06	-6.362237e-09	-3.572156e+01	-4.159586e+02
3.120000e-06	-5.022777e-06	-6.394860e-09	-3.597859e+01	-4.180711e+02
3.130000e-06	-5.056913e-06	-6.426183e-09	-3.622311e+01	-4.200398e+02
3.140000e-06	-5.089431e-06	-6.454761e-09	-3.645604e+01	-4.218649e+02
3.150000e-06	-5.120159e-06	-6.481340e-09	-3.667615e+01	-4.235472e+02
3.160000e-06	-5.148884e-06	-6.505476e-09	-3.688190e+01	-4.250897e+02
3.170000e-06	-5.175783e-06	-6.528559e-09	-3.707459e+01	-4.264986e+02
3.180000e-06	-5.200985e-06	-6.550614e-09	-3.725511e+01	-4.277822e+02
3.190000e-06	-5.224402e-06	-6.571075e-09	-3.742284e+01	-4.289505e+02
3.200000e-06	-5.245804e-06	-6.589333e-09	-3.757615e+01	-4.300123e+02
3.210000e-06	-5.265259e-06	-6.604420e-09	-3.771551e+01	-4.309739e+02
3.220000e-06	-5.282953e-06	-6.616035e-09	-3.784225e+01	-4.318377e+02
3.230000e-06	-5.298761e-06	-6.626438e-09	-3.795548e+01	-4.326021e+02
3.240000e-06	-5.312425e-06	-6.634033e-09	-3.805336e+01	-4.332623e+02
3.250000e-06	-5.323903e-06	-6.640353e-09	-3.813558e+01	-4.338128e+02
3.260000e-06	-5.333449e-06	-6.646487e-09	-3.820396e+01	-4.342496e+02
3.270000e-06	-5.341184e-06	-6.651123e-09	-3.825937e+01	-4.345725e+02
3.280000e-06	-5.346891e-06	-6.655356e-09	-3.830025e+01	-4.347857e+02
3.290000e-06	-5.350638e-06	-6.657699e-09	-3.832709e+01	-4.348981e+02
3.300000e-06	-5.352654e-06	-6.658300e-09	-3.834153e+01	-4.349206e+02
3.310000e-06	-5.352929e-06	-6.654576e-09	-3.834350e+01	-4.348640e+02
