# Temperatura_=_63.39
# Concentracion g/m^3_=_15000.0
# C_Vs_to_Am_M_A/Vsm_=_65563218390.804596
# pendiente_HvsI_1/m_=_3716.3
# ordenada_HvsI_A/m_=_1297.0
# frecuencia_Hz_=_301601.61604894995

Tiempo_(s)	Campo_(V.s)	Magnetizacion_(V.s)	Campo_(kA/m)	Magnetizacion_(A/m)
0.000000e+00	-5.413882e-06	-8.976693e-09	-3.833810e+01	-5.862494e+02
1.000000e-08	-5.411537e-06	-8.973257e-09	-3.832150e+01	-5.859961e+02
2.000000e-08	-5.407353e-06	-8.964789e-09	-3.829187e+01	-5.856398e+02
3.000000e-08	-5.401514e-06	-8.958727e-09	-3.825052e+01	-5.851881e+02
4.000000e-08	-5.394153e-06	-8.950241e-09	-3.819839e+01	-5.846434e+02
5.000000e-08	-5.385044e-06	-8.936367e-09	-3.813388e+01	-5.840015e+02
6.000000e-08	-5.373773e-06	-8.919674e-09	-3.805407e+01	-5.832529e+02
7.000000e-08	-5.360568e-06	-8.898114e-09	-3.796056e+01	-5.823860e+02
8.000000e-08	-5.345347e-06	-8.900608e-09	-3.785278e+01	-5.813905e+02
9.000000e-08	-5.327829e-06	-8.933164e-09	-3.772872e+01	-5.802617e+02
1.000000e-07	-5.308244e-06	-8.902909e-09	-3.759003e+01	-5.790036e+02
1.100000e-07	-5.286778e-06	-8.852045e-09	-3.743802e+01	-5.776298e+02
1.200000e-07	-5.263563e-06	-8.808030e-09	-3.727362e+01	-5.761619e+02
1.300000e-07	-5.238757e-06	-8.702849e-09	-3.709796e+01	-5.746259e+02
1.400000e-07	-5.212309e-06	-8.762556e-09	-3.691067e+01	-5.730466e+02
1.500000e-07	-5.184178e-06	-8.818681e-09	-3.671147e+01	-5.714418e+02
1.600000e-07	-5.154589e-06	-8.666291e-09	-3.650193e+01	-5.698175e+02
1.700000e-07	-5.123504e-06	-8.709132e-09	-3.628180e+01	-5.681648e+02
1.800000e-07	-5.090311e-06	-8.676410e-09	-3.604675e+01	-5.664607e+02
1.900000e-07	-5.055125e-06	-8.515670e-09	-3.579758e+01	-5.646710e+02
2.000000e-07	-5.018486e-06	-8.616455e-09	-3.553813e+01	-5.627560e+02
2.100000e-07	-4.980178e-06	-8.589041e-09	-3.526685e+01	-5.606774e+02
2.200000e-07	-4.940036e-06	-8.466537e-09	-3.498258e+01	-5.584053e+02
2.300000e-07	-4.897929e-06	-8.499291e-09	-3.468441e+01	-5.559226e+02
2.400000e-07	-4.853852e-06	-8.438947e-09	-3.437228e+01	-5.532280e+02
2.500000e-07	-4.807996e-06	-8.368700e-09	-3.404755e+01	-5.503345e+02
2.600000e-07	-4.760267e-06	-8.343243e-09	-3.370957e+01	-5.472667e+02
2.700000e-07	-4.710444e-06	-8.281605e-09	-3.335674e+01	-5.440542e+02
2.800000e-07	-4.658568e-06	-8.234015e-09	-3.298939e+01	-5.407264e+02
2.900000e-07	-4.604826e-06	-8.162776e-09	-3.260882e+01	-5.373064e+02
3.000000e-07	-4.549445e-06	-8.109636e-09	-3.221664e+01	-5.338076e+02
3.100000e-07	-4.492437e-06	-8.079239e-09	-3.181294e+01	-5.302322e+02
3.200000e-07	-4.433589e-06	-8.044479e-09	-3.139621e+01	-5.265727e+02
3.300000e-07	-4.373083e-06	-7.973338e-09	-3.096774e+01	-5.228148e+02
3.400000e-07	-4.311098e-06	-7.885629e-09	-3.052880e+01	-5.189415e+02
3.500000e-07	-4.247749e-06	-7.853296e-09	-3.008019e+01	-5.149372e+02
3.600000e-07	-4.182866e-06	-7.785443e-09	-2.962073e+01	-5.107908e+02
3.700000e-07	-4.116272e-06	-7.701517e-09	-2.914915e+01	-5.064975e+02
3.800000e-07	-4.048143e-06	-7.655029e-09	-2.866670e+01	-5.020580e+02
3.900000e-07	-3.978557e-06	-7.578371e-09	-2.817393e+01	-4.974776e+02
4.000000e-07	-3.907711e-06	-7.491744e-09	-2.767224e+01	-4.927630e+02
4.100000e-07	-3.835668e-06	-7.420466e-09	-2.716207e+01	-4.879208e+02
4.200000e-07	-3.762133e-06	-7.369215e-09	-2.664133e+01	-4.829544e+02
4.300000e-07	-3.687003e-06	-7.291896e-09	-2.610930e+01	-4.778641e+02
4.400000e-07	-3.610384e-06	-7.192337e-09	-2.556673e+01	-4.726464e+02
4.500000e-07	-3.532320e-06	-7.105097e-09	-2.501392e+01	-4.672960e+02
4.600000e-07	-3.452772e-06	-7.028523e-09	-2.445061e+01	-4.618064e+02
4.700000e-07	-3.371923e-06	-6.953187e-09	-2.387808e+01	-4.561724e+02
4.800000e-07	-3.289918e-06	-6.860333e-09	-2.329737e+01	-4.503907e+02
4.900000e-07	-3.206823e-06	-6.772658e-09	-2.270893e+01	-4.444606e+02
5.000000e-07	-3.122735e-06	-6.681051e-09	-2.211347e+01	-4.383835e+02
5.100000e-07	-3.037696e-06	-6.573916e-09	-2.151128e+01	-4.321623e+02
5.200000e-07	-2.951689e-06	-6.474346e-09	-2.090222e+01	-4.257995e+02
5.300000e-07	-2.864668e-06	-6.384796e-09	-2.028598e+01	-4.192967e+02
5.400000e-07	-2.776788e-06	-6.285989e-09	-1.966367e+01	-4.126532e+02
5.500000e-07	-2.687903e-06	-6.173679e-09	-1.903424e+01	-4.058663e+02
5.600000e-07	-2.597744e-06	-6.061058e-09	-1.839578e+01	-3.989307e+02
5.700000e-07	-2.506482e-06	-5.956925e-09	-1.774951e+01	-3.918402e+02
5.800000e-07	-2.414353e-06	-5.848992e-09	-1.709711e+01	-3.845878e+02
5.900000e-07	-2.321460e-06	-5.733655e-09	-1.643929e+01	-3.771671e+02
6.000000e-07	-2.227774e-06	-5.616837e-09	-1.577586e+01	-3.695727e+02
6.100000e-07	-2.133269e-06	-5.497989e-09	-1.510663e+01	-3.618009e+02
6.200000e-07	-2.038057e-06	-5.378004e-09	-1.443238e+01	-3.538495e+02
6.300000e-07	-1.942190e-06	-5.254561e-09	-1.375351e+01	-3.457175e+02
6.400000e-07	-1.845581e-06	-5.128859e-09	-1.306938e+01	-3.374046e+02
6.500000e-07	-1.748117e-06	-4.996761e-09	-1.237920e+01	-3.289108e+02
6.600000e-07	-1.649833e-06	-4.855374e-09	-1.168320e+01	-3.202356e+02
6.700000e-07	-1.550898e-06	-4.715486e-09	-1.098259e+01	-3.113776e+02
6.800000e-07	-1.451445e-06	-4.581714e-09	-1.027832e+01	-3.023340e+02
6.900000e-07	-1.351538e-06	-4.445399e-09	-9.570837e+00	-2.931008e+02
7.000000e-07	-1.251211e-06	-4.302084e-09	-8.860379e+00	-2.836723e+02
7.100000e-07	-1.150531e-06	-4.152347e-09	-8.147421e+00	-2.740419e+02
7.200000e-07	-1.049583e-06	-3.997119e-09	-7.432562e+00	-2.642022e+02
7.300000e-07	-9.482978e-07	-3.842265e-09	-6.715318e+00	-2.541455e+02
7.400000e-07	-8.465993e-07	-3.686573e-09	-5.995145e+00	-2.438647e+02
7.500000e-07	-7.445381e-07	-3.526380e-09	-5.272405e+00	-2.333539e+02
7.600000e-07	-6.421976e-07	-3.359209e-09	-4.547687e+00	-2.226086e+02
7.700000e-07	-5.396692e-07	-3.185264e-09	-3.821637e+00	-2.116261e+02
7.800000e-07	-4.370518e-07	-3.012409e-09	-3.094958e+00	-2.004052e+02
7.900000e-07	-3.343535e-07	-2.840944e-09	-2.367706e+00	-1.889450e+02
8.000000e-07	-2.315018e-07	-2.664146e-09	-1.639367e+00	-1.772447e+02
8.100000e-07	-1.285328e-07	-2.480180e-09	-9.101978e-01	-1.653017e+02
8.200000e-07	-2.553037e-08	-2.293280e-09	-1.807919e-01	-1.531108e+02
8.300000e-07	7.749162e-08	-2.105511e-09	5.487525e-01	-1.406633e+02
8.400000e-07	1.805100e-07	-1.913893e-09	1.278271e+00	-1.279471e+02
8.500000e-07	2.835095e-07	-1.715523e-09	2.007656e+00	-1.149468e+02
8.600000e-07	3.864445e-07	-1.511463e-09	2.736585e+00	-1.016451e+02
8.700000e-07	4.892837e-07	-1.302519e-09	3.464835e+00	-8.802373e+01
8.800000e-07	5.920044e-07	-1.089097e-09	4.192246e+00	-7.406566e+01
8.900000e-07	6.945569e-07	-8.719957e-10	4.918466e+00	-5.975613e+01
9.000000e-07	7.968634e-07	-6.503864e-10	5.642944e+00	-4.508402e+01
9.100000e-07	8.988706e-07	-4.223497e-10	6.365302e+00	-3.004262e+01
9.200000e-07	1.000527e-06	-1.872489e-10	7.085178e+00	-1.463014e+01
9.300000e-07	1.101784e-06	5.512534e-11	7.802218e+00	1.149911e+00
9.400000e-07	1.202703e-06	3.029511e-10	8.516876e+00	1.728823e+01
9.500000e-07	1.303247e-06	5.527775e-10	9.228867e+00	3.376892e+01
9.600000e-07	1.403351e-06	8.058154e-10	9.937753e+00	5.056838e+01
9.700000e-07	1.503004e-06	1.064471e-09	1.064344e+01	6.765393e+01
9.800000e-07	1.602111e-06	1.326888e-09	1.134526e+01	8.498259e+01
9.900000e-07	1.700513e-06	1.590846e-09	1.204209e+01	1.025003e+02
1.000000e-06	1.798099e-06	1.856710e-09	1.273314e+01	1.201423e+02
1.010000e-06	1.894892e-06	2.124732e-09	1.341857e+01	1.378343e+02
1.020000e-06	1.990929e-06	2.392524e-09	1.409865e+01	1.554955e+02
1.030000e-06	2.086177e-06	2.659794e-09	1.477315e+01	1.730426e+02
1.040000e-06	2.180687e-06	2.925138e-09	1.544241e+01	1.903942e+02
1.050000e-06	2.274498e-06	3.183961e-09	1.610673e+01	2.074752e+02
1.060000e-06	2.367541e-06	3.436155e-09	1.676561e+01	2.242210e+02
1.070000e-06	2.459867e-06	3.682319e-09	1.741941e+01	2.405794e+02
1.080000e-06	2.551488e-06	3.924764e-09	1.806822e+01	2.565120e+02
1.090000e-06	2.642168e-06	4.160872e-09	1.871036e+01	2.719925e+02
1.100000e-06	2.731691e-06	4.389340e-09	1.934431e+01	2.870051e+02
1.110000e-06	2.820071e-06	4.608465e-09	1.997017e+01	3.015417e+02
1.120000e-06	2.907444e-06	4.820036e-09	2.058890e+01	3.155984e+02
1.130000e-06	2.993931e-06	5.027352e-09	2.120136e+01	3.291738e+02
1.140000e-06	3.079477e-06	5.227962e-09	2.180715e+01	3.422676e+02
1.150000e-06	3.164054e-06	5.419366e-09	2.240607e+01	3.548802e+02
1.160000e-06	3.247690e-06	5.601641e-09	2.299834e+01	3.670135e+02
1.170000e-06	3.330205e-06	5.778423e-09	2.358266e+01	3.786721e+02
1.180000e-06	3.411429e-06	5.950250e-09	2.415784e+01	3.898635e+02
1.190000e-06	3.491424e-06	6.116081e-09	2.472432e+01	4.005987e+02
1.200000e-06	3.570174e-06	6.274305e-09	2.528199e+01	4.108915e+02
1.210000e-06	3.647618e-06	6.424206e-09	2.583040e+01	4.207568e+02
1.220000e-06	3.723817e-06	6.566874e-09	2.637000e+01	4.302093e+02
1.230000e-06	3.798570e-06	6.703842e-09	2.689936e+01	4.392615e+02
1.240000e-06	3.871674e-06	6.835738e-09	2.741704e+01	4.479231e+02
1.250000e-06	3.943259e-06	6.960671e-09	2.792396e+01	4.562011e+02
1.260000e-06	4.013416e-06	7.077568e-09	2.842078e+01	4.641009e+02
1.270000e-06	4.082212e-06	7.190492e-09	2.890795e+01	4.716289e+02
1.280000e-06	4.149669e-06	7.300158e-09	2.938565e+01	4.787940e+02
1.290000e-06	4.215510e-06	7.403747e-09	2.985190e+01	4.856103e+02
1.300000e-06	4.279686e-06	7.501902e-09	3.030636e+01	4.920973e+02
1.310000e-06	4.342378e-06	7.595575e-09	3.075030e+01	4.982799e+02
1.320000e-06	4.403608e-06	7.685365e-09	3.118390e+01	5.041856e+02
1.330000e-06	4.463476e-06	7.770956e-09	3.160786e+01	5.098423e+02
1.340000e-06	4.521803e-06	7.852959e-09	3.202089e+01	5.152743e+02
1.350000e-06	4.578271e-06	7.933080e-09	3.242077e+01	5.204996e+02
1.360000e-06	4.633021e-06	8.010311e-09	3.280847e+01	5.255279e+02
1.370000e-06	4.686181e-06	8.083488e-09	3.318493e+01	5.303609e+02
1.380000e-06	4.737396e-06	8.153525e-09	3.354761e+01	5.349932e+02
1.390000e-06	4.786518e-06	8.222239e-09	3.389546e+01	5.394158e+02
1.400000e-06	4.833848e-06	8.286703e-09	3.423062e+01	5.436190e+02
1.410000e-06	4.879527e-06	8.345203e-09	3.455410e+01	5.475956e+02
1.420000e-06	4.923669e-06	8.399676e-09	3.486669e+01	5.513435e+02
1.430000e-06	4.966069e-06	8.451381e-09	3.516694e+01	5.548660e+02
1.440000e-06	5.006499e-06	8.500772e-09	3.545324e+01	5.581713e+02
1.450000e-06	5.045169e-06	8.548596e-09	3.572708e+01	5.612703e+02
1.460000e-06	5.082237e-06	8.594481e-09	3.598957e+01	5.641742e+02
1.470000e-06	5.117680e-06	8.635636e-09	3.624056e+01	5.668922e+02
1.480000e-06	5.151187e-06	8.671986e-09	3.647784e+01	5.694303e+02
1.490000e-06	5.182739e-06	8.704889e-09	3.670128e+01	5.717907e+02
1.500000e-06	5.212594e-06	8.735484e-09	3.691269e+01	5.739729e+02
1.510000e-06	5.240829e-06	8.764508e-09	3.711263e+01	5.759759e+02
1.520000e-06	5.267182e-06	8.789796e-09	3.729925e+01	5.778000e+02
1.530000e-06	5.291387e-06	8.812665e-09	3.747066e+01	5.794483e+02
1.540000e-06	5.313649e-06	8.834073e-09	3.762831e+01	5.809274e+02
1.550000e-06	5.334236e-06	8.852643e-09	3.777410e+01	5.822468e+02
1.560000e-06	5.353035e-06	8.868642e-09	3.790721e+01	5.834174e+02
1.570000e-06	5.369821e-06	8.883063e-09	3.802609e+01	5.844491e+02
1.580000e-06	5.384598e-06	8.896510e-09	3.813073e+01	5.853491e+02
1.590000e-06	5.397359e-06	8.908625e-09	3.822109e+01	5.861203e+02
1.600000e-06	5.407932e-06	8.918962e-09	3.829596e+01	5.867619e+02
1.610000e-06	5.416338e-06	8.928030e-09	3.835549e+01	5.872702e+02
1.620000e-06	5.422792e-06	8.934303e-09	3.840120e+01	5.876406e+02
1.630000e-06	5.427491e-06	8.938473e-09	3.843448e+01	5.878709e+02
1.640000e-06	5.430345e-06	8.941708e-09	3.845468e+01	5.879622e+02
1.650000e-06	5.431096e-06	8.942623e-09	3.846000e+01	5.879205e+02
1.660000e-06	5.429952e-06	8.937259e-09	3.845190e+01	5.877555e+02
1.670000e-06	5.427163e-06	8.930236e-09	3.843215e+01	5.874789e+02
1.680000e-06	5.422757e-06	8.926336e-09	3.840095e+01	5.871012e+02
1.690000e-06	5.416466e-06	8.921560e-09	3.835640e+01	5.866292e+02
1.700000e-06	5.408306e-06	8.915040e-09	3.829862e+01	5.860638e+02
1.710000e-06	5.398603e-06	8.907455e-09	3.822990e+01	5.853995e+02
1.720000e-06	5.387200e-06	8.904675e-09	3.814915e+01	5.846262e+02
1.730000e-06	5.373769e-06	8.893650e-09	3.805405e+01	5.837320e+02
1.740000e-06	5.358277e-06	8.816791e-09	3.794434e+01	5.827076e+02
1.750000e-06	5.340548e-06	8.796219e-09	3.781879e+01	5.815500e+02
1.760000e-06	5.320141e-06	8.803596e-09	3.767428e+01	5.802652e+02
1.770000e-06	5.297263e-06	8.807183e-09	3.751227e+01	5.788688e+02
1.780000e-06	5.272872e-06	8.878148e-09	3.733955e+01	5.773836e+02
1.790000e-06	5.247755e-06	8.739967e-09	3.716168e+01	5.758360e+02
1.800000e-06	5.221447e-06	8.676776e-09	3.697538e+01	5.742496e+02
1.810000e-06	5.192909e-06	8.771803e-09	3.677330e+01	5.726402e+02
1.820000e-06	5.162383e-06	8.629027e-09	3.655713e+01	5.710106e+02
1.830000e-06	5.130309e-06	8.665363e-09	3.633000e+01	5.693489e+02
1.840000e-06	5.096308e-06	8.740066e-09	3.608922e+01	5.676292e+02
1.850000e-06	5.060651e-06	8.542603e-09	3.583671e+01	5.658156e+02
1.860000e-06	5.023322e-06	8.596854e-09	3.557237e+01	5.638681e+02
1.870000e-06	4.984023e-06	8.602426e-09	3.529408e+01	5.617498e+02
1.880000e-06	4.943041e-06	8.437655e-09	3.500387e+01	5.594331e+02
1.890000e-06	4.900262e-06	8.512820e-09	3.470093e+01	5.569041e+02
1.900000e-06	4.855809e-06	8.451768e-09	3.438614e+01	5.541649e+02
1.910000e-06	4.809660e-06	8.393142e-09	3.405934e+01	5.512313e+02
1.920000e-06	4.761433e-06	8.383454e-09	3.371782e+01	5.481294e+02
1.930000e-06	4.711459e-06	8.247866e-09	3.336393e+01	5.448895e+02
1.940000e-06	4.659813e-06	8.300156e-09	3.299821e+01	5.415398e+02
1.950000e-06	4.606046e-06	8.242437e-09	3.261745e+01	5.381018e+02
1.960000e-06	4.550274e-06	8.118859e-09	3.222251e+01	5.345863e+02
1.970000e-06	4.492794e-06	8.081972e-09	3.181547e+01	5.309934e+02
1.980000e-06	4.433845e-06	8.018411e-09	3.139802e+01	5.273138e+02
1.990000e-06	4.373403e-06	8.011622e-09	3.097001e+01	5.235321e+02
2.000000e-06	4.311196e-06	7.894057e-09	3.052949e+01	5.196315e+02
2.010000e-06	4.247380e-06	7.858334e-09	3.007758e+01	5.155970e+02
2.020000e-06	4.182093e-06	7.835038e-09	2.961526e+01	5.114190e+02
2.030000e-06	4.115397e-06	7.683535e-09	2.914295e+01	5.070936e+02
2.040000e-06	4.047311e-06	7.655444e-09	2.866080e+01	5.026230e+02
2.050000e-06	3.977632e-06	7.603529e-09	2.816738e+01	4.980128e+02
2.060000e-06	3.906390e-06	7.530387e-09	2.766288e+01	4.932700e+02
2.070000e-06	3.833808e-06	7.428415e-09	2.714890e+01	4.884005e+02
2.080000e-06	3.759974e-06	7.334212e-09	2.662604e+01	4.834073e+02
2.090000e-06	3.684732e-06	7.310421e-09	2.609322e+01	4.782896e+02
2.100000e-06	3.607905e-06	7.218680e-09	2.554918e+01	4.730436e+02
2.110000e-06	3.529484e-06	7.126622e-09	2.499384e+01	4.676634e+02
2.120000e-06	3.449735e-06	7.041099e-09	2.442910e+01	4.621428e+02
2.130000e-06	3.368882e-06	6.963616e-09	2.385655e+01	4.564769e+02
2.140000e-06	3.286879e-06	6.859870e-09	2.327585e+01	4.506629e+02
2.150000e-06	3.203812e-06	6.756642e-09	2.268761e+01	4.447007e+02
2.160000e-06	3.119759e-06	6.694425e-09	2.209240e+01	4.385921e+02
2.170000e-06	3.034494e-06	6.598031e-09	2.148860e+01	4.323399e+02
2.180000e-06	2.947869e-06	6.488244e-09	2.087517e+01	4.259466e+02
2.190000e-06	2.860139e-06	6.379795e-09	2.025391e+01	4.194134e+02
2.200000e-06	2.771446e-06	6.296403e-09	1.962584e+01	4.127391e+02
2.210000e-06	2.681775e-06	6.205261e-09	1.899084e+01	4.059203e+02
2.220000e-06	2.591182e-06	6.089717e-09	1.834931e+01	3.989517e+02
2.230000e-06	2.499723e-06	5.979374e-09	1.770165e+01	3.918266e+02
2.240000e-06	2.407454e-06	5.865552e-09	1.704825e+01	3.845383e+02
2.250000e-06	2.314294e-06	5.748894e-09	1.638854e+01	3.770803e+02
2.260000e-06	2.220178e-06	5.629374e-09	1.572206e+01	3.694477e+02
2.270000e-06	2.125142e-06	5.516584e-09	1.504907e+01	3.616371e+02
2.280000e-06	2.029239e-06	5.398992e-09	1.436994e+01	3.536467e+02
2.290000e-06	1.932609e-06	5.270852e-09	1.368567e+01	3.454755e+02
2.300000e-06	1.835374e-06	5.143719e-09	1.299710e+01	3.371234e+02
2.310000e-06	1.737649e-06	5.022831e-09	1.230506e+01	3.285904e+02
2.320000e-06	1.639417e-06	4.894013e-09	1.160944e+01	3.198758e+02
2.330000e-06	1.540610e-06	4.752634e-09	1.090974e+01	3.109778e+02
2.340000e-06	1.441381e-06	4.611299e-09	1.020706e+01	3.018935e+02
2.350000e-06	1.341837e-06	4.467889e-09	9.502142e+00	2.926185e+02
2.360000e-06	1.241943e-06	4.326832e-09	8.794749e+00	2.831470e+02
2.370000e-06	1.141630e-06	4.185445e-09	8.084390e+00	2.734719e+02
2.380000e-06	1.040880e-06	4.035309e-09	7.370930e+00	2.635859e+02
2.390000e-06	9.396870e-07	3.878779e-09	6.654341e+00	2.534813e+02
2.400000e-06	8.380978e-07	3.721064e-09	5.934942e+00	2.431513e+02
2.410000e-06	7.361116e-07	3.564419e-09	5.212733e+00	2.325901e+02
2.420000e-06	6.337482e-07	3.404204e-09	4.487852e+00	2.217937e+02
2.430000e-06	5.311116e-07	3.236993e-09	3.761037e+00	2.107598e+02
2.440000e-06	4.282962e-07	3.066694e-09	3.032956e+00	1.994872e+02
2.450000e-06	3.253870e-07	2.890609e-09	2.304210e+00	1.879753e+02
2.460000e-06	2.223066e-07	2.707935e-09	1.574251e+00	1.762229e+02
2.470000e-06	1.190181e-07	2.527952e-09	8.428199e-01	1.642268e+02
2.480000e-06	1.564508e-08	2.344644e-09	1.107898e-01	1.519813e+02
2.490000e-06	-8.773541e-08	2.152272e-09	-6.212934e-01	1.394770e+02
2.500000e-06	-1.910739e-07	1.955644e-09	-1.353079e+00	1.267009e+02
2.510000e-06	-2.943238e-07	1.757862e-09	-2.084238e+00	1.136371e+02
2.520000e-06	-3.974704e-07	1.556219e-09	-2.814664e+00	1.002679e+02
2.530000e-06	-5.004577e-07	1.347176e-09	-3.543963e+00	8.657537e+01
2.540000e-06	-6.032788e-07	1.133823e-09	-4.272085e+00	7.254269e+01
2.550000e-06	-7.058733e-07	9.148356e-10	-4.998602e+00	5.815583e+01
2.560000e-06	-8.081493e-07	6.848455e-10	-5.722864e+00	4.340456e+01
2.570000e-06	-9.100192e-07	4.499388e-10	-6.444250e+00	2.828319e+01
2.580000e-06	-1.011351e-06	2.154803e-10	-7.161825e+00	1.279103e+01
2.590000e-06	-1.112138e-06	-2.340033e-11	-7.875541e+00	-3.067217e+00
2.600000e-06	-1.212478e-06	-2.711661e-10	-8.586098e+00	-1.928091e+01
2.610000e-06	-1.312461e-06	-5.242815e-10	-9.294119e+00	-3.583261e+01
2.620000e-06	-1.412056e-06	-7.814172e-10	-9.999394e+00	-5.269689e+01
2.630000e-06	-1.511108e-06	-1.044006e-09	-1.070082e+01	-6.983896e+01
2.640000e-06	-1.609637e-06	-1.310140e-09	-1.139855e+01	-8.721350e+01
2.650000e-06	-1.707659e-06	-1.580078e-09	-1.209269e+01	-1.047641e+02
2.660000e-06	-1.805053e-06	-1.854718e-09	-1.278238e+01	-1.224237e+02
2.670000e-06	-1.901837e-06	-2.130212e-09	-1.346775e+01	-1.401165e+02
2.680000e-06	-1.998052e-06	-2.398766e-09	-1.414910e+01	-1.577607e+02
2.690000e-06	-2.093688e-06	-2.662551e-09	-1.482633e+01	-1.752731e+02
2.700000e-06	-2.188583e-06	-2.925817e-09	-1.549833e+01	-1.925731e+02
2.710000e-06	-2.282508e-06	-3.187498e-09	-1.616345e+01	-2.095877e+02
2.720000e-06	-2.375376e-06	-3.443827e-09	-1.682109e+01	-2.262549e+02
2.730000e-06	-2.467296e-06	-3.692391e-09	-1.747201e+01	-2.425253e+02
2.740000e-06	-2.558350e-06	-3.934281e-09	-1.811681e+01	-2.583632e+02
2.750000e-06	-2.648506e-06	-4.169468e-09	-1.875525e+01	-2.737449e+02
2.760000e-06	-2.737707e-06	-4.399547e-09	-1.938692e+01	-2.886565e+02
2.770000e-06	-2.826047e-06	-4.623852e-09	-2.001249e+01	-3.030909e+02
2.780000e-06	-2.913629e-06	-4.838309e-09	-2.063270e+01	-3.170450e+02
2.790000e-06	-3.000191e-06	-5.042128e-09	-2.124568e+01	-3.305176e+02
2.800000e-06	-3.085467e-06	-5.239550e-09	-2.184956e+01	-3.435086e+02
2.810000e-06	-3.169541e-06	-5.431364e-09	-2.244493e+01	-3.560187e+02
2.820000e-06	-3.252568e-06	-5.614840e-09	-2.303288e+01	-3.680503e+02
2.830000e-06	-3.334570e-06	-5.790962e-09	-2.361357e+01	-3.796084e+02
2.840000e-06	-3.415514e-06	-5.960926e-09	-2.418677e+01	-3.907014e+02
2.850000e-06	-3.495389e-06	-6.123172e-09	-2.475240e+01	-4.013411e+02
2.860000e-06	-3.573914e-06	-6.277282e-09	-2.530847e+01	-4.115414e+02
2.870000e-06	-3.650862e-06	-6.425701e-09	-2.585337e+01	-4.213175e+02
2.880000e-06	-3.726314e-06	-6.569221e-09	-2.638768e+01	-4.306837e+02
2.890000e-06	-3.800318e-06	-6.706523e-09	-2.691174e+01	-4.396519e+02
2.900000e-06	-3.872970e-06	-6.839106e-09	-2.742622e+01	-4.482312e+02
2.910000e-06	-3.944333e-06	-6.968573e-09	-2.793157e+01	-4.564281e+02
2.920000e-06	-4.014174e-06	-7.090372e-09	-2.842615e+01	-4.642481e+02
2.930000e-06	-4.082390e-06	-7.203383e-09	-2.890922e+01	-4.716978e+02
2.940000e-06	-4.149201e-06	-7.311563e-09	-2.938233e+01	-4.787873e+02
2.950000e-06	-4.214641e-06	-7.415109e-09	-2.984575e+01	-4.855316e+02
2.960000e-06	-4.278649e-06	-7.512631e-09	-3.029901e+01	-4.919516e+02
2.970000e-06	-4.341017e-06	-7.605911e-09	-3.074067e+01	-4.980729e+02
2.980000e-06	-4.401619e-06	-7.696827e-09	-3.116982e+01	-5.039234e+02
2.990000e-06	-4.460617e-06	-7.784918e-09	-3.158761e+01	-5.095305e+02
3.000000e-06	-4.518165e-06	-7.869082e-09	-3.199513e+01	-5.149174e+02
3.010000e-06	-4.574241e-06	-7.948474e-09	-3.239223e+01	-5.201004e+02
3.020000e-06	-4.628527e-06	-8.024400e-09	-3.277665e+01	-5.250874e+02
3.030000e-06	-4.680850e-06	-8.097170e-09	-3.314718e+01	-5.298785e+02
3.040000e-06	-4.731299e-06	-8.167068e-09	-3.350443e+01	-5.344671e+02
3.050000e-06	-4.779778e-06	-8.234504e-09	-3.384773e+01	-5.388439e+02
3.060000e-06	-4.826348e-06	-8.297956e-09	-3.417751e+01	-5.429994e+02
3.070000e-06	-4.871348e-06	-8.358208e-09	-3.449618e+01	-5.469274e+02
3.080000e-06	-4.914884e-06	-8.415610e-09	-3.480448e+01	-5.506270e+02
3.090000e-06	-4.956870e-06	-8.471254e-09	-3.510180e+01	-5.541026e+02
3.100000e-06	-4.997282e-06	-8.521842e-09	-3.538797e+01	-5.573631e+02
3.110000e-06	-5.035970e-06	-8.568520e-09	-3.566194e+01	-5.604198e+02
3.120000e-06	-5.072722e-06	-8.613769e-09	-3.592220e+01	-5.632836e+02
3.130000e-06	-5.107638e-06	-8.656138e-09	-3.616945e+01	-5.659632e+02
3.140000e-06	-5.140853e-06	-8.695021e-09	-3.640466e+01	-5.684636e+02
3.150000e-06	-5.172350e-06	-8.730928e-09	-3.662771e+01	-5.707862e+02
3.160000e-06	-5.201891e-06	-8.764924e-09	-3.683690e+01	-5.729306e+02
3.170000e-06	-5.229484e-06	-8.796826e-09	-3.703230e+01	-5.748956e+02
3.180000e-06	-5.255320e-06	-8.826740e-09	-3.721525e+01	-5.766821e+02
3.190000e-06	-5.279331e-06	-8.854195e-09	-3.738528e+01	-5.782938e+02
3.200000e-06	-5.301349e-06	-8.879021e-09	-3.754120e+01	-5.797383e+02
3.210000e-06	-5.321386e-06	-8.899444e-09	-3.768310e+01	-5.810253e+02
3.220000e-06	-5.339628e-06	-8.916216e-09	-3.781228e+01	-5.821658e+02
3.230000e-06	-5.356082e-06	-8.933115e-09	-3.792880e+01	-5.831693e+02
3.240000e-06	-5.370443e-06	-8.949985e-09	-3.803049e+01	-5.840420e+02
3.250000e-06	-5.382559e-06	-8.961958e-09	-3.811629e+01	-5.847861e+02
3.260000e-06	-5.392650e-06	-8.969163e-09	-3.818775e+01	-5.853999e+02
3.270000e-06	-5.400937e-06	-8.972890e-09	-3.824643e+01	-5.858794e+02
3.280000e-06	-5.407249e-06	-8.974752e-09	-3.829113e+01	-5.862203e+02
3.290000e-06	-5.411538e-06	-8.975865e-09	-3.832150e+01	-5.864210e+02
3.300000e-06	-5.413988e-06	-8.975310e-09	-3.833885e+01	-5.864836e+02
3.310000e-06	-5.414638e-06	-8.975182e-09	-3.834346e+01	-5.864150e+02
