# Temperatura_=_81.66
# Concentracion g/m^3_=_15000.0
# C_Vs_to_Am_M_A/Vsm_=_65563218390.804596
# pendiente_HvsI_1/m_=_3716.3
# ordenada_HvsI_A/m_=_1297.0
# frecuencia_Hz_=_301599.1840183475

Tiempo_(s)	Campo_(V.s)	Magnetizacion_(V.s)	Campo_(kA/m)	Magnetizacion_(A/m)
0.000000e+00	-5.416363e-06	-9.745660e-09	-3.833855e+01	-6.366863e+02
1.000000e-08	-5.414028e-06	-9.741234e-09	-3.832202e+01	-6.364225e+02
2.000000e-08	-5.409891e-06	-9.734222e-09	-3.829273e+01	-6.360490e+02
3.000000e-08	-5.404115e-06	-9.728214e-09	-3.825185e+01	-6.355572e+02
4.000000e-08	-5.396749e-06	-9.719621e-09	-3.819971e+01	-6.349327e+02
5.000000e-08	-5.387606e-06	-9.705201e-09	-3.813500e+01	-6.341604e+02
6.000000e-08	-5.376373e-06	-9.687886e-09	-3.805548e+01	-6.332283e+02
7.000000e-08	-5.363257e-06	-9.668773e-09	-3.796265e+01	-6.321330e+02
8.000000e-08	-5.348141e-06	-9.661905e-09	-3.785565e+01	-6.308821e+02
9.000000e-08	-5.330760e-06	-9.674425e-09	-3.773262e+01	-6.294947e+02
1.000000e-07	-5.311253e-06	-9.649453e-09	-3.759455e+01	-6.279990e+02
1.100000e-07	-5.289748e-06	-9.600639e-09	-3.744233e+01	-6.264268e+02
1.200000e-07	-5.266455e-06	-9.551869e-09	-3.727745e+01	-6.248070e+02
1.300000e-07	-5.241624e-06	-9.475678e-09	-3.710169e+01	-6.231591e+02
1.400000e-07	-5.215224e-06	-9.485103e-09	-3.691482e+01	-6.214879e+02
1.500000e-07	-5.187196e-06	-9.509417e-09	-3.671644e+01	-6.197821e+02
1.600000e-07	-5.157665e-06	-9.423066e-09	-3.650740e+01	-6.180151e+02
1.700000e-07	-5.126617e-06	-9.441450e-09	-3.628764e+01	-6.161503e+02
1.800000e-07	-5.093551e-06	-9.420936e-09	-3.605359e+01	-6.141475e+02
1.900000e-07	-5.058498e-06	-9.283168e-09	-3.580547e+01	-6.119705e+02
2.000000e-07	-5.021921e-06	-9.286055e-09	-3.554658e+01	-6.095934e+02
2.100000e-07	-4.983628e-06	-9.255797e-09	-3.527553e+01	-6.070045e+02
2.200000e-07	-4.943565e-06	-9.170414e-09	-3.499195e+01	-6.042068e+02
2.300000e-07	-4.901583e-06	-9.175750e-09	-3.469479e+01	-6.012155e+02
2.400000e-07	-4.857600e-06	-9.128635e-09	-3.438346e+01	-5.980530e+02
2.500000e-07	-4.811826e-06	-9.054490e-09	-3.405946e+01	-5.947429e+02
2.600000e-07	-4.764124e-06	-9.017789e-09	-3.372181e+01	-5.913044e+02
2.700000e-07	-4.714317e-06	-8.957652e-09	-3.336926e+01	-5.877489e+02
2.800000e-07	-4.662467e-06	-8.903967e-09	-3.300225e+01	-5.840783e+02
2.900000e-07	-4.608741e-06	-8.822208e-09	-3.262196e+01	-5.802871e+02
3.000000e-07	-4.553398e-06	-8.743992e-09	-3.223024e+01	-5.763650e+02
3.100000e-07	-4.496407e-06	-8.715021e-09	-3.182684e+01	-5.723015e+02
3.200000e-07	-4.437607e-06	-8.677444e-09	-3.141064e+01	-5.680893e+02
3.300000e-07	-4.377165e-06	-8.595746e-09	-3.098281e+01	-5.637268e+02
3.400000e-07	-4.315178e-06	-8.504490e-09	-3.054405e+01	-5.592183e+02
3.500000e-07	-4.251799e-06	-8.441503e-09	-3.009543e+01	-5.545723e+02
3.600000e-07	-4.186909e-06	-8.364587e-09	-2.963612e+01	-5.497987e+02
3.700000e-07	-4.120316e-06	-8.293635e-09	-2.916476e+01	-5.449053e+02
3.800000e-07	-4.052151e-06	-8.238970e-09	-2.868227e+01	-5.398955e+02
3.900000e-07	-3.982636e-06	-8.148865e-09	-2.819022e+01	-5.347662e+02
4.000000e-07	-3.911879e-06	-8.046581e-09	-2.768938e+01	-5.295092e+02
4.100000e-07	-3.839847e-06	-7.963845e-09	-2.717952e+01	-5.241125e+02
4.200000e-07	-3.766327e-06	-7.897770e-09	-2.665912e+01	-5.185633e+02
4.300000e-07	-3.691160e-06	-7.820064e-09	-2.612707e+01	-5.128515e+02
4.400000e-07	-3.614543e-06	-7.723730e-09	-2.558476e+01	-5.069712e+02
4.500000e-07	-3.536492e-06	-7.627182e-09	-2.503229e+01	-5.009224e+02
4.600000e-07	-3.456973e-06	-7.526813e-09	-2.446943e+01	-4.947099e+02
4.700000e-07	-3.376219e-06	-7.430021e-09	-2.389783e+01	-4.883415e+02
4.800000e-07	-3.294284e-06	-7.338119e-09	-2.331787e+01	-4.818257e+02
4.900000e-07	-3.211210e-06	-7.239700e-09	-2.272985e+01	-4.751689e+02
5.000000e-07	-3.127153e-06	-7.130860e-09	-2.213487e+01	-4.683739e+02
5.100000e-07	-3.042094e-06	-7.015474e-09	-2.153280e+01	-4.614392e+02
5.200000e-07	-2.956054e-06	-6.908001e-09	-2.092378e+01	-4.543591e+02
5.300000e-07	-2.869082e-06	-6.807119e-09	-2.030817e+01	-4.471260e+02
5.400000e-07	-2.781175e-06	-6.698820e-09	-1.968594e+01	-4.397313e+02
5.500000e-07	-2.692244e-06	-6.576534e-09	-1.905646e+01	-4.321678e+02
5.600000e-07	-2.602094e-06	-6.446849e-09	-1.841836e+01	-4.244302e+02
5.700000e-07	-2.510842e-06	-6.326562e-09	-1.777245e+01	-4.165157e+02
5.800000e-07	-2.418745e-06	-6.215406e-09	-1.712056e+01	-4.084235e+02
5.900000e-07	-2.325861e-06	-6.095406e-09	-1.646310e+01	-4.001536e+02
6.000000e-07	-2.232181e-06	-5.958109e-09	-1.580000e+01	-3.917059e+02
6.100000e-07	-2.137690e-06	-5.819380e-09	-1.513117e+01	-3.830795e+02
6.200000e-07	-2.042439e-06	-5.685375e-09	-1.445696e+01	-3.742725e+02
6.300000e-07	-1.946491e-06	-5.550093e-09	-1.377781e+01	-3.652820e+02
6.400000e-07	-1.849795e-06	-5.415123e-09	-1.309337e+01	-3.561049e+02
6.500000e-07	-1.752253e-06	-5.276813e-09	-1.240294e+01	-3.467383e+02
6.600000e-07	-1.653891e-06	-5.125935e-09	-1.170671e+01	-3.371795e+02
6.700000e-07	-1.554905e-06	-4.967939e-09	-1.100606e+01	-3.274258e+02
6.800000e-07	-1.455424e-06	-4.815763e-09	-1.030190e+01	-3.174740e+02
6.900000e-07	-1.355508e-06	-4.666672e-09	-9.594671e+00	-3.073193e+02
7.000000e-07	-1.255243e-06	-4.511619e-09	-8.884965e+00	-2.969550e+02
7.100000e-07	-1.154652e-06	-4.345474e-09	-8.172950e+00	-2.863729e+02
7.200000e-07	-1.053696e-06	-4.173967e-09	-7.458358e+00	-2.755632e+02
7.300000e-07	-9.523141e-07	-4.002424e-09	-6.740748e+00	-2.645170e+02
7.400000e-07	-8.505796e-07	-3.831768e-09	-6.020642e+00	-2.532272e+02
7.500000e-07	-7.485907e-07	-3.659850e-09	-5.298736e+00	-2.416903e+02
7.600000e-07	-6.463273e-07	-3.479587e-09	-4.574886e+00	-2.299068e+02
7.700000e-07	-5.438153e-07	-3.290162e-09	-3.849278e+00	-2.178808e+02
7.800000e-07	-4.411530e-07	-3.098819e-09	-3.122605e+00	-2.056185e+02
7.900000e-07	-3.384205e-07	-2.910623e-09	-2.395436e+00	-1.931247e+02
8.000000e-07	-2.355830e-07	-2.720087e-09	-1.667523e+00	-1.804008e+02
8.100000e-07	-1.326135e-07	-2.522987e-09	-9.386754e-01	-1.674419e+02
8.200000e-07	-2.957097e-08	-2.320651e-09	-2.093117e-01	-1.542355e+02
8.300000e-07	7.347728e-08	-2.115824e-09	5.200929e-01	-1.407623e+02
8.400000e-07	1.764788e-07	-1.908951e-09	1.249166e+00	-1.269981e+02
8.500000e-07	2.794416e-07	-1.697665e-09	1.977967e+00	-1.129171e+02
8.600000e-07	3.823615e-07	-1.480288e-09	2.706463e+00	-9.849565e+01
8.700000e-07	4.852248e-07	-1.252927e-09	3.434558e+00	-8.371538e+01
8.800000e-07	5.879531e-07	-1.017631e-09	4.161698e+00	-6.856475e+01
8.900000e-07	6.904395e-07	-7.782541e-10	4.887125e+00	-5.303913e+01
9.000000e-07	7.927070e-07	-5.354883e-10	5.611004e+00	-3.713911e+01
9.100000e-07	8.947494e-07	-2.886271e-10	6.333289e+00	-2.086787e+01
9.200000e-07	9.964321e-07	-3.590567e-11	7.053027e+00	-4.228591e+00
9.300000e-07	1.097723e-06	2.227618e-10	7.769989e+00	1.277687e+01
9.400000e-07	1.198628e-06	4.868084e-10	8.484226e+00	3.014736e+01
9.500000e-07	1.299151e-06	7.537496e-10	9.195754e+00	4.787946e+01
9.600000e-07	1.399297e-06	1.025311e-09	9.904620e+00	6.596259e+01
9.700000e-07	1.499043e-06	1.304633e-09	1.061065e+01	8.437325e+01
9.800000e-07	1.598281e-06	1.589868e-09	1.131308e+01	1.030698e+02
9.900000e-07	1.696820e-06	1.877123e-09	1.201057e+01	1.219893e+02
1.000000e-06	1.794549e-06	2.164455e-09	1.270232e+01	1.410477e+02
1.010000e-06	1.891465e-06	2.450465e-09	1.338832e+01	1.601436e+02
1.020000e-06	1.987626e-06	2.734159e-09	1.406898e+01	1.791652e+02
1.030000e-06	2.083047e-06	3.017251e-09	1.474439e+01	1.980001e+02
1.040000e-06	2.177685e-06	3.299858e-09	1.541427e+01	2.165442e+02
1.050000e-06	2.271580e-06	3.575391e-09	1.607888e+01	2.347106e+02
1.060000e-06	2.364697e-06	3.841684e-09	1.673799e+01	2.524346e+02
1.070000e-06	2.457057e-06	4.102162e-09	1.739174e+01	2.696749e+02
1.080000e-06	2.548702e-06	4.357847e-09	1.804043e+01	2.864112e+02
1.090000e-06	2.639459e-06	4.606432e-09	1.868284e+01	3.026387e+02
1.100000e-06	2.729050e-06	4.846141e-09	1.931699e+01	3.183614e+02
1.110000e-06	2.817441e-06	5.075551e-09	1.994264e+01	3.335853e+02
1.120000e-06	2.904904e-06	5.295827e-09	2.056173e+01	3.483137e+02
1.130000e-06	2.991466e-06	5.509103e-09	2.117444e+01	3.625455e+02
1.140000e-06	3.077016e-06	5.716503e-09	2.177999e+01	3.762758e+02
1.150000e-06	3.161563e-06	5.916958e-09	2.237843e+01	3.894991e+02
1.160000e-06	3.245201e-06	6.110120e-09	2.297045e+01	4.022134e+02
1.170000e-06	3.327791e-06	6.297832e-09	2.355504e+01	4.144235e+02
1.180000e-06	3.409033e-06	6.477956e-09	2.413010e+01	4.261430e+02
1.190000e-06	3.489004e-06	6.650036e-09	2.469615e+01	4.373933e+02
1.200000e-06	3.567781e-06	6.814676e-09	2.525376e+01	4.482011e+02
1.210000e-06	3.645305e-06	6.972936e-09	2.580249e+01	4.585936e+02
1.220000e-06	3.721562e-06	7.124786e-09	2.634226e+01	4.685941e+02
1.230000e-06	3.796403e-06	7.271009e-09	2.687201e+01	4.782179e+02
1.240000e-06	3.869600e-06	7.412330e-09	2.739012e+01	4.874710e+02
1.250000e-06	3.941190e-06	7.548067e-09	2.789686e+01	4.963511e+02
1.260000e-06	4.011411e-06	7.676086e-09	2.839390e+01	5.048509e+02
1.270000e-06	4.080316e-06	7.797501e-09	2.888162e+01	5.129630e+02
1.280000e-06	4.147844e-06	7.913298e-09	2.935961e+01	5.206846e+02
1.290000e-06	4.213828e-06	8.023098e-09	2.982666e+01	5.280217e+02
1.300000e-06	4.278158e-06	8.128170e-09	3.028200e+01	5.349906e+02
1.310000e-06	4.340904e-06	8.228082e-09	3.072614e+01	5.416171e+02
1.320000e-06	4.402199e-06	8.323836e-09	3.116000e+01	5.479333e+02
1.330000e-06	4.462133e-06	8.415424e-09	3.158424e+01	5.539729e+02
1.340000e-06	4.520543e-06	8.504894e-09	3.199768e+01	5.597664e+02
1.350000e-06	4.577166e-06	8.591261e-09	3.239847e+01	5.653373e+02
1.360000e-06	4.632050e-06	8.670934e-09	3.278696e+01	5.706996e+02
1.370000e-06	4.685293e-06	8.746259e-09	3.316382e+01	5.758579e+02
1.380000e-06	4.736722e-06	8.819974e-09	3.352785e+01	5.808097e+02
1.390000e-06	4.786038e-06	8.893450e-09	3.387693e+01	5.855481e+02
1.400000e-06	4.833397e-06	8.964475e-09	3.421214e+01	5.900659e+02
1.410000e-06	4.879128e-06	9.030942e-09	3.453585e+01	5.943580e+02
1.420000e-06	4.923335e-06	9.092844e-09	3.484875e+01	5.984231e+02
1.430000e-06	4.965918e-06	9.150513e-09	3.515017e+01	6.022639e+02
1.440000e-06	5.006561e-06	9.204500e-09	3.543785e+01	6.058857e+02
1.450000e-06	5.045409e-06	9.255628e-09	3.571283e+01	6.092950e+02
1.460000e-06	5.082670e-06	9.303854e-09	3.597657e+01	6.124973e+02
1.470000e-06	5.118260e-06	9.347649e-09	3.622849e+01	6.154967e+02
1.480000e-06	5.151962e-06	9.387915e-09	3.646704e+01	6.182952e+02
1.490000e-06	5.183709e-06	9.425238e-09	3.669175e+01	6.208939e+02
1.500000e-06	5.213702e-06	9.459330e-09	3.690405e+01	6.232942e+02
1.510000e-06	5.242039e-06	9.490641e-09	3.710463e+01	6.254991e+02
1.520000e-06	5.268486e-06	9.518753e-09	3.729183e+01	6.275136e+02
1.530000e-06	5.292799e-06	9.543985e-09	3.746392e+01	6.293450e+02
1.540000e-06	5.315153e-06	9.567112e-09	3.762215e+01	6.310009e+02
1.550000e-06	5.335763e-06	9.589284e-09	3.776804e+01	6.324885e+02
1.560000e-06	5.354614e-06	9.609508e-09	3.790147e+01	6.338125e+02
1.570000e-06	5.371493e-06	9.626411e-09	3.802094e+01	6.349748e+02
1.580000e-06	5.386322e-06	9.640087e-09	3.812591e+01	6.359743e+02
1.590000e-06	5.399179e-06	9.652668e-09	3.821691e+01	6.368087e+02
1.600000e-06	5.409898e-06	9.663711e-09	3.829278e+01	6.374764e+02
1.610000e-06	5.418392e-06	9.671713e-09	3.835291e+01	6.379786e+02
1.620000e-06	5.424914e-06	9.677248e-09	3.839907e+01	6.383210e+02
1.630000e-06	5.429702e-06	9.681874e-09	3.843296e+01	6.385137e+02
1.640000e-06	5.432648e-06	9.685140e-09	3.845381e+01	6.385697e+02
1.650000e-06	5.433522e-06	9.686758e-09	3.846000e+01	6.385028e+02
1.660000e-06	5.432486e-06	9.684875e-09	3.845267e+01	6.383233e+02
1.670000e-06	5.429747e-06	9.679310e-09	3.843328e+01	6.380359e+02
1.680000e-06	5.425327e-06	9.672933e-09	3.840200e+01	6.376375e+02
1.690000e-06	5.419019e-06	9.663430e-09	3.835734e+01	6.371181e+02
1.700000e-06	5.410858e-06	9.652448e-09	3.829958e+01	6.364628e+02
1.710000e-06	5.401135e-06	9.641912e-09	3.823075e+01	6.356565e+02
1.720000e-06	5.389785e-06	9.632994e-09	3.815042e+01	6.346890e+02
1.730000e-06	5.376572e-06	9.615643e-09	3.805689e+01	6.335588e+02
1.740000e-06	5.361301e-06	9.555681e-09	3.794880e+01	6.322761e+02
1.750000e-06	5.343710e-06	9.523602e-09	3.782428e+01	6.308625e+02
1.760000e-06	5.323437e-06	9.524360e-09	3.768079e+01	6.293473e+02
1.770000e-06	5.300674e-06	9.524701e-09	3.751966e+01	6.277622e+02
1.780000e-06	5.276408e-06	9.558453e-09	3.734791e+01	6.261347e+02
1.790000e-06	5.251425e-06	9.481984e-09	3.717106e+01	6.244815e+02
1.800000e-06	5.225231e-06	9.409368e-09	3.698566e+01	6.228039e+02
1.810000e-06	5.196878e-06	9.454952e-09	3.678497e+01	6.210872e+02
1.820000e-06	5.166513e-06	9.385462e-09	3.657003e+01	6.193021e+02
1.830000e-06	5.134519e-06	9.375004e-09	3.634357e+01	6.174107e+02
1.840000e-06	5.100583e-06	9.444322e-09	3.610336e+01	6.153729e+02
1.850000e-06	5.064958e-06	9.357440e-09	3.585120e+01	6.131542e+02
1.860000e-06	5.027659e-06	9.347445e-09	3.558719e+01	6.107317e+02
1.870000e-06	4.988367e-06	9.334151e-09	3.530907e+01	6.080969e+02
1.880000e-06	4.947410e-06	9.198030e-09	3.501917e+01	6.052556e+02
1.890000e-06	4.904682e-06	9.204501e-09	3.471672e+01	6.022252e+02
1.900000e-06	4.860197e-06	9.172279e-09	3.440185e+01	5.990287e+02
1.910000e-06	4.813987e-06	9.097107e-09	3.407475e+01	5.956892e+02
1.920000e-06	4.765741e-06	9.074221e-09	3.373326e+01	5.922245e+02
1.930000e-06	4.715761e-06	8.968376e-09	3.337949e+01	5.886440e+02
1.940000e-06	4.664107e-06	8.964579e-09	3.301386e+01	5.849478e+02
1.950000e-06	4.610356e-06	8.928931e-09	3.263340e+01	5.811290e+02
1.960000e-06	4.554603e-06	8.810768e-09	3.223876e+01	5.771770e+02
1.970000e-06	4.497155e-06	8.756466e-09	3.183213e+01	5.730816e+02
1.980000e-06	4.438228e-06	8.677818e-09	3.141503e+01	5.688366e+02
1.990000e-06	4.377869e-06	8.638561e-09	3.098779e+01	5.644418e+02
2.000000e-06	4.315805e-06	8.578888e-09	3.054848e+01	5.599026e+02
2.010000e-06	4.252036e-06	8.506667e-09	3.009711e+01	5.552279e+02
2.020000e-06	4.186721e-06	8.442583e-09	2.963479e+01	5.504277e+02
2.030000e-06	4.119975e-06	8.315357e-09	2.916235e+01	5.455088e+02
2.040000e-06	4.051817e-06	8.254417e-09	2.867990e+01	5.404734e+02
2.050000e-06	3.982083e-06	8.202384e-09	2.818630e+01	5.353172e+02
2.060000e-06	3.910842e-06	8.129866e-09	2.768204e+01	5.300308e+02
2.070000e-06	3.838266e-06	8.041556e-09	2.716833e+01	5.246020e+02
2.080000e-06	3.764423e-06	7.923857e-09	2.664564e+01	5.190182e+02
2.090000e-06	3.689207e-06	7.848115e-09	2.611325e+01	5.132701e+02
2.100000e-06	3.612469e-06	7.759801e-09	2.557008e+01	5.073531e+02
2.110000e-06	3.534071e-06	7.680873e-09	2.501515e+01	5.012683e+02
2.120000e-06	3.454290e-06	7.590369e-09	2.445044e+01	4.950211e+02
2.130000e-06	3.373453e-06	7.480582e-09	2.387825e+01	4.886200e+02
2.140000e-06	3.291464e-06	7.378579e-09	2.329791e+01	4.820731e+02
2.150000e-06	3.208408e-06	7.266438e-09	2.271002e+01	4.753861e+02
2.160000e-06	3.124365e-06	7.180831e-09	2.211513e+01	4.685610e+02
2.170000e-06	3.039113e-06	7.086115e-09	2.151170e+01	4.615952e+02
2.180000e-06	2.952488e-06	6.966396e-09	2.089854e+01	4.544826e+02
2.190000e-06	2.864700e-06	6.839155e-09	2.027716e+01	4.472151e+02
2.200000e-06	2.775948e-06	6.728984e-09	1.964894e+01	4.397843e+02
2.210000e-06	2.686256e-06	6.635914e-09	1.901408e+01	4.321834e+02
2.220000e-06	2.595700e-06	6.521026e-09	1.837309e+01	4.244076e+02
2.230000e-06	2.504308e-06	6.386630e-09	1.772620e+01	4.164546e+02
2.240000e-06	2.412038e-06	6.253653e-09	1.707308e+01	4.083238e+02
2.250000e-06	2.318879e-06	6.131116e-09	1.641368e+01	4.000154e+02
2.260000e-06	2.224868e-06	6.002153e-09	1.574824e+01	3.915291e+02
2.270000e-06	2.129907e-06	5.876405e-09	1.507608e+01	3.828637e+02
2.280000e-06	2.034007e-06	5.750141e-09	1.439728e+01	3.740171e+02
2.290000e-06	1.937385e-06	5.603607e-09	1.371336e+01	3.649864e+02
2.300000e-06	1.840172e-06	5.449529e-09	1.302525e+01	3.557685e+02
2.310000e-06	1.742460e-06	5.308537e-09	1.233362e+01	3.463605e+02
2.320000e-06	1.644223e-06	5.178509e-09	1.163828e+01	3.367597e+02
2.330000e-06	1.545427e-06	5.034100e-09	1.093896e+01	3.269634e+02
2.340000e-06	1.446134e-06	4.873244e-09	1.023615e+01	3.169681e+02
2.350000e-06	1.346401e-06	4.710333e-09	9.530207e+00	3.067686e+02
2.360000e-06	1.246326e-06	4.553941e-09	8.821843e+00	2.963580e+02
2.370000e-06	1.145971e-06	4.398413e-09	8.111509e+00	2.857274e+02
2.380000e-06	1.045231e-06	4.238704e-09	7.398437e+00	2.748674e+02
2.390000e-06	9.440702e-07	4.070439e-09	6.682395e+00	2.637690e+02
2.400000e-06	8.425297e-07	3.892709e-09	5.963663e+00	2.524259e+02
2.410000e-06	7.406068e-07	3.714388e-09	5.242223e+00	2.408355e+02
2.420000e-06	6.383413e-07	3.538665e-09	4.518359e+00	2.289991e+02
2.430000e-06	5.357563e-07	3.361183e-09	3.792234e+00	2.169216e+02
2.440000e-06	4.329083e-07	3.174614e-09	3.064247e+00	2.046088e+02
2.450000e-06	3.298445e-07	2.978475e-09	2.334732e+00	1.920653e+02
2.460000e-06	2.265946e-07	2.778544e-09	1.603900e+00	1.792913e+02
2.470000e-06	1.232341e-07	2.582133e-09	8.722854e-01	1.662801e+02
2.480000e-06	1.984767e-08	2.383543e-09	1.404874e-01	1.530179e+02
2.490000e-06	-8.355018e-08	2.175956e-09	-5.913917e-01	1.394840e+02
2.500000e-06	-1.869431e-07	1.960290e-09	-1.323236e+00	1.256536e+02
2.510000e-06	-2.903323e-07	1.740031e-09	-2.055054e+00	1.115011e+02
2.520000e-06	-3.936282e-07	1.520584e-09	-2.786211e+00	9.700363e+01
2.530000e-06	-4.967201e-07	1.298687e-09	-3.515925e+00	8.214426e+01
2.540000e-06	-5.995885e-07	1.071348e-09	-4.244056e+00	6.691298e+01
2.550000e-06	-7.021734e-07	8.353000e-10	-4.970181e+00	5.130649e+01
2.560000e-06	-8.044286e-07	5.867368e-10	-5.693973e+00	3.532616e+01
2.570000e-06	-9.062293e-07	3.323812e-10	-6.414546e+00	1.897535e+01
2.580000e-06	-1.007526e-06	7.818772e-11	-7.131550e+00	2.257035e+00
2.590000e-06	-1.108424e-06	-1.786153e-10	-7.845737e+00	-1.482722e+01
2.600000e-06	-1.208962e-06	-4.441362e-10	-8.557370e+00	-3.227611e+01
2.610000e-06	-1.309026e-06	-7.186515e-10	-9.265653e+00	-5.008514e+01
2.620000e-06	-1.408580e-06	-9.991310e-10	-9.970326e+00	-6.824145e+01
2.630000e-06	-1.507685e-06	-1.282928e-09	-1.067182e+01	-8.671804e+01
2.640000e-06	-1.606305e-06	-1.569325e-09	-1.136988e+01	-1.054689e+02
2.650000e-06	-1.704353e-06	-1.860298e-09	-1.206389e+01	-1.244264e+02
2.660000e-06	-1.801799e-06	-2.156540e-09	-1.275364e+01	-1.435023e+02
2.670000e-06	-1.898612e-06	-2.453818e-09	-1.343891e+01	-1.625923e+02
2.680000e-06	-1.994846e-06	-2.746311e-09	-1.412008e+01	-1.815837e+02
2.690000e-06	-2.090543e-06	-3.033295e-09	-1.479745e+01	-2.003650e+02
2.700000e-06	-2.185516e-06	-3.315421e-09	-1.546970e+01	-2.188353e+02
2.710000e-06	-2.279500e-06	-3.594408e-09	-1.613495e+01	-2.369120e+02
2.720000e-06	-2.372446e-06	-3.867533e-09	-1.679284e+01	-2.545355e+02
2.730000e-06	-2.464508e-06	-4.130361e-09	-1.744448e+01	-2.716693e+02
2.740000e-06	-2.555721e-06	-4.383102e-09	-1.809011e+01	-2.882970e+02
2.750000e-06	-2.646011e-06	-4.628279e-09	-1.872921e+01	-3.044164e+02
2.760000e-06	-2.735353e-06	-4.868536e-09	-1.936160e+01	-3.200322e+02
2.770000e-06	-2.823813e-06	-5.103695e-09	-1.998775e+01	-3.351502e+02
2.780000e-06	-2.911453e-06	-5.330767e-09	-2.060809e+01	-3.497729e+02
2.790000e-06	-2.998058e-06	-5.547679e-09	-2.122110e+01	-3.638982e+02
2.800000e-06	-3.083403e-06	-5.756006e-09	-2.182520e+01	-3.775208e+02
2.810000e-06	-3.167603e-06	-5.956749e-09	-2.242119e+01	-3.906354e+02
2.820000e-06	-3.250742e-06	-6.149321e-09	-2.300967e+01	-4.032415e+02
2.830000e-06	-3.332822e-06	-6.334672e-09	-2.359065e+01	-4.153455e+02
2.840000e-06	-3.413871e-06	-6.512495e-09	-2.416434e+01	-4.269628e+02
2.850000e-06	-3.493808e-06	-6.681639e-09	-2.473016e+01	-4.381164e+02
2.860000e-06	-3.572370e-06	-6.843185e-09	-2.528624e+01	-4.488335e+02
2.870000e-06	-3.649342e-06	-7.000682e-09	-2.583107e+01	-4.591407e+02
2.880000e-06	-3.724832e-06	-7.154279e-09	-2.636541e+01	-4.690600e+02
2.890000e-06	-3.798928e-06	-7.301197e-09	-2.688988e+01	-4.786046e+02
2.900000e-06	-3.871687e-06	-7.441309e-09	-2.740489e+01	-4.877787e+02
2.910000e-06	-3.943110e-06	-7.575790e-09	-2.791045e+01	-4.965784e+02
2.920000e-06	-4.012958e-06	-7.704404e-09	-2.840485e+01	-5.049962e+02
2.930000e-06	-4.081268e-06	-7.828056e-09	-2.888836e+01	-5.130250e+02
2.940000e-06	-4.148155e-06	-7.947265e-09	-2.936181e+01	-5.206638e+02
2.950000e-06	-4.213621e-06	-8.060751e-09	-2.982520e+01	-5.279208e+02
2.960000e-06	-4.277708e-06	-8.167818e-09	-3.027882e+01	-5.348144e+02
2.970000e-06	-4.340219e-06	-8.268858e-09	-3.072130e+01	-5.413720e+02
2.980000e-06	-4.400968e-06	-8.365072e-09	-3.115130e+01	-5.476265e+02
2.990000e-06	-4.460093e-06	-8.457429e-09	-3.156980e+01	-5.536115e+02
3.000000e-06	-4.517736e-06	-8.545880e-09	-3.197781e+01	-5.593561e+02
3.010000e-06	-4.573854e-06	-8.630310e-09	-3.237503e+01	-5.648819e+02
3.020000e-06	-4.628184e-06	-8.711639e-09	-3.275959e+01	-5.702009e+02
3.030000e-06	-4.680577e-06	-8.790586e-09	-3.313044e+01	-5.753158e+02
3.040000e-06	-4.731129e-06	-8.867480e-09	-3.348826e+01	-5.802230e+02
3.050000e-06	-4.779760e-06	-8.940241e-09	-3.383249e+01	-5.849152e+02
3.060000e-06	-4.826524e-06	-9.007477e-09	-3.416350e+01	-5.893854e+02
3.070000e-06	-4.871687e-06	-9.072025e-09	-3.448317e+01	-5.936293e+02
3.080000e-06	-4.915341e-06	-9.134054e-09	-3.479217e+01	-5.976464e+02
3.090000e-06	-4.957432e-06	-9.193723e-09	-3.509010e+01	-6.014402e+02
3.100000e-06	-4.997966e-06	-9.249847e-09	-3.537701e+01	-6.050164e+02
3.110000e-06	-5.036735e-06	-9.301581e-09	-3.565143e+01	-6.083814e+02
3.120000e-06	-5.073554e-06	-9.350616e-09	-3.591205e+01	-6.115405e+02
3.130000e-06	-5.108622e-06	-9.397841e-09	-3.616026e+01	-6.144972e+02
3.140000e-06	-5.142032e-06	-9.443424e-09	-3.639675e+01	-6.172532e+02
3.150000e-06	-5.173606e-06	-9.484697e-09	-3.662024e+01	-6.198097e+02
3.160000e-06	-5.203133e-06	-9.521665e-09	-3.682924e+01	-6.221683e+02
3.170000e-06	-5.230729e-06	-9.556673e-09	-3.702457e+01	-6.243323e+02
3.180000e-06	-5.256561e-06	-9.588886e-09	-3.720742e+01	-6.263074e+02
3.190000e-06	-5.280709e-06	-9.618486e-09	-3.737835e+01	-6.281010e+02
3.200000e-06	-5.302945e-06	-9.645962e-09	-3.753574e+01	-6.297208e+02
3.210000e-06	-5.323157e-06	-9.669970e-09	-3.767880e+01	-6.311735e+02
3.220000e-06	-5.341555e-06	-9.689904e-09	-3.780903e+01	-6.324633e+02
3.230000e-06	-5.358124e-06	-9.708468e-09	-3.792631e+01	-6.335913e+02
3.240000e-06	-5.372586e-06	-9.724470e-09	-3.802868e+01	-6.345561e+02
3.250000e-06	-5.384818e-06	-9.735338e-09	-3.811526e+01	-6.353553e+02
3.260000e-06	-5.395004e-06	-9.742996e-09	-3.818736e+01	-6.359878e+02
3.270000e-06	-5.403251e-06	-9.748546e-09	-3.824574e+01	-6.364556e+02
3.280000e-06	-5.409513e-06	-9.753363e-09	-3.829006e+01	-6.367653e+02
3.290000e-06	-5.413810e-06	-9.755013e-09	-3.832047e+01	-6.369280e+02
3.300000e-06	-5.416307e-06	-9.753032e-09	-3.833815e+01	-6.369571e+02
3.310000e-06	-5.417062e-06	-9.749353e-09	-3.834349e+01	-6.368658e+02
