# Temperatura_=_76.21
# Concentracion g/m^3_=_15000.0
# C_Vs_to_Am_M_A/Vsm_=_65563218390.804596
# pendiente_HvsI_1/m_=_3716.3
# ordenada_HvsI_A/m_=_1297.0
# frecuencia_Hz_=_301592.0004689097

Tiempo_(s)	Campo_(V.s)	Magnetizacion_(V.s)	Campo_(kA/m)	Magnetizacion_(A/m)
0.000000e+00	-5.391199e-06	-9.484472e-09	-3.833809e+01	-6.191179e+02
1.000000e-08	-5.388535e-06	-9.480270e-09	-3.831914e+01	-6.188118e+02
2.000000e-08	-5.384067e-06	-9.473039e-09	-3.828737e+01	-6.183992e+02
3.000000e-08	-5.377953e-06	-9.466336e-09	-3.824389e+01	-6.178797e+02
4.000000e-08	-5.370283e-06	-9.455201e-09	-3.818935e+01	-6.172460e+02
5.000000e-08	-5.360808e-06	-9.439283e-09	-3.812197e+01	-6.164860e+02
6.000000e-08	-5.349261e-06	-9.418920e-09	-3.803985e+01	-6.155869e+02
7.000000e-08	-5.335818e-06	-9.390939e-09	-3.794426e+01	-6.145401e+02
8.000000e-08	-5.320292e-06	-9.404613e-09	-3.783385e+01	-6.133454e+02
9.000000e-08	-5.302466e-06	-9.435149e-09	-3.770709e+01	-6.120129e+02
1.000000e-07	-5.282552e-06	-9.387374e-09	-3.756547e+01	-6.105635e+02
1.100000e-07	-5.260788e-06	-9.337406e-09	-3.741071e+01	-6.090251e+02
1.200000e-07	-5.237358e-06	-9.274303e-09	-3.724409e+01	-6.074277e+02
1.300000e-07	-5.212329e-06	-9.176851e-09	-3.706610e+01	-6.057962e+02
1.400000e-07	-5.185669e-06	-9.289124e-09	-3.687651e+01	-6.041444e+02
1.500000e-07	-5.157432e-06	-9.275069e-09	-3.667571e+01	-6.024710e+02
1.600000e-07	-5.127762e-06	-9.117682e-09	-3.646472e+01	-6.007582e+02
1.700000e-07	-5.096508e-06	-9.217797e-09	-3.624247e+01	-5.989741e+02
1.800000e-07	-5.063059e-06	-9.121981e-09	-3.600461e+01	-5.970782e+02
1.900000e-07	-5.027721e-06	-8.993841e-09	-3.575331e+01	-5.950286e+02
2.000000e-07	-4.990984e-06	-9.112546e-09	-3.549206e+01	-5.927893e+02
2.100000e-07	-4.952515e-06	-8.997629e-09	-3.521850e+01	-5.903369e+02
2.200000e-07	-4.912236e-06	-8.896611e-09	-3.493207e+01	-5.876634e+02
2.300000e-07	-4.870008e-06	-8.956455e-09	-3.463177e+01	-5.847766e+02
2.400000e-07	-4.825869e-06	-8.870618e-09	-3.431789e+01	-5.816967e+02
2.500000e-07	-4.779958e-06	-8.821213e-09	-3.399141e+01	-5.784511e+02
2.600000e-07	-4.732134e-06	-8.777001e-09	-3.365132e+01	-5.750674e+02
2.700000e-07	-4.682228e-06	-8.697250e-09	-3.329642e+01	-5.715684e+02
2.800000e-07	-4.630240e-06	-8.647706e-09	-3.292673e+01	-5.679673e+02
2.900000e-07	-4.576408e-06	-8.579928e-09	-3.254391e+01	-5.642672e+02
3.000000e-07	-4.521009e-06	-8.535340e-09	-3.214996e+01	-5.604619e+02
3.100000e-07	-4.463905e-06	-8.493688e-09	-3.174388e+01	-5.565395e+02
3.200000e-07	-4.404967e-06	-8.438631e-09	-3.132476e+01	-5.524869e+02
3.300000e-07	-4.344443e-06	-8.344708e-09	-3.089436e+01	-5.482932e+02
3.400000e-07	-4.282443e-06	-8.265134e-09	-3.045346e+01	-5.439534e+02
3.500000e-07	-4.219111e-06	-8.236551e-09	-3.000309e+01	-5.394682e+02
3.600000e-07	-4.154279e-06	-8.148367e-09	-2.954206e+01	-5.348437e+02
3.700000e-07	-4.087735e-06	-8.062990e-09	-2.906885e+01	-5.300886e+02
3.800000e-07	-4.019634e-06	-8.010321e-09	-2.858456e+01	-5.252109e+02
3.900000e-07	-3.950149e-06	-7.921631e-09	-2.809044e+01	-5.202154e+02
4.000000e-07	-3.879414e-06	-7.835123e-09	-2.758743e+01	-5.151020e+02
4.100000e-07	-3.807471e-06	-7.756258e-09	-2.707583e+01	-5.098654e+02
4.200000e-07	-3.734080e-06	-7.690543e-09	-2.655392e+01	-5.044967e+02
4.300000e-07	-3.659069e-06	-7.599893e-09	-2.602050e+01	-4.989853e+02
4.400000e-07	-3.582537e-06	-7.503153e-09	-2.547626e+01	-4.933220e+02
4.500000e-07	-3.504548e-06	-7.419681e-09	-2.492167e+01	-4.875007e+02
4.600000e-07	-3.425152e-06	-7.336448e-09	-2.435706e+01	-4.815196e+02
4.700000e-07	-3.344475e-06	-7.244341e-09	-2.378335e+01	-4.753809e+02
4.800000e-07	-3.262643e-06	-7.132196e-09	-2.320142e+01	-4.690896e+02
4.900000e-07	-3.179706e-06	-7.038572e-09	-2.261164e+01	-4.626516e+02
5.000000e-07	-3.095742e-06	-6.941482e-09	-2.201455e+01	-4.560711e+02
5.100000e-07	-3.010851e-06	-6.829657e-09	-2.141087e+01	-4.493495e+02
5.200000e-07	-2.925001e-06	-6.722405e-09	-2.080037e+01	-4.424844e+02
5.300000e-07	-2.838129e-06	-6.620087e-09	-2.018261e+01	-4.354702e+02
5.400000e-07	-2.750410e-06	-6.511472e-09	-1.955882e+01	-4.282994e+02
5.500000e-07	-2.661762e-06	-6.393918e-09	-1.892841e+01	-4.209640e+02
5.600000e-07	-2.571815e-06	-6.278259e-09	-1.828878e+01	-4.134575e+02
5.700000e-07	-2.480752e-06	-6.164279e-09	-1.764121e+01	-4.057759e+02
5.800000e-07	-2.388856e-06	-6.042925e-09	-1.698772e+01	-3.979182e+02
5.900000e-07	-2.296198e-06	-5.916433e-09	-1.632881e+01	-3.898859e+02
6.000000e-07	-2.202772e-06	-5.791018e-09	-1.566443e+01	-3.816818e+02
6.100000e-07	-2.108517e-06	-5.664076e-09	-1.499416e+01	-3.733084e+02
6.200000e-07	-2.013512e-06	-5.533870e-09	-1.431856e+01	-3.647667e+02
6.300000e-07	-1.917834e-06	-5.399878e-09	-1.363817e+01	-3.560553e+02
6.400000e-07	-1.821524e-06	-5.264943e-09	-1.295329e+01	-3.471694e+02
6.500000e-07	-1.724470e-06	-5.124989e-09	-1.226312e+01	-3.381017e+02
6.600000e-07	-1.626536e-06	-4.978473e-09	-1.156668e+01	-3.288429e+02
6.700000e-07	-1.527871e-06	-4.832757e-09	-1.086505e+01	-3.193830e+02
6.800000e-07	-1.428702e-06	-4.688322e-09	-1.015984e+01	-3.097122e+02
6.900000e-07	-1.329090e-06	-4.539385e-09	-9.451473e+00	-2.998222e+02
7.000000e-07	-1.229099e-06	-4.383446e-09	-8.740415e+00	-2.897066e+02
7.100000e-07	-1.128811e-06	-4.221374e-09	-8.027241e+00	-2.793619e+02
7.200000e-07	-1.028233e-06	-4.054321e-09	-7.312008e+00	-2.687869e+02
7.300000e-07	-9.273544e-07	-3.886805e-09	-6.594636e+00	-2.579827e+02
7.400000e-07	-8.261017e-07	-3.718410e-09	-5.874604e+00	-2.469524e+02
7.500000e-07	-7.244419e-07	-3.546739e-09	-5.151677e+00	-2.356998e+02
7.600000e-07	-6.224770e-07	-3.368619e-09	-4.426581e+00	-2.242287e+02
7.700000e-07	-5.203544e-07	-3.186700e-09	-3.700363e+00	-2.125419e+02
7.800000e-07	-4.181283e-07	-3.006314e-09	-2.973409e+00	-2.006393e+02
7.900000e-07	-3.157895e-07	-2.822677e-09	-2.245654e+00	-1.885177e+02
8.000000e-07	-2.133580e-07	-2.634221e-09	-1.517239e+00	-1.761690e+02
8.100000e-07	-1.108183e-07	-2.442184e-09	-7.880549e-01	-1.635809e+02
8.200000e-07	-8.218599e-09	-2.247090e-09	-5.844439e-02	-1.507370e+02
8.300000e-07	9.438939e-08	-2.049413e-09	6.712252e-01	-1.376180e+02
8.400000e-07	1.969989e-07	-1.846450e-09	1.400905e+00	-1.242035e+02
8.500000e-07	2.995638e-07	-1.636254e-09	2.130269e+00	-1.104740e+02
8.600000e-07	4.020456e-07	-1.420573e-09	2.859041e+00	-9.641269e+01
8.700000e-07	5.044199e-07	-1.199154e-09	3.587049e+00	-8.200644e+01
8.800000e-07	6.066965e-07	-9.721381e-10	4.314362e+00	-6.724629e+01
8.900000e-07	7.087830e-07	-7.415756e-10	5.040323e+00	-5.212678e+01
9.000000e-07	8.105869e-07	-5.073645e-10	5.764275e+00	-3.664484e+01
9.100000e-07	9.121162e-07	-2.679042e-10	6.486274e+00	-2.079858e+01
9.200000e-07	1.013281e-06	-2.060373e-11	7.205682e+00	-4.586519e+00
9.300000e-07	1.114075e-06	2.327593e-10	7.922453e+00	1.199198e+01
9.400000e-07	1.214526e-06	4.917864e-10	8.636783e+00	2.893498e+01
9.500000e-07	1.314635e-06	7.557595e-10	9.348679e+00	4.623490e+01
9.600000e-07	1.414325e-06	1.023427e-09	1.005760e+01	6.387450e+01
9.700000e-07	1.513477e-06	1.294799e-09	1.076269e+01	8.182296e+01
9.800000e-07	1.612001e-06	1.568952e-09	1.146332e+01	1.000328e+02
9.900000e-07	1.709757e-06	1.845529e-09	1.215849e+01	1.184389e+02
1.000000e-06	1.806770e-06	2.122859e-09	1.284837e+01	1.369596e+02
1.010000e-06	1.903018e-06	2.401199e-09	1.353281e+01	1.555011e+02
1.020000e-06	1.998493e-06	2.679910e-09	1.421175e+01	1.739633e+02
1.030000e-06	2.093231e-06	2.958723e-09	1.488546e+01	1.922474e+02
1.040000e-06	2.187271e-06	3.235357e-09	1.555420e+01	2.102627e+02
1.050000e-06	2.280581e-06	3.502885e-09	1.621775e+01	2.279330e+02
1.060000e-06	2.373186e-06	3.761550e-09	1.687628e+01	2.451998e+02
1.070000e-06	2.465119e-06	4.014393e-09	1.753004e+01	2.620227e+02
1.080000e-06	2.556228e-06	4.263522e-09	1.817794e+01	2.783778e+02
1.090000e-06	2.646281e-06	4.507125e-09	1.881833e+01	2.942530e+02
1.100000e-06	2.735182e-06	4.742294e-09	1.945052e+01	3.096437e+02
1.110000e-06	2.822988e-06	4.965838e-09	2.007494e+01	3.245479e+02
1.120000e-06	2.909877e-06	5.181476e-09	2.069282e+01	3.389634e+02
1.130000e-06	2.995892e-06	5.392673e-09	2.130449e+01	3.528869e+02
1.140000e-06	3.080916e-06	5.597589e-09	2.190912e+01	3.663142e+02
1.150000e-06	3.164985e-06	5.794642e-09	2.250695e+01	3.792430e+02
1.160000e-06	3.248093e-06	5.982242e-09	2.309795e+01	3.916751e+02
1.170000e-06	3.330047e-06	6.163384e-09	2.368075e+01	4.036183e+02
1.180000e-06	3.410672e-06	6.336998e-09	2.425409e+01	4.150869e+02
1.190000e-06	3.490067e-06	6.504868e-09	2.481869e+01	4.261003e+02
1.200000e-06	3.568240e-06	6.665828e-09	2.537460e+01	4.366805e+02
1.210000e-06	3.645156e-06	6.820758e-09	2.592156e+01	4.468482e+02
1.220000e-06	3.720779e-06	6.969545e-09	2.645933e+01	4.566197e+02
1.230000e-06	3.794841e-06	7.113484e-09	2.698601e+01	4.660047e+02
1.240000e-06	3.867278e-06	7.253953e-09	2.750112e+01	4.750060e+02
1.250000e-06	3.938310e-06	7.385313e-09	2.800625e+01	4.836216e+02
1.260000e-06	4.008000e-06	7.505803e-09	2.850183e+01	4.918476e+02
1.270000e-06	4.076320e-06	7.619498e-09	2.898767e+01	4.996831e+02
1.280000e-06	4.143220e-06	7.730254e-09	2.946341e+01	5.071333e+02
1.290000e-06	4.208486e-06	7.836759e-09	2.992753e+01	5.142122e+02
1.300000e-06	4.272144e-06	7.938171e-09	3.038022e+01	5.209431e+02
1.310000e-06	4.334333e-06	8.034888e-09	3.082247e+01	5.273559e+02
1.320000e-06	4.395126e-06	8.127890e-09	3.125478e+01	5.334841e+02
1.330000e-06	4.454528e-06	8.217646e-09	3.167720e+01	5.393596e+02
1.340000e-06	4.512271e-06	8.304967e-09	3.208782e+01	5.450085e+02
1.350000e-06	4.568220e-06	8.388357e-09	3.248569e+01	5.504482e+02
1.360000e-06	4.622454e-06	8.466101e-09	3.287136e+01	5.556860e+02
1.370000e-06	4.675018e-06	8.539707e-09	3.324516e+01	5.607208e+02
1.380000e-06	4.725729e-06	8.612193e-09	3.360578e+01	5.655458e+02
1.390000e-06	4.774396e-06	8.683079e-09	3.395185e+01	5.701521e+02
1.400000e-06	4.821215e-06	8.749845e-09	3.428480e+01	5.745327e+02
1.410000e-06	4.866452e-06	8.810990e-09	3.460649e+01	5.786848e+02
1.420000e-06	4.910120e-06	8.868489e-09	3.491702e+01	5.826107e+02
1.430000e-06	4.951969e-06	8.924399e-09	3.521462e+01	5.863172e+02
1.440000e-06	4.991946e-06	8.979020e-09	3.549890e+01	5.898130e+02
1.450000e-06	5.030242e-06	9.032470e-09	3.577124e+01	5.931065e+02
1.460000e-06	5.066942e-06	9.079912e-09	3.603222e+01	5.962033e+02
1.470000e-06	5.101935e-06	9.119891e-09	3.628106e+01	5.991054e+02
1.480000e-06	5.134959e-06	9.156701e-09	3.651590e+01	6.018112e+02
1.490000e-06	5.166094e-06	9.191339e-09	3.673731e+01	6.043174e+02
1.500000e-06	5.195588e-06	9.223881e-09	3.694705e+01	6.066211e+02
1.510000e-06	5.223440e-06	9.255018e-09	3.714511e+01	6.087227e+02
1.520000e-06	5.249304e-06	9.283729e-09	3.732904e+01	6.106269e+02
1.530000e-06	5.273037e-06	9.308775e-09	3.749781e+01	6.123429e+02
1.540000e-06	5.294899e-06	9.330008e-09	3.765327e+01	6.138834e+02
1.550000e-06	5.315082e-06	9.348887e-09	3.779680e+01	6.152619e+02
1.560000e-06	5.333492e-06	9.365652e-09	3.792772e+01	6.164899e+02
1.570000e-06	5.349885e-06	9.381053e-09	3.804430e+01	6.175747e+02
1.580000e-06	5.364265e-06	9.393904e-09	3.814655e+01	6.185185e+02
1.590000e-06	5.376664e-06	9.404565e-09	3.823472e+01	6.193184e+02
1.600000e-06	5.386805e-06	9.414421e-09	3.830684e+01	6.199689e+02
1.610000e-06	5.394823e-06	9.423113e-09	3.836386e+01	6.204647e+02
1.620000e-06	5.401004e-06	9.429612e-09	3.840781e+01	6.208033e+02
1.630000e-06	5.405400e-06	9.434111e-09	3.843907e+01	6.209874e+02
1.640000e-06	5.407907e-06	9.437704e-09	3.845690e+01	6.210250e+02
1.650000e-06	5.408343e-06	9.439233e-09	3.846000e+01	6.209279e+02
1.660000e-06	5.406896e-06	9.434688e-09	3.844972e+01	6.207091e+02
1.670000e-06	5.403812e-06	9.428911e-09	3.842778e+01	6.203793e+02
1.680000e-06	5.399087e-06	9.421714e-09	3.839418e+01	6.199436e+02
1.690000e-06	5.392445e-06	9.411972e-09	3.834695e+01	6.193999e+02
1.700000e-06	5.383993e-06	9.401511e-09	3.828684e+01	6.187396e+02
1.710000e-06	5.373985e-06	9.392796e-09	3.821567e+01	6.179502e+02
1.720000e-06	5.362264e-06	9.395782e-09	3.813232e+01	6.170194e+02
1.730000e-06	5.348575e-06	9.372491e-09	3.803498e+01	6.159400e+02
1.740000e-06	5.332790e-06	9.289274e-09	3.792273e+01	6.147139e+02
1.750000e-06	5.314665e-06	9.283382e-09	3.779383e+01	6.133538e+02
1.760000e-06	5.293865e-06	9.282585e-09	3.764592e+01	6.118822e+02
1.770000e-06	5.270748e-06	9.304740e-09	3.748153e+01	6.103282e+02
1.780000e-06	5.246369e-06	9.352136e-09	3.730816e+01	6.087211e+02
1.790000e-06	5.221312e-06	9.167365e-09	3.712998e+01	6.070840e+02
1.800000e-06	5.194827e-06	9.176103e-09	3.694164e+01	6.054277e+02
1.810000e-06	5.166161e-06	9.245835e-09	3.673779e+01	6.037473e+02
1.820000e-06	5.135664e-06	9.069605e-09	3.652092e+01	6.020217e+02
1.830000e-06	5.103464e-06	9.170873e-09	3.629193e+01	6.002167e+02
1.840000e-06	5.069317e-06	9.186294e-09	3.604911e+01	5.982907e+02
1.850000e-06	5.033577e-06	8.993124e-09	3.579495e+01	5.962026e+02
1.860000e-06	4.996051e-06	9.110351e-09	3.552809e+01	5.939186e+02
1.870000e-06	4.956576e-06	9.033365e-09	3.524738e+01	5.914183e+02
1.880000e-06	4.915422e-06	8.886107e-09	3.495473e+01	5.886974e+02
1.890000e-06	4.872414e-06	8.968332e-09	3.464888e+01	5.857666e+02
1.900000e-06	4.827827e-06	8.840806e-09	3.433182e+01	5.826482e+02
1.910000e-06	4.781468e-06	8.831263e-09	3.400215e+01	5.793702e+02
1.920000e-06	4.732979e-06	8.798687e-09	3.365733e+01	5.759596e+02
1.930000e-06	4.682844e-06	8.666420e-09	3.330081e+01	5.724373e+02
1.940000e-06	4.631067e-06	8.735751e-09	3.293261e+01	5.688145e+02
1.950000e-06	4.577251e-06	8.618704e-09	3.254991e+01	5.650921e+02
1.960000e-06	4.521458e-06	8.515454e-09	3.215315e+01	5.612623e+02
1.970000e-06	4.463938e-06	8.483085e-09	3.174412e+01	5.573125e+02
1.980000e-06	4.404995e-06	8.413927e-09	3.132496e+01	5.532298e+02
1.990000e-06	4.344597e-06	8.399177e-09	3.089546e+01	5.490045e+02
2.000000e-06	4.282478e-06	8.262850e-09	3.045371e+01	5.446326e+02
2.010000e-06	4.218698e-06	8.247598e-09	3.000015e+01	5.401164e+02
2.020000e-06	4.153374e-06	8.182336e-09	2.953562e+01	5.354626e+02
2.030000e-06	4.086632e-06	8.032828e-09	2.906100e+01	5.306800e+02
2.040000e-06	4.018510e-06	8.024879e-09	2.857657e+01	5.257763e+02
2.050000e-06	3.948848e-06	7.949434e-09	2.808119e+01	5.207552e+02
2.060000e-06	3.877642e-06	7.877035e-09	2.757483e+01	5.156154e+02
2.070000e-06	3.805108e-06	7.760065e-09	2.705902e+01	5.103508e+02
2.080000e-06	3.731308e-06	7.671361e-09	2.653421e+01	5.049518e+02
2.090000e-06	3.656147e-06	7.634059e-09	2.599972e+01	4.994080e+02
2.100000e-06	3.579579e-06	7.522080e-09	2.545523e+01	4.937106e+02
2.110000e-06	3.501385e-06	7.433003e-09	2.489917e+01	4.878545e+02
2.120000e-06	3.421738e-06	7.338390e-09	2.433278e+01	4.818387e+02
2.130000e-06	3.340987e-06	7.258241e-09	2.375855e+01	4.756663e+02
2.140000e-06	3.259097e-06	7.148501e-09	2.317621e+01	4.693426e+02
2.150000e-06	3.176095e-06	7.049517e-09	2.258596e+01	4.628732e+02
2.160000e-06	3.092105e-06	6.973522e-09	2.198869e+01	4.562619e+02
2.170000e-06	3.007017e-06	6.858797e-09	2.138361e+01	4.495092e+02
2.180000e-06	2.920548e-06	6.746554e-09	2.076870e+01	4.426122e+02
2.190000e-06	2.832852e-06	6.633670e-09	2.014508e+01	4.355646e+02
2.200000e-06	2.744249e-06	6.544398e-09	1.951500e+01	4.283586e+02
2.210000e-06	2.654805e-06	6.436620e-09	1.887894e+01	4.209864e+02
2.220000e-06	2.564395e-06	6.311565e-09	1.823601e+01	4.134420e+02
2.230000e-06	2.473035e-06	6.191478e-09	1.758634e+01	4.057221e+02
2.240000e-06	2.380965e-06	6.069678e-09	1.693160e+01	3.978262e+02
2.250000e-06	2.288174e-06	5.951575e-09	1.627174e+01	3.897563e+02
2.260000e-06	2.194525e-06	5.826318e-09	1.560578e+01	3.815152e+02
2.270000e-06	2.099849e-06	5.700507e-09	1.493252e+01	3.731051e+02
2.280000e-06	2.004187e-06	5.569057e-09	1.425225e+01	3.645268e+02
2.290000e-06	1.907840e-06	5.433602e-09	1.356710e+01	3.557779e+02
2.300000e-06	1.810973e-06	5.300459e-09	1.287826e+01	3.468531e+02
2.310000e-06	1.713553e-06	5.169071e-09	1.218548e+01	3.377448e+02
2.320000e-06	1.615549e-06	5.025917e-09	1.148855e+01	3.284432e+02
2.330000e-06	1.517026e-06	4.873862e-09	1.078793e+01	3.189383e+02
2.340000e-06	1.418034e-06	4.723706e-09	1.008398e+01	3.092206e+02
2.350000e-06	1.318602e-06	4.574098e-09	9.376887e+00	2.992821e+02
2.360000e-06	1.218770e-06	4.426917e-09	8.666964e+00	2.891171e+02
2.370000e-06	1.118635e-06	4.273421e-09	7.954878e+00	2.787225e+02
2.380000e-06	1.018245e-06	4.110076e-09	7.240982e+00	2.680976e+02
2.390000e-06	9.175790e-07	3.943899e-09	6.525120e+00	2.572441e+02
2.400000e-06	8.165699e-07	3.777188e-09	5.806821e+00	2.461653e+02
2.410000e-06	7.151970e-07	3.609096e-09	5.085935e+00	2.348650e+02
2.420000e-06	6.134748e-07	3.433910e-09	4.362564e+00	2.233469e+02
2.430000e-06	5.114541e-07	3.252147e-09	3.637071e+00	2.116134e+02
2.440000e-06	4.092482e-07	3.071823e-09	2.910261e+00	1.996638e+02
2.450000e-06	3.068506e-07	2.888537e-09	2.182087e+00	1.874937e+02
2.460000e-06	2.042540e-07	2.700651e-09	1.452498e+00	1.750943e+02
2.470000e-06	1.014565e-07	2.511027e-09	7.214810e-01	1.624524e+02
2.480000e-06	-1.458130e-09	2.312534e-09	-1.036911e-02	1.495506e+02
2.490000e-06	-1.043546e-07	2.106649e-09	-7.420901e-01	1.363695e+02
2.500000e-06	-2.071731e-07	1.899195e-09	-1.473257e+00	1.228885e+02
2.510000e-06	-3.098778e-07	1.690765e-09	-2.203614e+00	1.090886e+02
2.520000e-06	-4.124510e-07	1.478117e-09	-2.933036e+00	9.495377e+01
2.530000e-06	-5.148276e-07	1.257248e-09	-3.661060e+00	8.047174e+01
2.540000e-06	-6.169926e-07	1.032546e-09	-4.387580e+00	6.563438e+01
2.550000e-06	-7.188561e-07	8.028592e-10	-5.111955e+00	5.043683e+01
2.560000e-06	-8.204184e-07	5.633150e-10	-5.834188e+00	3.487640e+01
2.570000e-06	-9.215961e-07	3.177529e-10	-6.553687e+00	1.895129e+01
2.580000e-06	-1.022297e-06	6.917818e-11	-7.269795e+00	2.660142e+00
2.590000e-06	-1.122644e-06	-1.857633e-10	-7.983385e+00	-1.399733e+01
2.600000e-06	-1.222639e-06	-4.468504e-10	-8.694474e+00	-3.101829e+01
2.610000e-06	-1.322162e-06	-7.107721e-10	-9.402202e+00	-4.839342e+01
2.620000e-06	-1.421194e-06	-9.803142e-10	-1.010644e+01	-6.610290e+01
2.630000e-06	-1.519804e-06	-1.257292e-09	-1.080768e+01	-8.411255e+01
2.640000e-06	-1.617939e-06	-1.538648e-09	-1.150554e+01	-1.023711e+02
2.650000e-06	-1.715481e-06	-1.821901e-09	-1.219919e+01	-1.208097e+02
2.660000e-06	-1.812410e-06	-2.107486e-09	-1.288848e+01	-1.393437e+02
2.670000e-06	-1.908845e-06	-2.394025e-09	-1.357425e+01	-1.578772e+02
2.680000e-06	-2.004774e-06	-2.676550e-09	-1.425642e+01	-1.763100e+02
2.690000e-06	-2.100003e-06	-2.956701e-09	-1.493361e+01	-1.945442e+02
2.700000e-06	-2.194299e-06	-3.233602e-09	-1.560418e+01	-2.124920e+02
2.710000e-06	-2.287566e-06	-3.504333e-09	-1.626742e+01	-2.300807e+02
2.720000e-06	-2.379911e-06	-3.767090e-09	-1.692411e+01	-2.472557e+02
2.730000e-06	-2.471398e-06	-4.021570e-09	-1.757470e+01	-2.639805e+02
2.740000e-06	-2.562014e-06	-4.269311e-09	-1.821908e+01	-2.802340e+02
2.750000e-06	-2.651727e-06	-4.509545e-09	-1.885706e+01	-2.960062e+02
2.760000e-06	-2.740565e-06	-4.744920e-09	-1.948881e+01	-3.112934e+02
2.770000e-06	-2.828567e-06	-4.974642e-09	-2.011461e+01	-3.260936e+02
2.780000e-06	-2.915602e-06	-5.196015e-09	-2.073353e+01	-3.404046e+02
2.790000e-06	-3.001510e-06	-5.407451e-09	-2.134444e+01	-3.542227e+02
2.800000e-06	-3.086196e-06	-5.610645e-09	-2.194667e+01	-3.675438e+02
2.810000e-06	-3.169736e-06	-5.806921e-09	-2.254074e+01	-3.803664e+02
2.820000e-06	-3.252300e-06	-5.996215e-09	-2.312787e+01	-3.926934e+02
2.830000e-06	-3.333887e-06	-6.179577e-09	-2.370805e+01	-4.045341e+02
2.840000e-06	-3.414427e-06	-6.353111e-09	-2.428079e+01	-4.159040e+02
2.850000e-06	-3.493732e-06	-6.517311e-09	-2.484475e+01	-4.268233e+02
2.860000e-06	-3.571556e-06	-6.675623e-09	-2.539818e+01	-4.373140e+02
2.870000e-06	-3.647848e-06	-6.829891e-09	-2.594071e+01	-4.473962e+02
2.880000e-06	-3.722724e-06	-6.978107e-09	-2.647317e+01	-4.570849e+02
2.890000e-06	-3.796213e-06	-7.119311e-09	-2.699576e+01	-4.663882e+02
2.900000e-06	-3.868388e-06	-7.257601e-09	-2.750902e+01	-4.753077e+02
2.910000e-06	-3.939177e-06	-7.392415e-09	-2.801241e+01	-4.838406e+02
2.920000e-06	-4.008315e-06	-7.519355e-09	-2.850407e+01	-4.919835e+02
2.930000e-06	-4.075962e-06	-7.637547e-09	-2.898513e+01	-4.997363e+02
2.940000e-06	-4.142249e-06	-7.749579e-09	-2.945651e+01	-5.071060e+02
2.950000e-06	-4.207149e-06	-7.857030e-09	-2.991803e+01	-5.141087e+02
2.960000e-06	-4.270653e-06	-7.959270e-09	-3.036962e+01	-5.207692e+02
2.970000e-06	-4.332498e-06	-8.057718e-09	-3.080942e+01	-5.271188e+02
2.980000e-06	-4.392615e-06	-8.153145e-09	-3.123692e+01	-5.331908e+02
2.990000e-06	-4.451230e-06	-8.244048e-09	-3.165375e+01	-5.390164e+02
3.000000e-06	-4.508410e-06	-8.330212e-09	-3.206036e+01	-5.446199e+02
3.010000e-06	-4.563975e-06	-8.412955e-09	-3.245550e+01	-5.500166e+02
3.020000e-06	-4.617688e-06	-8.493466e-09	-3.283747e+01	-5.552118e+02
3.030000e-06	-4.669503e-06	-8.570616e-09	-3.320594e+01	-5.602030e+02
3.040000e-06	-4.719451e-06	-8.643193e-09	-3.356113e+01	-5.649824e+02
3.050000e-06	-4.767445e-06	-8.711353e-09	-3.390242e+01	-5.695414e+02
3.060000e-06	-4.813643e-06	-8.776238e-09	-3.423095e+01	-5.738737e+02
3.070000e-06	-4.858304e-06	-8.839728e-09	-3.454855e+01	-5.779775e+02
3.080000e-06	-4.901477e-06	-8.901419e-09	-3.485556e+01	-5.818563e+02
3.090000e-06	-4.943150e-06	-8.960013e-09	-3.515191e+01	-5.855174e+02
3.100000e-06	-4.983222e-06	-9.012613e-09	-3.543687e+01	-5.889697e+02
3.110000e-06	-5.021408e-06	-9.061557e-09	-3.570842e+01	-5.922213e+02
3.120000e-06	-5.057664e-06	-9.109310e-09	-3.596624e+01	-5.952770e+02
3.130000e-06	-5.092219e-06	-9.154281e-09	-3.621197e+01	-5.981378e+02
3.140000e-06	-5.125104e-06	-9.197475e-09	-3.644582e+01	-6.008017e+02
3.150000e-06	-5.156158e-06	-9.235726e-09	-3.666665e+01	-6.032652e+02
3.160000e-06	-5.185247e-06	-9.270189e-09	-3.687351e+01	-6.055261e+02
3.170000e-06	-5.212456e-06	-9.302490e-09	-3.706700e+01	-6.075854e+02
3.180000e-06	-5.237931e-06	-9.333348e-09	-3.724816e+01	-6.094488e+02
3.190000e-06	-5.261561e-06	-9.363388e-09	-3.741620e+01	-6.111267e+02
3.200000e-06	-5.283144e-06	-9.390862e-09	-3.756968e+01	-6.126319e+02
3.210000e-06	-5.302804e-06	-9.412322e-09	-3.770949e+01	-6.139779e+02
3.220000e-06	-5.320707e-06	-9.429889e-09	-3.783680e+01	-6.151753e+02
3.230000e-06	-5.336781e-06	-9.447580e-09	-3.795111e+01	-6.162305e+02
3.240000e-06	-5.350717e-06	-9.463063e-09	-3.805021e+01	-6.171444e+02
3.250000e-06	-5.362421e-06	-9.472979e-09	-3.813344e+01	-6.179133e+02
3.260000e-06	-5.372139e-06	-9.478991e-09	-3.820254e+01	-6.185317e+02
3.270000e-06	-5.380015e-06	-9.483707e-09	-3.825856e+01	-6.189944e+02
3.280000e-06	-5.385897e-06	-9.488123e-09	-3.830038e+01	-6.193001e+02
3.290000e-06	-5.389802e-06	-9.491351e-09	-3.832816e+01	-6.194525e+02
3.300000e-06	-5.391916e-06	-9.489383e-09	-3.834319e+01	-6.194607e+02
3.310000e-06	-5.392275e-06	-9.485385e-09	-3.834574e+01	-6.193370e+02
