# Temperatura_=_82.64
# Concentracion g/m^3_=_15000.0
# C_Vs_to_Am_M_A/Vsm_=_65563218390.804596
# pendiente_HvsI_1/m_=_3716.3
# ordenada_HvsI_A/m_=_1297.0
# frecuencia_Hz_=_301596.4308152262

Tiempo_(s)	Campo_(V.s)	Magnetizacion_(V.s)	Campo_(kA/m)	Magnetizacion_(A/m)
0.000000e+00	-5.418217e-06	-9.855486e-09	-3.833889e+01	-6.438443e+02
1.000000e-08	-5.415563e-06	-9.851387e-09	-3.832011e+01	-6.435882e+02
2.000000e-08	-5.411155e-06	-9.844559e-09	-3.828892e+01	-6.432181e+02
3.000000e-08	-5.405109e-06	-9.840309e-09	-3.824614e+01	-6.427274e+02
4.000000e-08	-5.397520e-06	-9.832043e-09	-3.819244e+01	-6.421055e+02
5.000000e-08	-5.388062e-06	-9.817188e-09	-3.812552e+01	-6.413403e+02
6.000000e-08	-5.376520e-06	-9.795365e-09	-3.804385e+01	-6.404216e+02
7.000000e-08	-5.363121e-06	-9.763930e-09	-3.794904e+01	-6.393449e+02
8.000000e-08	-5.347651e-06	-9.779382e-09	-3.783957e+01	-6.381136e+02
9.000000e-08	-5.329902e-06	-9.819770e-09	-3.771398e+01	-6.367400e+02
1.000000e-07	-5.310042e-06	-9.767619e-09	-3.757345e+01	-6.352443e+02
1.100000e-07	-5.288284e-06	-9.711657e-09	-3.741950e+01	-6.336510e+02
1.200000e-07	-5.264857e-06	-9.652054e-09	-3.725373e+01	-6.319851e+02
1.300000e-07	-5.239812e-06	-9.520552e-09	-3.707651e+01	-6.302673e+02
1.400000e-07	-5.213105e-06	-9.641478e-09	-3.688754e+01	-6.285092e+02
1.500000e-07	-5.184765e-06	-9.667107e-09	-3.668700e+01	-6.267112e+02
1.600000e-07	-5.154934e-06	-9.483533e-09	-3.647592e+01	-6.248615e+02
1.700000e-07	-5.123559e-06	-9.602668e-09	-3.625392e+01	-6.229376e+02
1.800000e-07	-5.090101e-06	-9.507367e-09	-3.601717e+01	-6.209097e+02
1.900000e-07	-5.054791e-06	-9.318578e-09	-3.576731e+01	-6.187456e+02
2.000000e-07	-5.018000e-06	-9.446261e-09	-3.550698e+01	-6.164149e+02
2.100000e-07	-4.979428e-06	-9.355644e-09	-3.523405e+01	-6.138941e+02
2.200000e-07	-4.938954e-06	-9.270276e-09	-3.494766e+01	-6.111686e+02
2.300000e-07	-4.896520e-06	-9.336918e-09	-3.464740e+01	-6.082344e+02
2.400000e-07	-4.852249e-06	-9.224596e-09	-3.433414e+01	-6.050972e+02
2.500000e-07	-4.806210e-06	-9.170425e-09	-3.400838e+01	-6.017701e+02
2.600000e-07	-4.758224e-06	-9.116051e-09	-3.366883e+01	-5.982705e+02
2.700000e-07	-4.708151e-06	-9.047470e-09	-3.331452e+01	-5.946170e+02
2.800000e-07	-4.655962e-06	-9.030798e-09	-3.294523e+01	-5.908262e+02
2.900000e-07	-4.601894e-06	-8.929384e-09	-3.256265e+01	-5.869107e+02
3.000000e-07	-4.546352e-06	-8.846385e-09	-3.216964e+01	-5.828777e+02
3.100000e-07	-4.489131e-06	-8.825345e-09	-3.176475e+01	-5.787292e+02
3.200000e-07	-4.430035e-06	-8.797557e-09	-3.134659e+01	-5.744626e+02
3.300000e-07	-4.369358e-06	-8.698885e-09	-3.091725e+01	-5.700720e+02
3.400000e-07	-4.307202e-06	-8.604638e-09	-3.047743e+01	-5.655497e+02
3.500000e-07	-4.243632e-06	-8.563856e-09	-3.002762e+01	-5.608876e+02
3.600000e-07	-4.178431e-06	-8.462197e-09	-2.956626e+01	-5.560785e+02
3.700000e-07	-4.111523e-06	-8.391036e-09	-2.909283e+01	-5.511167e+02
3.800000e-07	-4.043175e-06	-8.351477e-09	-2.860920e+01	-5.459986e+02
3.900000e-07	-3.973476e-06	-8.244740e-09	-2.811602e+01	-5.407228e+02
4.000000e-07	-3.902535e-06	-8.135131e-09	-2.761404e+01	-5.352896e+02
4.100000e-07	-3.830289e-06	-8.042040e-09	-2.710283e+01	-5.297006e+02
4.200000e-07	-3.756459e-06	-7.989961e-09	-2.658042e+01	-5.239582e+02
4.300000e-07	-3.681066e-06	-7.908634e-09	-2.604694e+01	-5.180645e+02
4.400000e-07	-3.604264e-06	-7.804055e-09	-2.550349e+01	-5.120216e+02
4.500000e-07	-3.525972e-06	-7.704024e-09	-2.494951e+01	-5.058301e+02
4.600000e-07	-3.446169e-06	-7.598433e-09	-2.438483e+01	-4.994899e+02
4.700000e-07	-3.365174e-06	-7.504915e-09	-2.381171e+01	-4.930001e+02
4.800000e-07	-3.283071e-06	-7.406746e-09	-2.323076e+01	-4.863594e+02
4.900000e-07	-3.199848e-06	-7.314661e-09	-2.264188e+01	-4.795667e+02
5.000000e-07	-3.115595e-06	-7.200896e-09	-2.204571e+01	-4.726213e+02
5.100000e-07	-3.030343e-06	-7.073844e-09	-2.144248e+01	-4.655236e+02
5.200000e-07	-2.944118e-06	-6.960902e-09	-2.083236e+01	-4.582748e+02
5.300000e-07	-2.856939e-06	-6.860723e-09	-2.021548e+01	-4.508763e+02
5.400000e-07	-2.768910e-06	-6.753867e-09	-1.959260e+01	-4.433287e+02
5.500000e-07	-2.679791e-06	-6.628547e-09	-1.896199e+01	-4.356312e+02
5.600000e-07	-2.589370e-06	-6.494636e-09	-1.832218e+01	-4.277807e+02
5.700000e-07	-2.497908e-06	-6.369339e-09	-1.767500e+01	-4.197715e+02
5.800000e-07	-2.405633e-06	-6.256683e-09	-1.702207e+01	-4.115951e+02
5.900000e-07	-2.312579e-06	-6.135823e-09	-1.636363e+01	-4.032419e+02
6.000000e-07	-2.218756e-06	-5.999785e-09	-1.569974e+01	-3.947019e+02
6.100000e-07	-2.124158e-06	-5.858120e-09	-1.503038e+01	-3.859665e+02
6.200000e-07	-2.028831e-06	-5.719206e-09	-1.435586e+01	-3.770297e+02
6.300000e-07	-1.932764e-06	-5.580072e-09	-1.367609e+01	-3.678892e+02
6.400000e-07	-1.835886e-06	-5.443834e-09	-1.299059e+01	-3.585459e+02
6.500000e-07	-1.738157e-06	-5.301827e-09	-1.229906e+01	-3.490030e+02
6.600000e-07	-1.639655e-06	-5.142881e-09	-1.160208e+01	-3.392644e+02
6.700000e-07	-1.540529e-06	-4.978864e-09	-1.090067e+01	-3.293331e+02
6.800000e-07	-1.440920e-06	-4.823246e-09	-1.019584e+01	-3.192091e+02
6.900000e-07	-1.340973e-06	-4.674038e-09	-9.488621e+00	-3.088888e+02
7.000000e-07	-1.240640e-06	-4.517683e-09	-8.778672e+00	-2.983647e+02
7.100000e-07	-1.139905e-06	-4.349795e-09	-8.065884e+00	-2.876271e+02
7.200000e-07	-1.038830e-06	-4.174616e-09	-7.350683e+00	-2.766656e+02
7.300000e-07	-9.373990e-07	-3.999684e-09	-6.632964e+00	-2.654709e+02
7.400000e-07	-8.356109e-07	-3.826292e-09	-5.912719e+00	-2.540374e+02
7.500000e-07	-7.334906e-07	-3.650796e-09	-5.190123e+00	-2.423631e+02
7.600000e-07	-6.311000e-07	-3.467062e-09	-4.465616e+00	-2.304498e+02
7.700000e-07	-5.285284e-07	-3.274185e-09	-3.739827e+00	-2.183015e+02
7.800000e-07	-4.258429e-07	-3.081720e-09	-3.013232e+00	-2.059214e+02
7.900000e-07	-3.230433e-07	-2.892239e-09	-2.285830e+00	-1.933098e+02
8.000000e-07	-2.201145e-07	-2.701316e-09	-1.557513e+00	-1.804617e+02
8.100000e-07	-1.170527e-07	-2.503438e-09	-8.282562e-01	-1.673655e+02
8.200000e-07	-1.392807e-08	-2.298105e-09	-9.855399e-02	-1.540036e+02
8.300000e-07	8.918922e-08	-2.088327e-09	6.310961e-01	-1.403545e+02
8.400000e-07	1.922737e-07	-1.877763e-09	1.360514e+00	-1.263949e+02
8.500000e-07	2.953354e-07	-1.664005e-09	2.089771e+00	-1.121036e+02
8.600000e-07	3.983426e-07	-1.443351e-09	2.818642e+00	-9.746345e+01
8.700000e-07	5.012163e-07	-1.212117e-09	3.546568e+00	-8.246275e+01
8.800000e-07	6.039247e-07	-9.719336e-10	4.273325e+00	-6.709525e+01
8.900000e-07	7.064906e-07	-7.290502e-10	4.999074e+00	-5.135836e+01
9.000000e-07	8.088637e-07	-4.835237e-10	5.723458e+00	-3.525078e+01
9.100000e-07	9.109404e-07	-2.355496e-10	6.445745e+00	-1.877035e+01
9.200000e-07	1.012634e-06	1.953927e-11	7.165322e+00	-1.912812e+00
9.300000e-07	1.113902e-06	2.837786e-10	7.881887e+00	1.532736e+01
9.400000e-07	1.214778e-06	5.548940e-10	8.595679e+00	3.295414e+01
9.500000e-07	1.315240e-06	8.268850e-10	9.306539e+00	5.096518e+01
9.600000e-07	1.415319e-06	1.100228e-09	1.001469e+01	6.934609e+01
9.700000e-07	1.514990e-06	1.382011e-09	1.071995e+01	8.806510e+01
9.800000e-07	1.614149e-06	1.670944e-09	1.142160e+01	1.070692e+02
9.900000e-07	1.712606e-06	1.963964e-09	1.211827e+01	1.262835e+02
1.000000e-06	1.810225e-06	2.256818e-09	1.280901e+01	1.456132e+02
1.010000e-06	1.907048e-06	2.548409e-09	1.349413e+01	1.649497e+02
1.020000e-06	2.003103e-06	2.837776e-09	1.417380e+01	1.841788e+02
1.030000e-06	2.098440e-06	3.126211e-09	1.484840e+01	2.031897e+02
1.040000e-06	2.193067e-06	3.413330e-09	1.551798e+01	2.218839e+02
1.050000e-06	2.286914e-06	3.690827e-09	1.618203e+01	2.401811e+02
1.060000e-06	2.379980e-06	3.957962e-09	1.684056e+01	2.580235e+02
1.070000e-06	2.472299e-06	4.217310e-09	1.749380e+01	2.753748e+02
1.080000e-06	2.563873e-06	4.472798e-09	1.814177e+01	2.922174e+02
1.090000e-06	2.654591e-06	4.722732e-09	1.878368e+01	3.085466e+02
1.100000e-06	2.744167e-06	4.963972e-09	1.941752e+01	3.243652e+02
1.110000e-06	2.832528e-06	5.194927e-09	2.004276e+01	3.396778e+02
1.120000e-06	2.919882e-06	5.417937e-09	2.066086e+01	3.544871e+02
1.130000e-06	3.006343e-06	5.635640e-09	2.127266e+01	3.687930e+02
1.140000e-06	3.091851e-06	5.846343e-09	2.187770e+01	3.825937e+02
1.150000e-06	3.176351e-06	6.048481e-09	2.247562e+01	3.958876e+02
1.160000e-06	3.259862e-06	6.241945e-09	2.306654e+01	4.086766e+02
1.170000e-06	3.342263e-06	6.429398e-09	2.364960e+01	4.209680e+02
1.180000e-06	3.423395e-06	6.608823e-09	2.422368e+01	4.327758e+02
1.190000e-06	3.503251e-06	6.782174e-09	2.478874e+01	4.441192e+02
1.200000e-06	3.581882e-06	6.949125e-09	2.534513e+01	4.550205e+02
1.210000e-06	3.659298e-06	7.110133e-09	2.589291e+01	4.655015e+02
1.220000e-06	3.735395e-06	7.264749e-09	2.643137e+01	4.755803e+02
1.230000e-06	3.809984e-06	7.412807e-09	2.695916e+01	4.852691e+02
1.240000e-06	3.882947e-06	7.554883e-09	2.747544e+01	4.945731e+02
1.250000e-06	3.954383e-06	7.691066e-09	2.798091e+01	5.034920e+02
1.260000e-06	4.024434e-06	7.819693e-09	2.847659e+01	5.120226e+02
1.270000e-06	4.093146e-06	7.942557e-09	2.896279e+01	5.201623e+02
1.280000e-06	4.160546e-06	8.060838e-09	2.943970e+01	5.279123e+02
1.290000e-06	4.226345e-06	8.171975e-09	2.990530e+01	5.352810e+02
1.300000e-06	4.290436e-06	8.276820e-09	3.035880e+01	5.422839e+02
1.310000e-06	4.353003e-06	8.375871e-09	3.080152e+01	5.489440e+02
1.320000e-06	4.414103e-06	8.472583e-09	3.123385e+01	5.552888e+02
1.330000e-06	4.473830e-06	8.566694e-09	3.165648e+01	5.613473e+02
1.340000e-06	4.531951e-06	8.657156e-09	3.206774e+01	5.671469e+02
1.350000e-06	4.588230e-06	8.742921e-09	3.246596e+01	5.727103e+02
1.360000e-06	4.642851e-06	8.822785e-09	3.285246e+01	5.780537e+02
1.370000e-06	4.695841e-06	8.898982e-09	3.322741e+01	5.831869e+02
1.380000e-06	4.746868e-06	8.972131e-09	3.358848e+01	5.881138e+02
1.390000e-06	4.795813e-06	9.043446e-09	3.393481e+01	5.928340e+02
1.400000e-06	4.842972e-06	9.112247e-09	3.426850e+01	5.973448e+02
1.410000e-06	4.888517e-06	9.176661e-09	3.459078e+01	6.016429e+02
1.420000e-06	4.932521e-06	9.238366e-09	3.490214e+01	6.057255e+02
1.430000e-06	4.974769e-06	9.297839e-09	3.520109e+01	6.095909e+02
1.440000e-06	5.015045e-06	9.354961e-09	3.548608e+01	6.132382e+02
1.450000e-06	5.053561e-06	9.408152e-09	3.575861e+01	6.166673e+02
1.460000e-06	5.090500e-06	9.455936e-09	3.601999e+01	6.198787e+02
1.470000e-06	5.125818e-06	9.499416e-09	3.626990e+01	6.228733e+02
1.480000e-06	5.159202e-06	9.539920e-09	3.650612e+01	6.256533e+02
1.490000e-06	5.190621e-06	9.576244e-09	3.672844e+01	6.282221e+02
1.500000e-06	5.220319e-06	9.609514e-09	3.693858e+01	6.305852e+02
1.510000e-06	5.248395e-06	9.641505e-09	3.713724e+01	6.327501e+02
1.520000e-06	5.274523e-06	9.670375e-09	3.732212e+01	6.347262e+02
1.530000e-06	5.298495e-06	9.695883e-09	3.749175e+01	6.365232e+02
1.540000e-06	5.320556e-06	9.719100e-09	3.764785e+01	6.381505e+02
1.550000e-06	5.340916e-06	9.741074e-09	3.779192e+01	6.396151e+02
1.560000e-06	5.359450e-06	9.760023e-09	3.792306e+01	6.409216e+02
1.570000e-06	5.375869e-06	9.776069e-09	3.803924e+01	6.420711e+02
1.580000e-06	5.390292e-06	9.790676e-09	3.814130e+01	6.430628e+02
1.590000e-06	5.402807e-06	9.802505e-09	3.822985e+01	6.438946e+02
1.600000e-06	5.413145e-06	9.811192e-09	3.830300e+01	6.445655e+02
1.610000e-06	5.421356e-06	9.818131e-09	3.836110e+01	6.450767e+02
1.620000e-06	5.427657e-06	9.824887e-09	3.840569e+01	6.454332e+02
1.630000e-06	5.432140e-06	9.831577e-09	3.843741e+01	6.456434e+02
1.640000e-06	5.434738e-06	9.836396e-09	3.845580e+01	6.457177e+02
1.650000e-06	5.435333e-06	9.838453e-09	3.846000e+01	6.456669e+02
1.660000e-06	5.434100e-06	9.833718e-09	3.845128e+01	6.454993e+02
1.670000e-06	5.431176e-06	9.828193e-09	3.843059e+01	6.452186e+02
1.680000e-06	5.426562e-06	9.821155e-09	3.839794e+01	6.448229e+02
1.690000e-06	5.420006e-06	9.811027e-09	3.835155e+01	6.443047e+02
1.700000e-06	5.411557e-06	9.801437e-09	3.829177e+01	6.436526e+02
1.710000e-06	5.401558e-06	9.792830e-09	3.822101e+01	6.428548e+02
1.720000e-06	5.389890e-06	9.795835e-09	3.813845e+01	6.419019e+02
1.730000e-06	5.376271e-06	9.773379e-09	3.804208e+01	6.407911e+02
1.740000e-06	5.360610e-06	9.673370e-09	3.793127e+01	6.395275e+02
1.750000e-06	5.342616e-06	9.670533e-09	3.780394e+01	6.381255e+02
1.760000e-06	5.321866e-06	9.677242e-09	3.765712e+01	6.366062e+02
1.770000e-06	5.298757e-06	9.693781e-09	3.749360e+01	6.349949e+02
1.780000e-06	5.274306e-06	9.770866e-09	3.732059e+01	6.333160e+02
1.790000e-06	5.249160e-06	9.557884e-09	3.714266e+01	6.315885e+02
1.800000e-06	5.222673e-06	9.552274e-09	3.695524e+01	6.298218e+02
1.810000e-06	5.193881e-06	9.637912e-09	3.675151e+01	6.280137e+02
1.820000e-06	5.163166e-06	9.395015e-09	3.653417e+01	6.261499e+02
1.830000e-06	5.130829e-06	9.512237e-09	3.630536e+01	6.242059e+02
1.840000e-06	5.096573e-06	9.570388e-09	3.606296e+01	6.221511e+02
1.850000e-06	5.060763e-06	9.325510e-09	3.580957e+01	6.199532e+02
1.860000e-06	5.023170e-06	9.457544e-09	3.554357e+01	6.175831e+02
1.870000e-06	4.983587e-06	9.373985e-09	3.526348e+01	6.150189e+02
1.880000e-06	4.942357e-06	9.198661e-09	3.497174e+01	6.122482e+02
1.890000e-06	4.899324e-06	9.322543e-09	3.466724e+01	6.092693e+02
1.900000e-06	4.854641e-06	9.190854e-09	3.435107e+01	6.060897e+02
1.910000e-06	4.808157e-06	9.208419e-09	3.402215e+01	6.027236e+02
1.920000e-06	4.759566e-06	9.158963e-09	3.367833e+01	5.991891e+02
1.930000e-06	4.709357e-06	8.963618e-09	3.332305e+01	5.955044e+02
1.940000e-06	4.657470e-06	9.079204e-09	3.295590e+01	5.916856e+02
1.950000e-06	4.603434e-06	8.973201e-09	3.257355e+01	5.877440e+02
1.960000e-06	4.547422e-06	8.852411e-09	3.217721e+01	5.836858e+02
1.970000e-06	4.489727e-06	8.811510e-09	3.176897e+01	5.795120e+02
1.980000e-06	4.430606e-06	8.724844e-09	3.135063e+01	5.752189e+02
1.990000e-06	4.369973e-06	8.722813e-09	3.092160e+01	5.708004e+02
2.000000e-06	4.307555e-06	8.582782e-09	3.047993e+01	5.662484e+02
2.010000e-06	4.243488e-06	8.580317e-09	3.002659e+01	5.615549e+02
2.020000e-06	4.177940e-06	8.503187e-09	2.956279e+01	5.567130e+02
2.030000e-06	4.111000e-06	8.332669e-09	2.908912e+01	5.517175e+02
2.040000e-06	4.042615e-06	8.325684e-09	2.860523e+01	5.465653e+02
2.050000e-06	3.972602e-06	8.248121e-09	2.810983e+01	5.412552e+02
2.060000e-06	3.901113e-06	8.197282e-09	2.760398e+01	5.357880e+02
2.070000e-06	3.828339e-06	8.062323e-09	2.708904e+01	5.301655e+02
2.080000e-06	3.754240e-06	7.955365e-09	2.656472e+01	5.243901e+02
2.090000e-06	3.678775e-06	7.906205e-09	2.603073e+01	5.184639e+02
2.100000e-06	3.601778e-06	7.789305e-09	2.548590e+01	5.123886e+02
2.110000e-06	3.523154e-06	7.722167e-09	2.492957e+01	5.061649e+02
2.120000e-06	3.443238e-06	7.615790e-09	2.436409e+01	4.997923e+02
2.130000e-06	3.362212e-06	7.522948e-09	2.379076e+01	4.932699e+02
2.140000e-06	3.280017e-06	7.395839e-09	2.320915e+01	4.865962e+02
2.150000e-06	3.196793e-06	7.281606e-09	2.262027e+01	4.797703e+02
2.160000e-06	3.112580e-06	7.212225e-09	2.202438e+01	4.727918e+02
2.170000e-06	3.027044e-06	7.106686e-09	2.141913e+01	4.656612e+02
2.180000e-06	2.940124e-06	6.990783e-09	2.080409e+01	4.583798e+02
2.190000e-06	2.852191e-06	6.852530e-09	2.018188e+01	4.509489e+02
2.200000e-06	2.763304e-06	6.749940e-09	1.955293e+01	4.433689e+02
2.210000e-06	2.673414e-06	6.650826e-09	1.891688e+01	4.356385e+02
2.220000e-06	2.582609e-06	6.531357e-09	1.827434e+01	4.277542e+02
2.230000e-06	2.490980e-06	6.398313e-09	1.762599e+01	4.197094e+02
2.240000e-06	2.398561e-06	6.266356e-09	1.697203e+01	4.114956e+02
2.250000e-06	2.305195e-06	6.141125e-09	1.631139e+01	4.031028e+02
2.260000e-06	2.210900e-06	6.006451e-09	1.564416e+01	3.945211e+02
2.270000e-06	2.115693e-06	5.883297e-09	1.497048e+01	3.857424e+02
2.280000e-06	2.019590e-06	5.754853e-09	1.429047e+01	3.767617e+02
2.290000e-06	1.922793e-06	5.607525e-09	1.360553e+01	3.675771e+02
2.300000e-06	1.825461e-06	5.450361e-09	1.291682e+01	3.581903e+02
2.310000e-06	1.727638e-06	5.310604e-09	1.222463e+01	3.486047e+02
2.320000e-06	1.629223e-06	5.179295e-09	1.152826e+01	3.388242e+02
2.330000e-06	1.530280e-06	5.031613e-09	1.082815e+01	3.288513e+02
2.340000e-06	1.430931e-06	4.868886e-09	1.012516e+01	3.186852e+02
2.350000e-06	1.331197e-06	4.703695e-09	9.419451e+00	3.083215e+02
2.360000e-06	1.231106e-06	4.545257e-09	8.711214e+00	2.977521e+02
2.370000e-06	1.130675e-06	4.385703e-09	8.000571e+00	2.869670e+02
2.380000e-06	1.029849e-06	4.222079e-09	7.287137e+00	2.759557e+02
2.390000e-06	9.285216e-07	4.051731e-09	6.570148e+00	2.647098e+02
2.400000e-06	8.267390e-07	3.873840e-09	5.849942e+00	2.532243e+02
2.410000e-06	7.246126e-07	3.694989e-09	5.127303e+00	2.414981e+02
2.420000e-06	6.221817e-07	3.519665e-09	4.402510e+00	2.295337e+02
2.430000e-06	5.194847e-07	3.343209e-09	3.675834e+00	2.173350e+02
2.440000e-06	4.166299e-07	3.157356e-09	2.948041e+00	2.049050e+02
2.450000e-06	3.136066e-07	2.956137e-09	2.219057e+00	1.922430e+02
2.460000e-06	2.103460e-07	2.749690e-09	1.488392e+00	1.793424e+02
2.470000e-06	1.069735e-07	2.550050e-09	7.569363e-01	1.661905e+02
2.480000e-06	3.549762e-09	2.350128e-09	2.511784e-02	1.527686e+02
2.490000e-06	-9.990868e-08	2.143762e-09	-7.069462e-01	1.390544e+02
2.500000e-06	-2.033414e-07	1.928558e-09	-1.438828e+00	1.250250e+02
2.510000e-06	-3.067068e-07	1.705717e-09	-2.170234e+00	1.106598e+02
2.520000e-06	-4.099787e-07	1.479841e-09	-2.900978e+00	9.594272e+01
2.530000e-06	-5.131007e-07	1.252751e-09	-3.630662e+00	8.086336e+01
2.540000e-06	-6.159740e-07	1.024164e-09	-4.358585e+00	6.541641e+01
2.550000e-06	-7.185358e-07	7.866932e-10	-5.084305e+00	4.959976e+01
2.560000e-06	-8.207516e-07	5.347529e-10	-5.807576e+00	3.341210e+01
2.570000e-06	-9.225199e-07	2.769440e-10	-6.527680e+00	1.685085e+01
2.580000e-06	-1.023806e-06	1.918965e-11	-7.244370e+00	-8.864590e-02
2.590000e-06	-1.124618e-06	-2.427960e-10	-7.957713e+00	-1.741190e+01
2.600000e-06	-1.225009e-06	-5.137214e-10	-8.668073e+00	-3.512197e+01
2.610000e-06	-1.325028e-06	-7.922606e-10	-9.375799e+00	-5.321443e+01
2.620000e-06	-1.424597e-06	-1.076585e-09	-1.008034e+01	-7.167158e+01
2.630000e-06	-1.523694e-06	-1.364890e-09	-1.078154e+01	-9.045734e+01
2.640000e-06	-1.622282e-06	-1.654073e-09	-1.147914e+01	-1.095140e+02
2.650000e-06	-1.720243e-06	-1.947017e-09	-1.217231e+01	-1.287620e+02
2.660000e-06	-1.817552e-06	-2.246258e-09	-1.286086e+01	-1.481030e+02
2.670000e-06	-1.914298e-06	-2.548251e-09	-1.354542e+01	-1.674266e+02
2.680000e-06	-2.010498e-06	-2.843423e-09	-1.422613e+01	-1.866184e+02
2.690000e-06	-2.106088e-06	-3.130551e-09	-1.490252e+01	-2.055696e+02
2.700000e-06	-2.200927e-06	-3.413213e-09	-1.557359e+01	-2.241852e+02
2.710000e-06	-2.294783e-06	-3.692421e-09	-1.623771e+01	-2.423895e+02
2.720000e-06	-2.387582e-06	-3.966744e-09	-1.689435e+01	-2.601295e+02
2.730000e-06	-2.479469e-06	-4.232640e-09	-1.754454e+01	-2.773731e+02
2.740000e-06	-2.570527e-06	-4.488662e-09	-1.818885e+01	-2.941061e+02
2.750000e-06	-2.660667e-06	-4.735669e-09	-1.882668e+01	-3.103260e+02
2.760000e-06	-2.749812e-06	-4.976955e-09	-1.945746e+01	-3.260363e+02
2.770000e-06	-2.838106e-06	-5.212755e-09	-2.008222e+01	-3.412413e+02
2.780000e-06	-2.925577e-06	-5.441322e-09	-2.070116e+01	-3.559433e+02
2.790000e-06	-3.011950e-06	-5.659306e-09	-2.131233e+01	-3.701416e+02
2.800000e-06	-3.097029e-06	-5.867702e-09	-2.191434e+01	-3.838342e+02
2.810000e-06	-3.180974e-06	-6.068024e-09	-2.250833e+01	-3.970200e+02
2.820000e-06	-3.263963e-06	-6.260526e-09	-2.309556e+01	-4.097019e+02
2.830000e-06	-3.345973e-06	-6.447758e-09	-2.367585e+01	-4.218888e+02
2.840000e-06	-3.426916e-06	-6.627875e-09	-2.424859e+01	-4.335957e+02
2.850000e-06	-3.506650e-06	-6.799101e-09	-2.481279e+01	-4.448429e+02
2.860000e-06	-3.584982e-06	-6.962519e-09	-2.536706e+01	-4.556528e+02
2.870000e-06	-3.661816e-06	-7.121258e-09	-2.591073e+01	-4.660467e+02
2.880000e-06	-3.737191e-06	-7.275577e-09	-2.644408e+01	-4.760416e+02
2.890000e-06	-3.811123e-06	-7.422064e-09	-2.696721e+01	-4.856481e+02
2.900000e-06	-3.883708e-06	-7.562510e-09	-2.748082e+01	-4.948702e+02
2.910000e-06	-3.954940e-06	-7.698144e-09	-2.798486e+01	-5.037067e+02
2.920000e-06	-4.024626e-06	-7.827061e-09	-2.847794e+01	-5.121541e+02
2.930000e-06	-4.092750e-06	-7.950025e-09	-2.895999e+01	-5.202103e+02
2.940000e-06	-4.159423e-06	-8.068222e-09	-2.943176e+01	-5.278782e+02
2.950000e-06	-4.224706e-06	-8.181694e-09	-2.989369e+01	-5.351673e+02
2.960000e-06	-4.288618e-06	-8.287909e-09	-3.034593e+01	-5.420951e+02
2.970000e-06	-4.350906e-06	-8.388635e-09	-3.078668e+01	-5.486856e+02
2.980000e-06	-4.411478e-06	-8.486574e-09	-3.121528e+01	-5.549671e+02
2.990000e-06	-4.470487e-06	-8.580423e-09	-3.163283e+01	-5.609684e+02
3.000000e-06	-4.527975e-06	-8.667908e-09	-3.203961e+01	-5.667161e+02
3.010000e-06	-4.583902e-06	-8.750547e-09	-3.243534e+01	-5.722315e+02
3.020000e-06	-4.637959e-06	-8.831106e-09	-3.281784e+01	-5.775298e+02
3.030000e-06	-4.690075e-06	-8.909621e-09	-3.318661e+01	-5.826191e+02
3.040000e-06	-4.740413e-06	-8.985418e-09	-3.354280e+01	-5.875022e+02
3.050000e-06	-4.788803e-06	-9.057263e-09	-3.388520e+01	-5.921782e+02
3.060000e-06	-4.835327e-06	-9.126688e-09	-3.421440e+01	-5.966442e+02
3.070000e-06	-4.880277e-06	-9.194128e-09	-3.453247e+01	-6.008968e+02
3.080000e-06	-4.923717e-06	-9.256114e-09	-3.483985e+01	-6.049334e+02
3.090000e-06	-4.965618e-06	-9.314476e-09	-3.513633e+01	-6.087525e+02
3.100000e-06	-5.005980e-06	-9.368698e-09	-3.542194e+01	-6.123535e+02
3.110000e-06	-5.044506e-06	-9.419639e-09	-3.569454e+01	-6.157363e+02
3.120000e-06	-5.081046e-06	-9.468520e-09	-3.595309e+01	-6.189015e+02
3.130000e-06	-5.115864e-06	-9.513928e-09	-3.619947e+01	-6.218504e+02
3.140000e-06	-5.149027e-06	-9.558284e-09	-3.643412e+01	-6.245852e+02
3.150000e-06	-5.180345e-06	-9.597592e-09	-3.665572e+01	-6.271098e+02
3.160000e-06	-5.209672e-06	-9.633314e-09	-3.686324e+01	-6.294302e+02
3.170000e-06	-5.237127e-06	-9.667684e-09	-3.705751e+01	-6.315543e+02
3.180000e-06	-5.262740e-06	-9.699067e-09	-3.723875e+01	-6.334916e+02
3.190000e-06	-5.286541e-06	-9.727214e-09	-3.740716e+01	-6.352519e+02
3.200000e-06	-5.308416e-06	-9.752739e-09	-3.756195e+01	-6.368442e+02
3.210000e-06	-5.328365e-06	-9.774713e-09	-3.770310e+01	-6.382752e+02
3.220000e-06	-5.346514e-06	-9.794524e-09	-3.783152e+01	-6.395484e+02
3.230000e-06	-5.362753e-06	-9.813463e-09	-3.794643e+01	-6.406647e+02
3.240000e-06	-5.376818e-06	-9.830265e-09	-3.804595e+01	-6.416228e+02
3.250000e-06	-5.388667e-06	-9.842266e-09	-3.812980e+01	-6.424205e+02
3.260000e-06	-5.398546e-06	-9.850324e-09	-3.819970e+01	-6.430574e+02
3.270000e-06	-5.406563e-06	-9.856216e-09	-3.825642e+01	-6.435354e+02
3.280000e-06	-5.412600e-06	-9.860617e-09	-3.829914e+01	-6.438602e+02
3.290000e-06	-5.416665e-06	-9.861364e-09	-3.832791e+01	-6.440407e+02
3.300000e-06	-5.418917e-06	-9.857937e-09	-3.834385e+01	-6.440878e+02
3.310000e-06	-5.419334e-06	-9.855033e-09	-3.834680e+01	-6.440118e+02
