# Temperatura_=_65.53
# Concentracion g/m^3_=_15000.0
# C_Vs_to_Am_M_A/Vsm_=_65563218390.804596
# pendiente_HvsI_1/m_=_3716.3
# ordenada_HvsI_A/m_=_1297.0
# frecuencia_Hz_=_301590.1327559149

Tiempo_(s)	Campo_(V.s)	Magnetizacion_(V.s)	Campo_(kA/m)	Magnetizacion_(A/m)
0.000000e+00	-5.413310e-06	-9.046081e-09	-3.833717e+01	-5.907282e+02
1.000000e-08	-5.410684e-06	-9.040626e-09	-3.831858e+01	-5.904720e+02
2.000000e-08	-5.406232e-06	-9.032354e-09	-3.828705e+01	-5.901252e+02
3.000000e-08	-5.400105e-06	-9.024234e-09	-3.824366e+01	-5.896822e+02
4.000000e-08	-5.392373e-06	-9.014094e-09	-3.818890e+01	-5.891304e+02
5.000000e-08	-5.382838e-06	-9.001189e-09	-3.812137e+01	-5.884538e+02
6.000000e-08	-5.371249e-06	-8.986086e-09	-3.803930e+01	-5.876381e+02
7.000000e-08	-5.357707e-06	-8.968192e-09	-3.794339e+01	-5.866757e+02
8.000000e-08	-5.342054e-06	-8.980125e-09	-3.783254e+01	-5.855695e+02
9.000000e-08	-5.324146e-06	-8.992178e-09	-3.770571e+01	-5.843336e+02
1.000000e-07	-5.304167e-06	-8.954378e-09	-3.756422e+01	-5.829922e+02
1.100000e-07	-5.282235e-06	-8.916447e-09	-3.740890e+01	-5.815749e+02
1.200000e-07	-5.258640e-06	-8.853227e-09	-3.724179e+01	-5.801100e+02
1.300000e-07	-5.233545e-06	-8.779212e-09	-3.706407e+01	-5.786186e+02
1.400000e-07	-5.206803e-06	-8.849578e-09	-3.687469e+01	-5.771092e+02
1.500000e-07	-5.178431e-06	-8.831889e-09	-3.667376e+01	-5.755749e+02
1.600000e-07	-5.148574e-06	-8.754179e-09	-3.646231e+01	-5.739944e+02
1.700000e-07	-5.117127e-06	-8.811852e-09	-3.623960e+01	-5.723360e+02
1.800000e-07	-5.083592e-06	-8.720635e-09	-3.600210e+01	-5.705632e+02
1.900000e-07	-5.048166e-06	-8.634907e-09	-3.575122e+01	-5.686423e+02
2.000000e-07	-5.011270e-06	-8.679807e-09	-3.548992e+01	-5.665479e+02
2.100000e-07	-4.972644e-06	-8.594585e-09	-3.521636e+01	-5.642671e+02
2.200000e-07	-4.932159e-06	-8.525639e-09	-3.492965e+01	-5.618002e+02
2.300000e-07	-4.889699e-06	-8.538144e-09	-3.462895e+01	-5.591586e+02
2.400000e-07	-4.845309e-06	-8.492334e-09	-3.431458e+01	-5.563605e+02
2.500000e-07	-4.799127e-06	-8.456141e-09	-3.398752e+01	-5.534253e+02
2.600000e-07	-4.751070e-06	-8.393793e-09	-3.364717e+01	-5.503692e+02
2.700000e-07	-4.700958e-06	-8.343628e-09	-3.329228e+01	-5.472013e+02
2.800000e-07	-4.648766e-06	-8.307371e-09	-3.292266e+01	-5.439233e+02
2.900000e-07	-4.594761e-06	-8.238291e-09	-3.254019e+01	-5.405304e+02
3.000000e-07	-4.539192e-06	-8.190437e-09	-3.214665e+01	-5.370149e+02
3.100000e-07	-4.481875e-06	-8.143648e-09	-3.174073e+01	-5.333694e+02
3.200000e-07	-4.422712e-06	-8.078831e-09	-3.132174e+01	-5.295901e+02
3.300000e-07	-4.361926e-06	-7.999728e-09	-3.089125e+01	-5.256784e+02
3.400000e-07	-4.299633e-06	-7.948596e-09	-3.045009e+01	-5.216406e+02
3.500000e-07	-4.236000e-06	-7.910240e-09	-2.999944e+01	-5.174856e+02
3.600000e-07	-4.170819e-06	-7.830508e-09	-2.953782e+01	-5.132221e+02
3.700000e-07	-4.103933e-06	-7.758662e-09	-2.906414e+01	-5.088548e+02
3.800000e-07	-4.035562e-06	-7.702411e-09	-2.857993e+01	-5.043828e+02
3.900000e-07	-3.965857e-06	-7.626415e-09	-2.808628e+01	-4.997989e+02
4.000000e-07	-3.894898e-06	-7.543955e-09	-2.758375e+01	-4.950906e+02
4.100000e-07	-3.822589e-06	-7.467172e-09	-2.707165e+01	-4.902433e+02
4.200000e-07	-3.748754e-06	-7.400218e-09	-2.654875e+01	-4.852441e+02
4.300000e-07	-3.673387e-06	-7.317920e-09	-2.601500e+01	-4.800843e+02
4.400000e-07	-3.596554e-06	-7.237493e-09	-2.547087e+01	-4.747623e+02
4.500000e-07	-3.518264e-06	-7.163800e-09	-2.491642e+01	-4.692830e+02
4.600000e-07	-3.438529e-06	-7.079436e-09	-2.435174e+01	-4.636565e+02
4.700000e-07	-3.357503e-06	-6.984265e-09	-2.377790e+01	-4.578951e+02
4.800000e-07	-3.275297e-06	-6.886097e-09	-2.319572e+01	-4.520091e+02
4.900000e-07	-3.191994e-06	-6.801996e-09	-2.260577e+01	-4.460044e+02
5.000000e-07	-3.107740e-06	-6.708172e-09	-2.200908e+01	-4.398800e+02
5.100000e-07	-3.022531e-06	-6.605978e-09	-2.140563e+01	-4.336282e+02
5.200000e-07	-2.936336e-06	-6.504567e-09	-2.079519e+01	-4.272367e+02
5.300000e-07	-2.849155e-06	-6.404806e-09	-2.017777e+01	-4.206911e+02
5.400000e-07	-2.761055e-06	-6.307897e-09	-1.955385e+01	-4.139784e+02
5.500000e-07	-2.671942e-06	-6.204775e-09	-1.892274e+01	-4.070902e+02
5.600000e-07	-2.581588e-06	-6.095463e-09	-1.828286e+01	-4.000236e+02
5.700000e-07	-2.490167e-06	-5.982003e-09	-1.763541e+01	-3.927815e+02
5.800000e-07	-2.397917e-06	-5.865920e-09	-1.698210e+01	-3.853707e+02
5.900000e-07	-2.304879e-06	-5.747550e-09	-1.632320e+01	-3.777995e+02
6.000000e-07	-2.211057e-06	-5.628982e-09	-1.565875e+01	-3.700740e+02
6.100000e-07	-2.116442e-06	-5.508523e-09	-1.498869e+01	-3.621968e+02
6.200000e-07	-2.021123e-06	-5.385563e-09	-1.431363e+01	-3.541648e+02
6.300000e-07	-1.925133e-06	-5.260215e-09	-1.363383e+01	-3.459703e+02
6.400000e-07	-1.828386e-06	-5.132973e-09	-1.294867e+01	-3.376020e+02
6.500000e-07	-1.730803e-06	-5.005382e-09	-1.225758e+01	-3.290475e+02
6.600000e-07	-1.632417e-06	-4.870186e-09	-1.156081e+01	-3.202957e+02
6.700000e-07	-1.533408e-06	-4.727986e-09	-1.085962e+01	-3.113384e+02
6.800000e-07	-1.433904e-06	-4.585324e-09	-1.015493e+01	-3.021708e+02
6.900000e-07	-1.333952e-06	-4.442955e-09	-9.447077e+00	-2.927914e+02
7.000000e-07	-1.233592e-06	-4.297299e-09	-8.736321e+00	-2.832008e+02
7.100000e-07	-1.132862e-06	-4.145696e-09	-8.022954e+00	-2.733998e+02
7.200000e-07	-1.031812e-06	-3.988240e-09	-7.307315e+00	-2.633878e+02
7.300000e-07	-9.304206e-07	-3.826946e-09	-6.589258e+00	-2.531626e+02
7.400000e-07	-8.287055e-07	-3.665153e-09	-5.868910e+00	-2.427200e+02
7.500000e-07	-7.267078e-07	-3.505135e-09	-5.146560e+00	-2.320543e+02
7.600000e-07	-6.244341e-07	-3.340831e-09	-4.422255e+00	-2.211600e+02
7.700000e-07	-5.219357e-07	-3.167985e-09	-3.696360e+00	-2.100324e+02
7.800000e-07	-4.193052e-07	-2.991602e-09	-2.969528e+00	-1.986682e+02
7.900000e-07	-3.165625e-07	-2.813040e-09	-2.241902e+00	-1.870654e+02
8.000000e-07	-2.137055e-07	-2.630981e-09	-1.513467e+00	-1.752219e+02
8.100000e-07	-1.107641e-07	-2.444594e-09	-7.844338e-01	-1.631342e+02
8.200000e-07	-7.769535e-09	-2.255787e-09	-5.502401e-02	-1.507959e+02
8.300000e-07	9.525462e-08	-2.065004e-09	6.745952e-01	-1.381970e+02
8.400000e-07	1.982628e-07	-1.869975e-09	1.404101e+00	-1.253231e+02
8.500000e-07	3.012085e-07	-1.671523e-09	2.133164e+00	-1.121570e+02
8.600000e-07	4.041066e-07	-1.469689e-09	2.861891e+00	-9.868005e+01
8.700000e-07	5.069020e-07	-1.259575e-09	3.589890e+00	-8.487427e+01
8.800000e-07	6.095245e-07	-1.041633e-09	4.316665e+00	-7.072421e+01
8.900000e-07	7.120140e-07	-8.193085e-10	5.042498e+00	-5.621843e+01
9.000000e-07	8.143120e-07	-5.924877e-10	5.766974e+00	-4.135007e+01
9.100000e-07	9.162652e-07	-3.620321e-10	6.489009e+00	-2.611675e+01
9.200000e-07	1.017823e-06	-1.262560e-10	7.208245e+00	-1.052008e+01
9.300000e-07	1.119019e-06	1.173981e-10	7.924916e+00	5.434639e+00
9.400000e-07	1.219886e-06	3.669845e-10	8.639260e+00	2.173819e+01
9.500000e-07	1.320386e-06	6.192567e-10	9.351004e+00	3.837625e+01
9.600000e-07	1.420437e-06	8.746212e-10	1.005957e+01	5.532731e+01
9.700000e-07	1.519978e-06	1.135826e-09	1.076451e+01	7.256027e+01
9.800000e-07	1.618923e-06	1.401848e-09	1.146525e+01	9.003206e+01
9.900000e-07	1.717151e-06	1.668446e-09	1.216090e+01	1.076864e+02
1.000000e-06	1.814598e-06	1.934840e-09	1.285102e+01	1.254543e+02
1.010000e-06	1.911193e-06	2.203305e-09	1.353511e+01	1.432558e+02
1.020000e-06	2.007027e-06	2.473029e-09	1.421380e+01	1.610050e+02
1.030000e-06	2.102205e-06	2.741738e-09	1.488786e+01	1.786147e+02
1.040000e-06	2.196655e-06	3.006157e-09	1.555676e+01	1.960024e+02
1.050000e-06	2.290340e-06	3.263790e-09	1.622024e+01	2.130952e+02
1.060000e-06	2.383270e-06	3.515264e-09	1.687837e+01	2.298333e+02
1.070000e-06	2.475457e-06	3.762366e-09	1.753124e+01	2.461712e+02
1.080000e-06	2.566879e-06	4.005570e-09	1.817869e+01	2.620768e+02
1.090000e-06	2.657334e-06	4.241145e-09	1.881930e+01	2.775289e+02
1.100000e-06	2.746584e-06	4.466782e-09	1.945137e+01	2.925138e+02
1.110000e-06	2.834638e-06	4.683946e-09	2.007496e+01	3.070223e+02
1.120000e-06	2.921762e-06	4.895452e-09	2.069198e+01	3.210477e+02
1.130000e-06	3.008070e-06	5.102660e-09	2.130321e+01	3.345842e+02
1.140000e-06	3.093438e-06	5.302453e-09	2.190779e+01	3.476286e+02
1.150000e-06	3.177812e-06	5.491795e-09	2.250533e+01	3.601808e+02
1.160000e-06	3.261233e-06	5.672866e-09	2.309612e+01	3.722457e+02
1.170000e-06	3.343605e-06	5.848259e-09	2.367948e+01	3.838341e+02
1.180000e-06	3.424668e-06	6.018259e-09	2.425357e+01	3.949623e+02
1.190000e-06	3.504422e-06	6.182714e-09	2.481839e+01	4.056501e+02
1.200000e-06	3.582931e-06	6.340009e-09	2.537439e+01	4.159181e+02
1.210000e-06	3.660181e-06	6.491116e-09	2.592148e+01	4.257843e+02
1.220000e-06	3.736101e-06	6.637129e-09	2.645914e+01	4.352615e+02
1.230000e-06	3.810459e-06	6.778183e-09	2.698575e+01	4.443557e+02
1.240000e-06	3.883221e-06	6.911386e-09	2.750105e+01	4.530667e+02
1.250000e-06	3.954569e-06	7.035226e-09	2.800634e+01	4.613904e+02
1.260000e-06	4.024543e-06	7.151612e-09	2.850190e+01	4.693226e+02
1.270000e-06	4.093167e-06	7.262009e-09	2.898789e+01	4.768631e+02
1.280000e-06	4.160385e-06	7.369068e-09	2.946393e+01	4.840192e+02
1.290000e-06	4.225985e-06	7.471134e-09	2.992851e+01	4.908077e+02
1.300000e-06	4.289925e-06	7.568394e-09	3.038134e+01	4.972545e+02
1.310000e-06	4.352331e-06	7.660950e-09	3.082330e+01	5.033923e+02
1.320000e-06	4.413342e-06	7.750103e-09	3.125538e+01	5.092566e+02
1.330000e-06	4.472952e-06	7.838218e-09	3.167754e+01	5.148807e+02
1.340000e-06	4.530906e-06	7.923446e-09	3.208797e+01	5.202917e+02
1.350000e-06	4.587056e-06	8.003301e-09	3.248562e+01	5.255075e+02
1.360000e-06	4.641544e-06	8.076553e-09	3.287151e+01	5.305355e+02
1.370000e-06	4.694369e-06	8.146420e-09	3.324562e+01	5.353745e+02
1.380000e-06	4.745241e-06	8.215002e-09	3.360589e+01	5.400169e+02
1.390000e-06	4.794064e-06	8.282548e-09	3.395166e+01	5.444522e+02
1.400000e-06	4.841077e-06	8.346452e-09	3.428461e+01	5.486710e+02
1.410000e-06	4.886496e-06	8.405883e-09	3.460627e+01	5.526670e+02
1.420000e-06	4.930329e-06	8.462577e-09	3.491669e+01	5.564380e+02
1.430000e-06	4.972313e-06	8.517521e-09	3.521402e+01	5.599859e+02
1.440000e-06	5.012412e-06	8.570165e-09	3.549801e+01	5.633151e+02
1.450000e-06	5.050851e-06	8.618139e-09	3.577023e+01	5.664309e+02
1.460000e-06	5.087663e-06	8.659798e-09	3.603093e+01	5.693383e+02
1.470000e-06	5.122740e-06	8.697667e-09	3.627935e+01	5.720410e+02
1.480000e-06	5.155887e-06	8.733147e-09	3.651410e+01	5.745424e+02
1.490000e-06	5.187203e-06	8.764022e-09	3.673588e+01	5.768464e+02
1.500000e-06	5.216856e-06	8.790907e-09	3.694588e+01	5.789586e+02
1.510000e-06	5.244803e-06	8.817200e-09	3.714381e+01	5.808875e+02
1.520000e-06	5.270814e-06	8.843117e-09	3.732801e+01	5.826445e+02
1.530000e-06	5.294716e-06	8.867628e-09	3.749729e+01	5.842423e+02
1.540000e-06	5.316695e-06	8.890202e-09	3.765294e+01	5.856936e+02
1.550000e-06	5.336948e-06	8.910763e-09	3.779638e+01	5.870081e+02
1.560000e-06	5.355482e-06	8.928590e-09	3.792763e+01	5.881910e+02
1.570000e-06	5.372008e-06	8.941978e-09	3.804467e+01	5.892423e+02
1.580000e-06	5.386414e-06	8.952438e-09	3.814669e+01	5.901568e+02
1.590000e-06	5.398813e-06	8.962695e-09	3.823450e+01	5.909270e+02
1.600000e-06	5.409036e-06	8.972765e-09	3.830690e+01	5.915454e+02
1.610000e-06	5.417099e-06	8.980673e-09	3.836400e+01	5.920084e+02
1.620000e-06	5.423281e-06	8.985789e-09	3.840779e+01	5.923177e+02
1.630000e-06	5.427735e-06	8.989075e-09	3.843933e+01	5.924819e+02
1.640000e-06	5.430240e-06	8.993536e-09	3.845707e+01	5.925145e+02
1.650000e-06	5.430653e-06	8.996720e-09	3.846000e+01	5.924316e+02
1.660000e-06	5.429234e-06	8.993997e-09	3.844994e+01	5.922477e+02
1.670000e-06	5.426210e-06	8.988616e-09	3.842853e+01	5.919716e+02
1.680000e-06	5.421478e-06	8.980804e-09	3.839502e+01	5.916045e+02
1.690000e-06	5.414791e-06	8.971226e-09	3.834766e+01	5.911389e+02
1.700000e-06	5.406319e-06	8.962417e-09	3.828767e+01	5.905613e+02
1.710000e-06	5.396273e-06	8.954734e-09	3.821652e+01	5.898554e+02
1.720000e-06	5.384547e-06	8.955361e-09	3.813347e+01	5.890082e+02
1.730000e-06	5.370854e-06	8.923716e-09	3.803650e+01	5.880139e+02
1.740000e-06	5.355001e-06	8.867950e-09	3.792423e+01	5.868778e+02
1.750000e-06	5.336831e-06	8.861170e-09	3.779555e+01	5.856165e+02
1.760000e-06	5.316044e-06	8.852365e-09	3.764833e+01	5.842559e+02
1.770000e-06	5.292924e-06	8.884192e-09	3.748460e+01	5.828256e+02
1.780000e-06	5.268482e-06	8.893358e-09	3.731150e+01	5.813532e+02
1.790000e-06	5.243322e-06	8.754531e-09	3.713331e+01	5.798572e+02
1.800000e-06	5.216726e-06	8.764391e-09	3.694496e+01	5.783431e+02
1.810000e-06	5.187805e-06	8.766750e-09	3.674014e+01	5.768006e+02
1.820000e-06	5.156948e-06	8.669594e-09	3.652161e+01	5.752059e+02
1.830000e-06	5.124498e-06	8.766602e-09	3.629180e+01	5.735255e+02
1.840000e-06	5.090250e-06	8.740755e-09	3.604925e+01	5.717232e+02
1.850000e-06	5.054373e-06	8.639185e-09	3.579517e+01	5.697664e+02
1.860000e-06	5.016649e-06	8.719329e-09	3.552801e+01	5.676322e+02
1.870000e-06	4.977003e-06	8.641531e-09	3.524724e+01	5.653106e+02
1.880000e-06	4.935708e-06	8.553356e-09	3.495478e+01	5.628046e+02
1.890000e-06	4.892655e-06	8.559653e-09	3.464989e+01	5.601273e+02
1.900000e-06	4.847888e-06	8.478127e-09	3.433284e+01	5.572977e+02
1.910000e-06	4.801253e-06	8.483337e-09	3.400257e+01	5.543350e+02
1.920000e-06	4.752629e-06	8.401474e-09	3.365821e+01	5.512539e+02
1.930000e-06	4.702354e-06	8.332415e-09	3.330217e+01	5.480620e+02
1.940000e-06	4.650269e-06	8.370775e-09	3.293330e+01	5.447595e+02
1.950000e-06	4.596052e-06	8.258051e-09	3.254934e+01	5.413406e+02
1.960000e-06	4.539937e-06	8.185773e-09	3.215193e+01	5.377973e+02
1.970000e-06	4.482212e-06	8.147217e-09	3.174312e+01	5.341228e+02
1.980000e-06	4.423047e-06	8.096809e-09	3.132411e+01	5.303143e+02
1.990000e-06	4.362322e-06	8.049546e-09	3.089406e+01	5.263745e+02
2.000000e-06	4.299892e-06	7.943086e-09	3.045192e+01	5.223103e+02
2.010000e-06	4.235891e-06	7.923117e-09	2.999867e+01	5.181309e+02
2.020000e-06	4.170370e-06	7.846829e-09	2.953465e+01	5.138444e+02
2.030000e-06	4.103402e-06	7.748709e-09	2.906038e+01	5.094545e+02
2.040000e-06	4.034995e-06	7.723242e-09	2.857592e+01	5.049589e+02
2.050000e-06	3.964956e-06	7.655510e-09	2.807990e+01	5.003490e+02
2.060000e-06	3.893407e-06	7.578477e-09	2.757319e+01	4.956117e+02
2.070000e-06	3.820598e-06	7.471600e-09	2.705755e+01	4.907324e+02
2.080000e-06	3.746490e-06	7.405556e-09	2.653272e+01	4.856988e+02
2.090000e-06	3.670935e-06	7.346054e-09	2.599764e+01	4.805037e+02
2.100000e-06	3.593847e-06	7.248669e-09	2.545170e+01	4.751468e+02
2.110000e-06	3.515230e-06	7.169112e-09	2.489493e+01	4.696345e+02
2.120000e-06	3.435370e-06	7.086707e-09	2.432936e+01	4.639776e+02
2.130000e-06	3.354407e-06	7.008146e-09	2.375598e+01	4.581883e+02
2.140000e-06	3.272250e-06	6.906522e-09	2.317414e+01	4.522761e+02
2.150000e-06	3.189013e-06	6.816662e-09	2.258466e+01	4.462456e+02
2.160000e-06	3.104714e-06	6.727680e-09	2.198765e+01	4.400942e+02
2.170000e-06	3.019167e-06	6.627901e-09	2.138180e+01	4.338132e+02
2.180000e-06	2.932304e-06	6.529639e-09	2.076664e+01	4.273894e+02
2.190000e-06	2.844346e-06	6.423271e-09	2.014372e+01	4.208085e+02
2.200000e-06	2.755441e-06	6.331441e-09	1.951409e+01	4.140583e+02
2.210000e-06	2.665605e-06	6.228415e-09	1.887787e+01	4.071314e+02
2.220000e-06	2.574890e-06	6.117869e-09	1.823543e+01	4.000262e+02
2.230000e-06	2.483341e-06	6.007175e-09	1.758707e+01	3.927469e+02
2.240000e-06	2.390971e-06	5.898465e-09	1.693291e+01	3.853006e+02
2.250000e-06	2.297715e-06	5.786456e-09	1.627247e+01	3.776954e+02
2.260000e-06	2.203569e-06	5.662923e-09	1.560572e+01	3.699369e+02
2.270000e-06	2.108437e-06	5.537382e-09	1.493199e+01	3.620264e+02
2.280000e-06	2.012389e-06	5.415158e-09	1.425178e+01	3.539599e+02
2.290000e-06	1.915649e-06	5.290604e-09	1.356667e+01	3.457287e+02
2.300000e-06	1.818371e-06	5.159735e-09	1.287774e+01	3.373211e+02
2.310000e-06	1.720619e-06	5.034099e-09	1.218546e+01	3.287247e+02
2.320000e-06	1.622330e-06	4.905097e-09	1.148937e+01	3.199290e+02
2.330000e-06	1.523540e-06	4.768170e-09	1.078974e+01	3.109264e+02
2.340000e-06	1.424328e-06	4.626595e-09	1.008712e+01	3.017130e+02
2.350000e-06	1.324709e-06	4.482875e-09	9.381616e+00	2.922878e+02
2.360000e-06	1.224662e-06	4.337061e-09	8.673084e+00	2.826516e+02
2.370000e-06	1.124204e-06	4.186551e-09	7.961639e+00	2.728049e+02
2.380000e-06	1.023309e-06	4.034624e-09	7.247096e+00	2.627471e+02
2.390000e-06	9.219675e-07	3.882971e-09	6.529393e+00	2.524752e+02
2.400000e-06	8.202343e-07	3.727214e-09	5.808916e+00	2.419848e+02
2.410000e-06	7.182129e-07	3.564565e-09	5.086398e+00	2.312701e+02
2.420000e-06	6.158808e-07	3.397337e-09	4.361681e+00	2.203257e+02
2.430000e-06	5.132214e-07	3.226493e-09	3.634645e+00	2.091471e+02
2.440000e-06	4.104342e-07	3.055758e-09	2.906704e+00	1.977315e+02
2.450000e-06	3.075791e-07	2.881514e-09	2.178281e+00	1.860768e+02
2.460000e-06	2.044993e-07	2.700329e-09	1.448268e+00	1.741809e+02
2.470000e-06	1.012184e-07	2.515924e-09	7.168306e-01	1.620397e+02
2.480000e-06	-2.107744e-09	2.325216e-09	-1.492709e-02	1.496461e+02
2.490000e-06	-1.053824e-07	2.129768e-09	-7.463202e-01	1.369890e+02
2.500000e-06	-2.086256e-07	1.933145e-09	-1.477491e+00	1.240536e+02
2.510000e-06	-3.118422e-07	1.733520e-09	-2.208473e+00	1.108220e+02
2.520000e-06	-4.148664e-07	1.528413e-09	-2.938093e+00	9.727555e+01
2.530000e-06	-5.177327e-07	1.315909e-09	-3.666594e+00	8.339669e+01
2.540000e-06	-6.204507e-07	1.099721e-09	-4.394045e+00	6.917074e+01
2.550000e-06	-7.229158e-07	8.788378e-10	-5.119705e+00	5.458720e+01
2.560000e-06	-8.250665e-07	6.464157e-10	-5.843138e+00	3.964022e+01
2.570000e-06	-9.268505e-07	4.067260e-10	-6.563974e+00	2.432829e+01
2.580000e-06	-1.028211e-06	1.662872e-10	-7.281810e+00	8.653856e+00
2.590000e-06	-1.129153e-06	-7.627887e-11	-7.996684e+00	-7.377021e+00
2.600000e-06	-1.229587e-06	-3.232374e-10	-8.707964e+00	-2.375415e+01
2.610000e-06	-1.329440e-06	-5.760603e-10	-9.415124e+00	-4.046185e+01
2.620000e-06	-1.428785e-06	-8.356041e-10	-1.011868e+01	-5.747679e+01
2.630000e-06	-1.527665e-06	-1.102501e-09	-1.081896e+01	-7.476547e+01
2.640000e-06	-1.626117e-06	-1.373472e-09	-1.151619e+01	-9.228206e+01
2.650000e-06	-1.723986e-06	-1.645773e-09	-1.220930e+01	-1.099675e+02
2.660000e-06	-1.821202e-06	-1.918813e-09	-1.289779e+01	-1.277500e+02
2.670000e-06	-1.917860e-06	-2.193377e-09	-1.358232e+01	-1.455482e+02
2.680000e-06	-2.013962e-06	-2.467280e-09	-1.426292e+01	-1.632752e+02
2.690000e-06	-2.109402e-06	-2.737656e-09	-1.493883e+01	-1.808445e+02
2.700000e-06	-2.204057e-06	-3.002286e-09	-1.560918e+01	-1.981752e+02
2.710000e-06	-2.297807e-06	-3.261589e-09	-1.627312e+01	-2.151970e+02
2.720000e-06	-2.390560e-06	-3.516136e-09	-1.693000e+01	-2.318532e+02
2.730000e-06	-2.482348e-06	-3.764060e-09	-1.758004e+01	-2.481012e+02
2.740000e-06	-2.573293e-06	-4.006479e-09	-1.822411e+01	-2.639116e+02
2.750000e-06	-2.663371e-06	-4.242552e-09	-1.886205e+01	-2.792650e+02
2.760000e-06	-2.752471e-06	-4.472910e-09	-1.949306e+01	-2.941490e+02
2.770000e-06	-2.840656e-06	-4.696778e-09	-2.011758e+01	-3.085550e+02
2.780000e-06	-2.928008e-06	-4.911601e-09	-2.073621e+01	-3.224765e+02
2.790000e-06	-3.014359e-06	-5.117980e-09	-2.134775e+01	-3.359083e+02
2.800000e-06	-3.099484e-06	-5.317127e-09	-2.195061e+01	-3.488475e+02
2.810000e-06	-3.183407e-06	-5.507309e-09	-2.254496e+01	-3.612951e+02
2.820000e-06	-3.266279e-06	-5.688596e-09	-2.313186e+01	-3.732573e+02
2.830000e-06	-3.348146e-06	-5.863823e-09	-2.371164e+01	-3.847460e+02
2.840000e-06	-3.428928e-06	-6.031521e-09	-2.428374e+01	-3.957786e+02
2.850000e-06	-3.508521e-06	-6.191986e-09	-2.484742e+01	-4.063752e+02
2.860000e-06	-3.586783e-06	-6.346189e-09	-2.540167e+01	-4.165562e+02
2.870000e-06	-3.663501e-06	-6.494763e-09	-2.594499e+01	-4.263387e+02
2.880000e-06	-3.738706e-06	-6.639435e-09	-2.647759e+01	-4.357340e+02
2.890000e-06	-3.812542e-06	-6.778398e-09	-2.700050e+01	-4.447468e+02
2.900000e-06	-3.885009e-06	-6.913220e-09	-2.751372e+01	-4.533757e+02
2.910000e-06	-3.956066e-06	-7.042810e-09	-2.801694e+01	-4.616163e+02
2.920000e-06	-4.025577e-06	-7.162544e-09	-2.850922e+01	-4.694648e+02
2.930000e-06	-4.093536e-06	-7.274538e-09	-2.899051e+01	-4.769225e+02
2.940000e-06	-4.160072e-06	-7.383722e-09	-2.946171e+01	-4.839986e+02
2.950000e-06	-4.225205e-06	-7.490321e-09	-2.992299e+01	-4.907118e+02
2.960000e-06	-4.288946e-06	-7.589614e-09	-3.037441e+01	-4.970900e+02
2.970000e-06	-4.351075e-06	-7.682288e-09	-3.081440e+01	-5.031667e+02
2.980000e-06	-4.411427e-06	-7.771273e-09	-3.124182e+01	-5.089773e+02
2.990000e-06	-4.470211e-06	-7.857343e-09	-3.165813e+01	-5.145543e+02
3.000000e-06	-4.527553e-06	-7.940093e-09	-3.206422e+01	-5.199228e+02
3.010000e-06	-4.583358e-06	-8.018723e-09	-3.245944e+01	-5.250984e+02
3.020000e-06	-4.637345e-06	-8.094585e-09	-3.284177e+01	-5.300868e+02
3.030000e-06	-4.689417e-06	-8.168791e-09	-3.321055e+01	-5.348850e+02
3.040000e-06	-4.739596e-06	-8.240021e-09	-3.356592e+01	-5.394843e+02
3.050000e-06	-4.787787e-06	-8.307570e-09	-3.390721e+01	-5.438745e+02
3.060000e-06	-4.834102e-06	-8.371430e-09	-3.423521e+01	-5.480464e+02
3.070000e-06	-4.878855e-06	-8.432079e-09	-3.455215e+01	-5.519947e+02
3.080000e-06	-4.922140e-06	-8.490673e-09	-3.485869e+01	-5.557181e+02
3.090000e-06	-4.963905e-06	-8.547475e-09	-3.515448e+01	-5.592191e+02
3.100000e-06	-5.004114e-06	-8.600131e-09	-3.543924e+01	-5.625026e+02
3.110000e-06	-5.042517e-06	-8.647174e-09	-3.571121e+01	-5.655739e+02
3.120000e-06	-5.078974e-06	-8.690686e-09	-3.596940e+01	-5.684376e+02
3.130000e-06	-5.113604e-06	-8.731955e-09	-3.621465e+01	-5.710974e+02
3.140000e-06	-5.146529e-06	-8.771902e-09	-3.644782e+01	-5.735566e+02
3.150000e-06	-5.177643e-06	-8.808410e-09	-3.666818e+01	-5.758194e+02
3.160000e-06	-5.206800e-06	-8.841296e-09	-3.687467e+01	-5.778920e+02
3.170000e-06	-5.234107e-06	-8.872408e-09	-3.706805e+01	-5.797836e+02
3.180000e-06	-5.259606e-06	-8.902802e-09	-3.724864e+01	-5.815058e+02
3.190000e-06	-5.283246e-06	-8.930366e-09	-3.741606e+01	-5.830717e+02
3.200000e-06	-5.304938e-06	-8.954449e-09	-3.756968e+01	-5.844934e+02
3.210000e-06	-5.324677e-06	-8.974988e-09	-3.770947e+01	-5.857799e+02
3.220000e-06	-5.342606e-06	-8.991798e-09	-3.783644e+01	-5.869353e+02
3.230000e-06	-5.358676e-06	-9.007135e-09	-3.795025e+01	-5.879583e+02
3.240000e-06	-5.372606e-06	-9.020086e-09	-3.804891e+01	-5.888431e+02
3.250000e-06	-5.384341e-06	-9.030399e-09	-3.813201e+01	-5.895818e+02
3.260000e-06	-5.394106e-06	-9.038336e-09	-3.820117e+01	-5.901675e+02
3.270000e-06	-5.401996e-06	-9.043867e-09	-3.825704e+01	-5.905977e+02
3.280000e-06	-5.407888e-06	-9.047316e-09	-3.829878e+01	-5.908754e+02
3.290000e-06	-5.411827e-06	-9.049347e-09	-3.832667e+01	-5.910106e+02
3.300000e-06	-5.413970e-06	-9.048846e-09	-3.834185e+01	-5.910176e+02
3.310000e-06	-5.414361e-06	-9.046974e-09	-3.834461e+01	-5.909125e+02
