# Temperatura_=_40.98
# Concentracion g/m^3_=_15000.0
# C_Vs_to_Am_M_A/Vsm_=_65563218390.804596
# pendiente_HvsI_1/m_=_3716.3
# ordenada_HvsI_A/m_=_1297.0
# frecuencia_Hz_=_301964.99178699474

Tiempo_(s)	Campo_(V.s)	Magnetizacion_(V.s)	Campo_(kA/m)	Magnetizacion_(A/m)
0.000000e+00	-6.914415e-06	-1.024676e-08	-4.746821e+01	-6.711378e+02
1.000000e-08	-6.910585e-06	-1.024451e-08	-4.744192e+01	-6.708974e+02
2.000000e-08	-6.904567e-06	-1.023934e-08	-4.740060e+01	-6.705117e+02
3.000000e-08	-6.896322e-06	-1.023264e-08	-4.734400e+01	-6.699875e+02
4.000000e-08	-6.885670e-06	-1.022598e-08	-4.727087e+01	-6.693370e+02
5.000000e-08	-6.872460e-06	-1.022094e-08	-4.718019e+01	-6.685761e+02
6.000000e-08	-6.856765e-06	-1.020936e-08	-4.707243e+01	-6.677229e+02
7.000000e-08	-6.838820e-06	-1.020121e-08	-4.694924e+01	-6.667959e+02
8.000000e-08	-6.818661e-06	-1.021451e-08	-4.681085e+01	-6.658116e+02
9.000000e-08	-6.795954e-06	-1.019435e-08	-4.665496e+01	-6.647828e+02
1.000000e-07	-6.770408e-06	-1.015728e-08	-4.647959e+01	-6.637171e+02
1.100000e-07	-6.742174e-06	-1.013329e-08	-4.628576e+01	-6.626161e+02
1.200000e-07	-6.711741e-06	-1.010416e-08	-4.607683e+01	-6.614754e+02
1.300000e-07	-6.679290e-06	-1.006441e-08	-4.585405e+01	-6.602848e+02
1.400000e-07	-6.644874e-06	-1.005956e-08	-4.561778e+01	-6.590296e+02
1.500000e-07	-6.608571e-06	-1.004315e-08	-4.536856e+01	-6.576920e+02
1.600000e-07	-6.570245e-06	-9.976894e-09	-4.510545e+01	-6.562528e+02
1.700000e-07	-6.529670e-06	-9.990653e-09	-4.482690e+01	-6.546933e+02
1.800000e-07	-6.486537e-06	-9.962740e-09	-4.453078e+01	-6.529964e+02
1.900000e-07	-6.440919e-06	-9.936492e-09	-4.421761e+01	-6.511484e+02
2.000000e-07	-6.392954e-06	-9.958977e-09	-4.388832e+01	-6.491393e+02
2.100000e-07	-6.342296e-06	-9.904088e-09	-4.354055e+01	-6.469630e+02
2.200000e-07	-6.289005e-06	-9.843563e-09	-4.317470e+01	-6.446177e+02
2.300000e-07	-6.233366e-06	-9.777819e-09	-4.279273e+01	-6.421051e+02
2.400000e-07	-6.175343e-06	-9.724787e-09	-4.239440e+01	-6.394293e+02
2.500000e-07	-6.114991e-06	-9.701026e-09	-4.198008e+01	-6.365968e+02
2.600000e-07	-6.052441e-06	-9.668393e-09	-4.155066e+01	-6.336147e+02
2.700000e-07	-5.987698e-06	-9.622714e-09	-4.110620e+01	-6.304906e+02
2.800000e-07	-5.920721e-06	-9.551029e-09	-4.064639e+01	-6.272314e+02
2.900000e-07	-5.851518e-06	-9.500835e-09	-4.017130e+01	-6.238434e+02
3.000000e-07	-5.780110e-06	-9.458349e-09	-3.968109e+01	-6.203312e+02
3.100000e-07	-5.706434e-06	-9.413731e-09	-3.917529e+01	-6.166983e+02
3.200000e-07	-5.630488e-06	-9.375722e-09	-3.865391e+01	-6.129465e+02
3.300000e-07	-5.552265e-06	-9.295941e-09	-3.811690e+01	-6.090760e+02
3.400000e-07	-5.471833e-06	-9.225046e-09	-3.756473e+01	-6.050856e+02
3.500000e-07	-5.389477e-06	-9.169048e-09	-3.699934e+01	-6.009727e+02
3.600000e-07	-5.305346e-06	-9.111290e-09	-3.642178e+01	-5.967334e+02
3.700000e-07	-5.219430e-06	-9.043134e-09	-3.583195e+01	-5.923627e+02
3.800000e-07	-5.131763e-06	-8.967494e-09	-3.523011e+01	-5.878550e+02
3.900000e-07	-5.042250e-06	-8.898874e-09	-3.461560e+01	-5.832039e+02
4.000000e-07	-4.950821e-06	-8.829180e-09	-3.398792e+01	-5.784031e+02
4.100000e-07	-4.857676e-06	-8.763566e-09	-3.334847e+01	-5.734466e+02
4.200000e-07	-4.763015e-06	-8.675802e-09	-3.269862e+01	-5.683292e+02
4.300000e-07	-4.666691e-06	-8.580789e-09	-3.203734e+01	-5.630468e+02
4.400000e-07	-4.568552e-06	-8.491314e-09	-3.136361e+01	-5.575966e+02
4.500000e-07	-4.468689e-06	-8.406555e-09	-3.067804e+01	-5.519774e+02
4.600000e-07	-4.367270e-06	-8.331488e-09	-2.998178e+01	-5.461892e+02
4.700000e-07	-4.264386e-06	-8.252179e-09	-2.927547e+01	-5.402329e+02
4.800000e-07	-4.159996e-06	-8.158282e-09	-2.855882e+01	-5.341100e+02
4.900000e-07	-4.054027e-06	-8.049761e-09	-2.783134e+01	-5.278216e+02
5.000000e-07	-3.946506e-06	-7.947411e-09	-2.709319e+01	-5.213678e+02
5.100000e-07	-3.837588e-06	-7.852057e-09	-2.634546e+01	-5.147474e+02
5.200000e-07	-3.727437e-06	-7.753497e-09	-2.558926e+01	-5.079568e+02
5.300000e-07	-3.615965e-06	-7.642834e-09	-2.482399e+01	-5.009904e+02
5.400000e-07	-3.502983e-06	-7.524279e-09	-2.404836e+01	-4.938403e+02
5.500000e-07	-3.388429e-06	-7.408915e-09	-2.326194e+01	-4.864971e+02
5.600000e-07	-3.272404e-06	-7.296050e-09	-2.246541e+01	-4.789500e+02
5.700000e-07	-3.155112e-06	-7.185349e-09	-2.166019e+01	-4.711883e+02
5.800000e-07	-3.036659e-06	-7.068612e-09	-2.084699e+01	-4.632017e+02
5.900000e-07	-2.917136e-06	-6.943153e-09	-2.002645e+01	-4.549816e+02
6.000000e-07	-2.796549e-06	-6.812054e-09	-1.919861e+01	-4.465211e+02
6.100000e-07	-2.674943e-06	-6.682337e-09	-1.836378e+01	-4.378153e+02
6.200000e-07	-2.552282e-06	-6.545740e-09	-1.752169e+01	-4.288613e+02
6.300000e-07	-2.428553e-06	-6.395400e-09	-1.667228e+01	-4.196572e+02
6.400000e-07	-2.303906e-06	-6.242294e-09	-1.581656e+01	-4.102016e+02
6.500000e-07	-2.178516e-06	-6.093281e-09	-1.495575e+01	-4.004918e+02
6.600000e-07	-2.052504e-06	-5.946061e-09	-1.409066e+01	-3.905236e+02
6.700000e-07	-1.925892e-06	-5.796359e-09	-1.322146e+01	-3.802895e+02
6.800000e-07	-1.798577e-06	-5.640296e-09	-1.234743e+01	-3.697791e+02
6.900000e-07	-1.670548e-06	-5.472149e-09	-1.146849e+01	-3.589783e+02
7.000000e-07	-1.541828e-06	-5.294977e-09	-1.058482e+01	-3.478707e+02
7.100000e-07	-1.412493e-06	-5.119070e-09	-9.696916e+00	-3.364378e+02
7.200000e-07	-1.282785e-06	-4.945988e-09	-8.806456e+00	-3.246613e+02
7.300000e-07	-1.152788e-06	-4.765799e-09	-7.914018e+00	-3.125238e+02
7.400000e-07	-1.022446e-06	-4.572189e-09	-7.019203e+00	-3.000108e+02
7.500000e-07	-8.916923e-07	-4.371060e-09	-6.121564e+00	-2.871115e+02
7.600000e-07	-7.605883e-07	-4.168351e-09	-5.221521e+00	-2.738191e+02
7.700000e-07	-6.292382e-07	-3.962384e-09	-4.319789e+00	-2.601301e+02
7.800000e-07	-4.976549e-07	-3.750142e-09	-3.416455e+00	-2.460433e+02
7.900000e-07	-3.658781e-07	-3.531279e-09	-2.511793e+00	-2.315577e+02
8.000000e-07	-2.339387e-07	-3.304457e-09	-1.606014e+00	-2.166695e+02
8.100000e-07	-1.018000e-07	-3.070214e-09	-6.988681e-01	-2.013697e+02
8.200000e-07	3.042258e-08	-2.831080e-09	2.088543e-01	-1.856416e+02
8.300000e-07	1.625833e-07	-2.583571e-09	1.116152e+00	-1.694591e+02
8.400000e-07	2.947228e-07	-2.328623e-09	2.023304e+00	-1.527863e+02
8.500000e-07	4.267743e-07	-2.068114e-09	2.929852e+00	-1.355780e+02
8.600000e-07	5.586681e-07	-1.798178e-09	3.835317e+00	-1.177833e+02
8.700000e-07	6.903993e-07	-1.515108e-09	4.739666e+00	-9.934878e+01
8.800000e-07	8.218781e-07	-1.220932e-09	5.642282e+00	-8.022495e+01
8.900000e-07	9.530589e-07	-9.165300e-10	6.542853e+00	-6.037221e+01
9.000000e-07	1.083848e-06	-6.011469e-10	7.440734e+00	-3.976774e+01
9.100000e-07	1.214260e-06	-2.755939e-10	8.336027e+00	-1.841170e+01
9.200000e-07	1.344353e-06	5.859795e-11	9.229127e+00	3.667632e+00
9.300000e-07	1.474059e-06	4.020393e-10	1.011958e+01	2.641071e+01
9.400000e-07	1.603294e-06	7.575539e-10	1.100679e+01	4.972572e+01
9.500000e-07	1.731845e-06	1.119727e-09	1.188930e+01	7.349033e+01
9.600000e-07	1.859544e-06	1.488964e-09	1.276597e+01	9.755585e+01
9.700000e-07	1.986495e-06	1.863809e-09	1.363750e+01	1.217538e+02
9.800000e-07	2.112840e-06	2.238748e-09	1.450488e+01	1.459044e+02
9.900000e-07	2.238556e-06	2.608138e-09	1.536793e+01	1.698257e+02
1.000000e-06	2.363535e-06	2.965046e-09	1.622593e+01	1.933432e+02
1.010000e-06	2.487663e-06	3.310224e-09	1.707808e+01	2.162991e+02
1.020000e-06	2.610779e-06	3.644521e-09	1.792328e+01	2.385592e+02
1.030000e-06	2.732941e-06	3.970469e-09	1.876194e+01	2.600190e+02
1.040000e-06	2.854146e-06	4.285490e-09	1.959402e+01	2.806060e+02
1.050000e-06	2.974178e-06	4.584803e-09	2.041805e+01	3.002803e+02
1.060000e-06	3.093084e-06	4.868765e-09	2.123435e+01	3.190322e+02
1.070000e-06	3.210930e-06	5.140061e-09	2.204339e+01	3.368781e+02
1.080000e-06	3.327600e-06	5.397885e-09	2.284433e+01	3.538549e+02
1.090000e-06	3.442930e-06	5.642223e-09	2.363609e+01	3.700129e+02
1.100000e-06	3.556921e-06	5.876401e-09	2.441865e+01	3.854098e+02
1.110000e-06	3.669517e-06	6.100176e-09	2.519163e+01	4.001040e+02
1.120000e-06	3.780708e-06	6.314174e-09	2.595497e+01	4.141506e+02
1.130000e-06	3.890669e-06	6.518225e-09	2.670986e+01	4.275971e+02
1.140000e-06	3.999396e-06	6.713150e-09	2.745629e+01	4.404825e+02
1.150000e-06	4.106818e-06	6.901254e-09	2.819375e+01	4.528366e+02
1.160000e-06	4.212825e-06	7.084004e-09	2.892150e+01	4.646811e+02
1.170000e-06	4.317164e-06	7.257927e-09	2.963780e+01	4.760318e+02
1.180000e-06	4.419838e-06	7.421779e-09	3.034267e+01	4.869010e+02
1.190000e-06	4.521041e-06	7.577532e-09	3.103744e+01	4.972995e+02
1.200000e-06	4.620675e-06	7.725599e-09	3.172143e+01	5.072392e+02
1.210000e-06	4.718591e-06	7.867889e-09	3.239364e+01	5.167337e+02
1.220000e-06	4.814642e-06	8.005601e-09	3.305304e+01	5.257992e+02
1.230000e-06	4.908929e-06	8.139111e-09	3.370033e+01	5.344541e+02
1.240000e-06	5.001610e-06	8.270790e-09	3.433660e+01	5.427180e+02
1.250000e-06	5.092624e-06	8.398969e-09	3.496141e+01	5.506108e+02
1.260000e-06	5.181752e-06	8.519235e-09	3.557329e+01	5.581507e+02
1.270000e-06	5.268894e-06	8.631758e-09	3.617153e+01	5.653539e+02
1.280000e-06	5.354260e-06	8.737444e-09	3.675758e+01	5.722335e+02
1.290000e-06	5.437849e-06	8.836710e-09	3.733142e+01	5.787993e+02
1.300000e-06	5.519450e-06	8.929238e-09	3.789163e+01	5.850588e+02
1.310000e-06	5.598986e-06	9.016013e-09	3.843765e+01	5.910180e+02
1.320000e-06	5.676494e-06	9.100800e-09	3.896975e+01	5.966827e+02
1.330000e-06	5.751866e-06	9.182936e-09	3.948718e+01	6.020599e+02
1.340000e-06	5.824942e-06	9.259179e-09	3.998886e+01	6.071591e+02
1.350000e-06	5.895832e-06	9.330905e-09	4.047553e+01	6.119930e+02
1.360000e-06	5.964699e-06	9.400128e-09	4.094830e+01	6.165773e+02
1.370000e-06	6.031483e-06	9.466844e-09	4.140678e+01	6.209309e+02
1.380000e-06	6.096042e-06	9.531536e-09	4.184999e+01	6.250738e+02
1.390000e-06	6.158464e-06	9.594787e-09	4.227853e+01	6.290265e+02
1.400000e-06	6.218930e-06	9.654907e-09	4.269363e+01	6.328072e+02
1.410000e-06	6.277227e-06	9.710652e-09	4.309385e+01	6.364307e+02
1.420000e-06	6.333223e-06	9.762410e-09	4.347827e+01	6.399069e+02
1.430000e-06	6.386903e-06	9.812227e-09	4.384678e+01	6.432397e+02
1.440000e-06	6.437999e-06	9.860098e-09	4.419756e+01	6.464270e+02
1.450000e-06	6.486470e-06	9.904561e-09	4.453032e+01	6.494616e+02
1.460000e-06	6.532619e-06	9.947473e-09	4.484714e+01	6.523325e+02
1.470000e-06	6.576596e-06	9.989331e-09	4.514905e+01	6.550265e+02
1.480000e-06	6.618198e-06	1.002854e-08	4.543465e+01	6.575311e+02
1.490000e-06	6.657355e-06	1.006453e-08	4.570346e+01	6.598358e+02
1.500000e-06	6.694314e-06	1.009449e-08	4.595719e+01	6.619347e+02
1.510000e-06	6.728989e-06	1.012033e-08	4.619524e+01	6.638269e+02
1.520000e-06	6.761175e-06	1.014537e-08	4.641620e+01	6.655178e+02
1.530000e-06	6.791028e-06	1.016987e-08	4.662114e+01	6.670181e+02
1.540000e-06	6.818621e-06	1.019234e-08	4.681057e+01	6.683428e+02
1.550000e-06	6.843668e-06	1.021079e-08	4.698252e+01	6.695095e+02
1.560000e-06	6.866110e-06	1.022668e-08	4.713659e+01	6.705363e+02
1.570000e-06	6.886229e-06	1.024070e-08	4.727471e+01	6.714395e+02
1.580000e-06	6.903928e-06	1.025256e-08	4.739621e+01	6.722322e+02
1.590000e-06	6.919026e-06	1.026152e-08	4.749986e+01	6.729222e+02
1.600000e-06	6.931527e-06	1.026793e-08	4.758569e+01	6.735122e+02
1.610000e-06	6.941305e-06	1.027346e-08	4.765281e+01	6.739995e+02
1.620000e-06	6.948428e-06	1.027784e-08	4.770171e+01	6.743769e+02
1.630000e-06	6.953207e-06	1.028101e-08	4.773452e+01	6.746349e+02
1.640000e-06	6.955571e-06	1.028464e-08	4.775075e+01	6.747627e+02
1.650000e-06	6.955428e-06	1.028597e-08	4.774977e+01	6.747511e+02
1.660000e-06	6.952999e-06	1.028266e-08	4.773310e+01	6.745941e+02
1.670000e-06	6.948304e-06	1.027753e-08	4.770086e+01	6.742901e+02
1.680000e-06	6.941240e-06	1.026845e-08	4.765236e+01	6.738430e+02
1.690000e-06	6.931903e-06	1.025843e-08	4.758826e+01	6.732622e+02
1.700000e-06	6.920278e-06	1.024889e-08	4.750846e+01	6.725614e+02
1.710000e-06	6.906183e-06	1.023809e-08	4.741170e+01	6.717579e+02
1.720000e-06	6.889806e-06	1.021775e-08	4.729927e+01	6.708701e+02
1.730000e-06	6.871360e-06	1.016628e-08	4.717263e+01	6.699159e+02
1.740000e-06	6.850281e-06	1.015592e-08	4.702792e+01	6.689104e+02
1.750000e-06	6.825913e-06	1.016296e-08	4.686063e+01	6.678643e+02
1.760000e-06	6.798532e-06	1.014764e-08	4.667266e+01	6.667829e+02
1.770000e-06	6.768695e-06	1.014881e-08	4.646782e+01	6.656650e+02
1.780000e-06	6.736933e-06	1.014189e-08	4.624978e+01	6.645036e+02
1.790000e-06	6.703765e-06	1.008794e-08	4.602207e+01	6.632866e+02
1.800000e-06	6.668736e-06	1.010305e-08	4.578160e+01	6.619975e+02
1.810000e-06	6.631112e-06	1.009575e-08	4.552330e+01	6.606179e+02
1.820000e-06	6.591255e-06	1.006230e-08	4.524968e+01	6.591286e+02
1.830000e-06	6.549313e-06	1.007356e-08	4.496175e+01	6.575113e+02
1.840000e-06	6.505044e-06	9.966460e-09	4.465784e+01	6.557504e+02
1.850000e-06	6.458466e-06	9.934416e-09	4.433807e+01	6.538335e+02
1.860000e-06	6.409431e-06	9.936397e-09	4.400144e+01	6.517523e+02
1.870000e-06	6.358054e-06	9.889088e-09	4.364873e+01	6.495029e+02
1.880000e-06	6.304123e-06	9.927950e-09	4.327849e+01	6.470847e+02
1.890000e-06	6.247511e-06	9.866946e-09	4.288984e+01	6.445006e+02
1.900000e-06	6.188670e-06	9.791930e-09	4.248589e+01	6.417560e+02
1.910000e-06	6.127495e-06	9.733974e-09	4.206592e+01	6.388577e+02
1.920000e-06	6.063953e-06	9.662240e-09	4.162970e+01	6.358130e+02
1.930000e-06	5.998293e-06	9.681787e-09	4.117894e+01	6.326294e+02
1.940000e-06	5.930499e-06	9.618867e-09	4.071352e+01	6.293135e+02
1.950000e-06	5.860357e-06	9.565893e-09	4.023199e+01	6.258710e+02
1.960000e-06	5.787773e-06	9.491904e-09	3.973369e+01	6.223059e+02
1.970000e-06	5.713026e-06	9.414428e-09	3.922054e+01	6.186211e+02
1.980000e-06	5.636036e-06	9.384774e-09	3.869200e+01	6.148177e+02
1.990000e-06	5.556803e-06	9.315183e-09	3.814806e+01	6.108952e+02
2.000000e-06	5.475646e-06	9.278419e-09	3.759091e+01	6.068519e+02
2.010000e-06	5.392696e-06	9.198285e-09	3.702144e+01	6.026846e+02
2.020000e-06	5.307844e-06	9.125822e-09	3.643892e+01	5.983888e+02
2.030000e-06	5.220874e-06	9.059333e-09	3.584187e+01	5.939594e+02
2.040000e-06	5.131968e-06	8.986847e-09	3.523152e+01	5.893901e+02
2.050000e-06	5.041464e-06	8.912559e-09	3.461019e+01	5.846748e+02
2.060000e-06	4.949353e-06	8.824257e-09	3.397785e+01	5.798072e+02
2.070000e-06	4.855406e-06	8.768600e-09	3.333289e+01	5.747815e+02
2.080000e-06	4.759662e-06	8.694396e-09	3.267559e+01	5.695930e+02
2.090000e-06	4.662360e-06	8.627283e-09	3.200760e+01	5.642382e+02
2.100000e-06	4.563547e-06	8.535199e-09	3.132925e+01	5.587148e+02
2.110000e-06	4.463179e-06	8.437183e-09	3.064021e+01	5.530223e+02
2.120000e-06	4.361056e-06	8.336680e-09	2.993912e+01	5.471611e+02
2.130000e-06	4.257277e-06	8.240731e-09	2.922667e+01	5.411324e+02
2.140000e-06	4.152019e-06	8.163768e-09	2.850406e+01	5.349377e+02
2.150000e-06	4.045359e-06	8.077368e-09	2.777183e+01	5.285777e+02
2.160000e-06	3.937300e-06	7.981732e-09	2.702999e+01	5.220520e+02
2.170000e-06	3.827820e-06	7.864898e-09	2.627840e+01	5.153584e+02
2.180000e-06	3.716893e-06	7.753482e-09	2.551687e+01	5.084924e+02
2.190000e-06	3.604481e-06	7.647038e-09	2.474515e+01	5.014476e+02
2.200000e-06	3.490783e-06	7.548380e-09	2.396461e+01	4.942151e+02
2.210000e-06	3.375664e-06	7.435871e-09	2.317430e+01	4.867850e+02
2.220000e-06	3.259075e-06	7.312348e-09	2.237390e+01	4.791465e+02
2.230000e-06	3.141130e-06	7.183997e-09	2.156420e+01	4.712888e+02
2.240000e-06	3.021894e-06	7.056953e-09	2.074563e+01	4.632023e+02
2.250000e-06	2.901558e-06	6.932620e-09	1.991951e+01	4.548790e+02
2.260000e-06	2.780234e-06	6.805506e-09	1.908661e+01	4.463131e+02
2.270000e-06	2.657945e-06	6.678928e-09	1.824708e+01	4.375004e+02
2.280000e-06	2.534724e-06	6.544725e-09	1.740116e+01	4.284386e+02
2.290000e-06	2.410518e-06	6.407179e-09	1.654847e+01	4.191261e+02
2.300000e-06	2.285425e-06	6.263695e-09	1.568969e+01	4.095611e+02
2.310000e-06	2.159613e-06	6.115166e-09	1.482598e+01	3.997405e+02
2.320000e-06	2.033076e-06	5.953406e-09	1.395729e+01	3.896586e+02
2.330000e-06	1.905757e-06	5.786738e-09	1.308323e+01	3.793068e+02
2.340000e-06	1.777751e-06	5.623067e-09	1.220445e+01	3.686730e+02
2.350000e-06	1.649178e-06	5.465008e-09	1.132178e+01	3.577421e+02
2.360000e-06	1.520010e-06	5.301430e-09	1.043504e+01	3.464965e+02
2.370000e-06	1.390370e-06	5.123058e-09	9.545038e+00	3.349178e+02
2.380000e-06	1.260388e-06	4.937358e-09	8.652701e+00	3.229877e+02
2.390000e-06	1.130116e-06	4.745043e-09	7.758367e+00	3.106901e+02
2.400000e-06	9.995696e-07	4.550943e-09	6.862154e+00	2.980119e+02
2.410000e-06	8.686949e-07	4.355425e-09	5.963685e+00	2.849439e+02
2.420000e-06	7.375204e-07	4.152993e-09	5.063158e+00	2.714809e+02
2.430000e-06	6.061258e-07	3.941684e-09	4.161119e+00	2.576207e+02
2.440000e-06	4.744748e-07	3.721918e-09	3.257321e+00	2.433624e+02
2.450000e-06	3.426006e-07	3.497587e-09	2.351990e+00	2.287042e+02
2.460000e-06	2.105973e-07	3.270899e-09	1.445773e+00	2.136402e+02
2.470000e-06	7.849101e-08	3.037319e-09	5.388493e-01	1.981587e+02
2.480000e-06	-5.367634e-08	2.794534e-09	-3.684939e-01	1.822388e+02
2.490000e-06	-1.858914e-07	2.542531e-09	-1.276164e+00	1.658503e+02
2.500000e-06	-3.180028e-07	2.280669e-09	-2.183124e+00	1.489532e+02
2.510000e-06	-4.499960e-07	2.008600e-09	-3.089271e+00	1.314993e+02
2.520000e-06	-5.818563e-07	1.729579e-09	-3.994507e+00	1.134360e+02
2.530000e-06	-7.134070e-07	1.443438e-09	-4.897616e+00	9.471088e+01
2.540000e-06	-8.447311e-07	1.148764e-09	-5.799171e+00	7.527788e+01
2.550000e-06	-9.757895e-07	8.460983e-10	-6.698901e+00	5.510374e+01
2.560000e-06	-1.106489e-06	5.326182e-10	-7.596168e+00	3.417480e+01
2.570000e-06	-1.236875e-06	2.067212e-10	-8.491284e+00	1.250274e+01
2.580000e-06	-1.366860e-06	-1.320966e-10	-9.383640e+00	-9.871044e+00
2.590000e-06	-1.496429e-06	-4.830370e-10	-1.027315e+01	-3.287313e+01
2.600000e-06	-1.625604e-06	-8.434686e-10	-1.115995e+01	-5.639828e+01
2.610000e-06	-1.754214e-06	-1.210840e-09	-1.204287e+01	-8.031219e+01
2.620000e-06	-1.882083e-06	-1.581211e-09	-1.292071e+01	-1.044568e+02
2.630000e-06	-2.009149e-06	-1.951005e-09	-1.379303e+01	-1.286576e+02
2.640000e-06	-2.135474e-06	-2.318197e-09	-1.466026e+01	-1.527328e+02
2.650000e-06	-2.261027e-06	-2.683007e-09	-1.552220e+01	-1.765024e+02
2.660000e-06	-2.385672e-06	-3.040734e-09	-1.637789e+01	-1.997981e+02
2.670000e-06	-2.509370e-06	-3.386411e-09	-1.722710e+01	-2.224715e+02
2.680000e-06	-2.632070e-06	-3.718558e-09	-1.806945e+01	-2.444004e+02
2.690000e-06	-2.753791e-06	-4.038404e-09	-1.890507e+01	-2.654939e+02
2.700000e-06	-2.874520e-06	-4.344937e-09	-1.973389e+01	-2.856936e+02
2.710000e-06	-2.994122e-06	-4.637147e-09	-2.055497e+01	-3.049729e+02
2.720000e-06	-3.112625e-06	-4.918418e-09	-2.136851e+01	-3.233340e+02
2.730000e-06	-3.230013e-06	-5.188701e-09	-2.217439e+01	-3.408028e+02
2.740000e-06	-3.346014e-06	-5.446559e-09	-2.297075e+01	-3.574227e+02
2.750000e-06	-3.460593e-06	-5.690741e-09	-2.375735e+01	-3.732481e+02
2.760000e-06	-3.573855e-06	-5.920288e-09	-2.453490e+01	-3.883376e+02
2.770000e-06	-3.685674e-06	-6.139171e-09	-2.530255e+01	-4.027487e+02
2.780000e-06	-3.796016e-06	-6.349728e-09	-2.606006e+01	-4.165335e+02
2.790000e-06	-3.905063e-06	-6.554674e-09	-2.680868e+01	-4.297362e+02
2.800000e-06	-4.012851e-06	-6.753425e-09	-2.754866e+01	-4.423916e+02
2.810000e-06	-4.119354e-06	-6.942268e-09	-2.827981e+01	-4.545258e+02
2.820000e-06	-4.224455e-06	-7.121120e-09	-2.900134e+01	-4.661578e+02
2.830000e-06	-4.327965e-06	-7.289502e-09	-2.971195e+01	-4.773016e+02
2.840000e-06	-4.429875e-06	-7.448001e-09	-3.041157e+01	-4.879685e+02
2.850000e-06	-4.530134e-06	-7.599848e-09	-3.109986e+01	-4.981697e+02
2.860000e-06	-4.628836e-06	-7.747790e-09	-3.177747e+01	-5.079176e+02
2.870000e-06	-4.726038e-06	-7.890110e-09	-3.244476e+01	-5.172269e+02
2.880000e-06	-4.821559e-06	-8.024597e-09	-3.310053e+01	-5.261148e+02
2.890000e-06	-4.915288e-06	-8.152666e-09	-3.374399e+01	-5.346006e+02
2.900000e-06	-5.007222e-06	-8.276988e-09	-3.437512e+01	-5.427039e+02
2.910000e-06	-5.097411e-06	-8.397638e-09	-3.499428e+01	-5.504441e+02
2.920000e-06	-5.185766e-06	-8.511493e-09	-3.560085e+01	-5.578387e+02
2.930000e-06	-5.272160e-06	-8.618294e-09	-3.619395e+01	-5.649026e+02
2.940000e-06	-5.356557e-06	-8.720682e-09	-3.677334e+01	-5.716474e+02
2.950000e-06	-5.439084e-06	-8.819132e-09	-3.733991e+01	-5.780820e+02
2.960000e-06	-5.519796e-06	-8.912175e-09	-3.789400e+01	-5.842129e+02
2.970000e-06	-5.598402e-06	-8.997686e-09	-3.843364e+01	-5.900460e+02
2.980000e-06	-5.674675e-06	-9.078571e-09	-3.895726e+01	-5.955873e+02
2.990000e-06	-5.748716e-06	-9.158688e-09	-3.946556e+01	-6.008448e+02
3.000000e-06	-5.820702e-06	-9.237387e-09	-3.995975e+01	-6.058294e+02
3.010000e-06	-5.890597e-06	-9.312003e-09	-4.043959e+01	-6.105550e+02
3.020000e-06	-5.958357e-06	-9.380653e-09	-4.090477e+01	-6.150388e+02
3.030000e-06	-6.024082e-06	-9.445868e-09	-4.135598e+01	-6.193004e+02
3.040000e-06	-6.087761e-06	-9.508591e-09	-4.179314e+01	-6.233602e+02
3.050000e-06	-6.149182e-06	-9.567698e-09	-4.221480e+01	-6.272379e+02
3.060000e-06	-6.208362e-06	-9.624385e-09	-4.262108e+01	-6.309505e+02
3.070000e-06	-6.265456e-06	-9.680594e-09	-4.301304e+01	-6.345108e+02
3.080000e-06	-6.320336e-06	-9.735230e-09	-4.338979e+01	-6.379262e+02
3.090000e-06	-6.372708e-06	-9.785410e-09	-4.374933e+01	-6.411980e+02
3.100000e-06	-6.422385e-06	-9.831033e-09	-4.409037e+01	-6.443218e+02
3.110000e-06	-6.469464e-06	-9.873235e-09	-4.441358e+01	-6.472886e+02
3.120000e-06	-6.514332e-06	-9.914180e-09	-4.472160e+01	-6.500861e+02
3.130000e-06	-6.557094e-06	-9.952490e-09	-4.501516e+01	-6.527013e+02
3.140000e-06	-6.597719e-06	-9.988173e-09	-4.529406e+01	-6.551220e+02
3.150000e-06	-6.636100e-06	-1.002325e-08	-4.555755e+01	-6.573398e+02
3.160000e-06	-6.672055e-06	-1.005519e-08	-4.580439e+01	-6.593506e+02
3.170000e-06	-6.705632e-06	-1.008281e-08	-4.603489e+01	-6.611564e+02
3.180000e-06	-6.736812e-06	-1.010817e-08	-4.624895e+01	-6.627649e+02
3.190000e-06	-6.765553e-06	-1.013043e-08	-4.644626e+01	-6.641887e+02
3.200000e-06	-6.791910e-06	-1.015040e-08	-4.662720e+01	-6.654442e+02
3.210000e-06	-6.815866e-06	-1.016959e-08	-4.679166e+01	-6.665496e+02
3.220000e-06	-6.837277e-06	-1.018665e-08	-4.693865e+01	-6.675224e+02
3.230000e-06	-6.856259e-06	-1.020026e-08	-4.706896e+01	-6.683777e+02
3.240000e-06	-6.872967e-06	-1.021331e-08	-4.718366e+01	-6.691265e+02
3.250000e-06	-6.887039e-06	-1.022459e-08	-4.728027e+01	-6.697745e+02
3.260000e-06	-6.898253e-06	-1.023064e-08	-4.735726e+01	-6.703219e+02
3.270000e-06	-6.906872e-06	-1.023447e-08	-4.741643e+01	-6.707640e+02
3.280000e-06	-6.913017e-06	-1.023749e-08	-4.745861e+01	-6.710923e+02
3.290000e-06	-6.916715e-06	-1.023930e-08	-4.748400e+01	-6.712965e+02
3.300000e-06	-6.918038e-06	-1.023918e-08	-4.749308e+01	-6.713664e+02
3.310000e-06	-6.916951e-06	-1.024163e-08	-4.748562e+01	-6.712938e+02
