# Temperatura_=_80.51
# Concentracion g/m^3_=_15000.0
# C_Vs_to_Am_M_A/Vsm_=_65563218390.804596
# pendiente_HvsI_1/m_=_3716.3
# ordenada_HvsI_A/m_=_1297.0
# frecuencia_Hz_=_301583.4695933317

Tiempo_(s)	Campo_(V.s)	Magnetizacion_(V.s)	Campo_(kA/m)	Magnetizacion_(A/m)
0.000000e+00	-5.392129e-06	-7.110347e-09	-3.833609e+01	-4.641818e+02
1.000000e-08	-5.389032e-06	-7.106903e-09	-3.831407e+01	-4.639678e+02
2.000000e-08	-5.384226e-06	-7.103210e-09	-3.827990e+01	-4.636473e+02
3.000000e-08	-5.377801e-06	-7.096030e-09	-3.823422e+01	-4.632181e+02
4.000000e-08	-5.369816e-06	-7.087231e-09	-3.817745e+01	-4.626801e+02
5.000000e-08	-5.359940e-06	-7.075979e-09	-3.810723e+01	-4.620353e+02
6.000000e-08	-5.347993e-06	-7.063359e-09	-3.802230e+01	-4.612883e+02
7.000000e-08	-5.334181e-06	-7.055899e-09	-3.792410e+01	-4.604458e+02
8.000000e-08	-5.318245e-06	-7.028503e-09	-3.781080e+01	-4.595163e+02
9.000000e-08	-5.300068e-06	-7.011959e-09	-3.768157e+01	-4.585088e+02
1.000000e-07	-5.279880e-06	-7.029708e-09	-3.753803e+01	-4.574323e+02
1.100000e-07	-5.257806e-06	-7.015118e-09	-3.738110e+01	-4.562940e+02
1.200000e-07	-5.234006e-06	-7.002390e-09	-3.721189e+01	-4.550992e+02
1.300000e-07	-5.208687e-06	-6.980729e-09	-3.703188e+01	-4.538497e+02
1.400000e-07	-5.181768e-06	-6.853982e-09	-3.684050e+01	-4.525441e+02
1.500000e-07	-5.153208e-06	-6.882117e-09	-3.663745e+01	-4.511772e+02
1.600000e-07	-5.123180e-06	-6.915948e-09	-3.642396e+01	-4.497408e+02
1.700000e-07	-5.091520e-06	-6.809490e-09	-3.619886e+01	-4.482243e+02
1.800000e-07	-5.057757e-06	-6.867479e-09	-3.595883e+01	-4.466158e+02
1.900000e-07	-5.022214e-06	-6.834291e-09	-3.570613e+01	-4.449031e+02
2.000000e-07	-4.985169e-06	-6.703878e-09	-3.544275e+01	-4.430747e+02
2.100000e-07	-4.946341e-06	-6.743270e-09	-3.516669e+01	-4.411214e+02
2.200000e-07	-4.905696e-06	-6.719068e-09	-3.487773e+01	-4.390364e+02
2.300000e-07	-4.863061e-06	-6.652763e-09	-3.457461e+01	-4.368158e+02
2.400000e-07	-4.818528e-06	-6.646810e-09	-3.425799e+01	-4.344591e+02
2.500000e-07	-4.772241e-06	-6.581407e-09	-3.392891e+01	-4.319684e+02
2.600000e-07	-4.724017e-06	-6.561165e-09	-3.358605e+01	-4.293481e+02
2.700000e-07	-4.673715e-06	-6.507098e-09	-3.322842e+01	-4.266041e+02
2.800000e-07	-4.621354e-06	-6.444607e-09	-3.285616e+01	-4.237429e+02
2.900000e-07	-4.567170e-06	-6.434677e-09	-3.247093e+01	-4.207710e+02
3.000000e-07	-4.511410e-06	-6.383602e-09	-3.207449e+01	-4.176940e+02
3.100000e-07	-4.453961e-06	-6.322919e-09	-3.166605e+01	-4.145162e+02
3.200000e-07	-4.394711e-06	-6.270136e-09	-3.124481e+01	-4.112405e+02
3.300000e-07	-4.333905e-06	-6.232197e-09	-3.081249e+01	-4.078682e+02
3.400000e-07	-4.271663e-06	-6.170656e-09	-3.036998e+01	-4.043993e+02
3.500000e-07	-4.208017e-06	-6.096830e-09	-2.991748e+01	-4.008327e+02
3.600000e-07	-4.142874e-06	-6.063619e-09	-2.945433e+01	-3.971670e+02
3.700000e-07	-4.076061e-06	-6.012191e-09	-2.897932e+01	-3.934005e+02
3.800000e-07	-4.007691e-06	-5.942312e-09	-2.849323e+01	-3.895316e+02
3.900000e-07	-3.937966e-06	-5.882170e-09	-2.799752e+01	-3.855595e+02
4.000000e-07	-3.866985e-06	-5.822831e-09	-2.749287e+01	-3.814836e+02
4.100000e-07	-3.794764e-06	-5.760182e-09	-2.697940e+01	-3.773041e+02
4.200000e-07	-3.721096e-06	-5.673427e-09	-2.645565e+01	-3.730217e+02
4.300000e-07	-3.645804e-06	-5.617967e-09	-2.592035e+01	-3.686372e+02
4.400000e-07	-3.568998e-06	-5.566728e-09	-2.537429e+01	-3.641513e+02
4.500000e-07	-3.490784e-06	-5.492560e-09	-2.481821e+01	-3.595648e+02
4.600000e-07	-3.411184e-06	-5.413483e-09	-2.425229e+01	-3.548779e+02
4.700000e-07	-3.330309e-06	-5.330428e-09	-2.367729e+01	-3.500903e+02
4.800000e-07	-3.248235e-06	-5.261212e-09	-2.309378e+01	-3.452013e+02
4.900000e-07	-3.165017e-06	-5.184596e-09	-2.250213e+01	-3.402096e+02
5.000000e-07	-3.080795e-06	-5.105392e-09	-2.190334e+01	-3.351136e+02
5.100000e-07	-2.995731e-06	-5.029048e-09	-2.129857e+01	-3.299113e+02
5.200000e-07	-2.909745e-06	-4.949064e-09	-2.068724e+01	-3.246007e+02
5.300000e-07	-2.822713e-06	-4.856419e-09	-2.006847e+01	-3.191796e+02
5.400000e-07	-2.734711e-06	-4.762287e-09	-1.944280e+01	-3.136459e+02
5.500000e-07	-2.645752e-06	-4.676880e-09	-1.881034e+01	-3.079975e+02
5.600000e-07	-2.555700e-06	-4.591791e-09	-1.817010e+01	-3.022323e+02
5.700000e-07	-2.464531e-06	-4.503421e-09	-1.752192e+01	-2.963485e+02
5.800000e-07	-2.372459e-06	-4.407973e-09	-1.686732e+01	-2.903440e+02
5.900000e-07	-2.279625e-06	-4.315294e-09	-1.620731e+01	-2.842171e+02
6.000000e-07	-2.185998e-06	-4.220726e-09	-1.554166e+01	-2.779663e+02
6.100000e-07	-2.091630e-06	-4.119083e-09	-1.487073e+01	-2.715902e+02
6.200000e-07	-1.996548e-06	-4.016634e-09	-1.419474e+01	-2.650879e+02
6.300000e-07	-1.900756e-06	-3.916941e-09	-1.351369e+01	-2.584586e+02
6.400000e-07	-1.804204e-06	-3.815936e-09	-1.282723e+01	-2.517023e+02
6.500000e-07	-1.706857e-06	-3.712809e-09	-1.213514e+01	-2.448189e+02
6.600000e-07	-1.608800e-06	-3.608332e-09	-1.143799e+01	-2.378087e+02
6.700000e-07	-1.510071e-06	-3.497683e-09	-1.073606e+01	-2.306716e+02
6.800000e-07	-1.410782e-06	-3.381813e-09	-1.003015e+01	-2.234071e+02
6.900000e-07	-1.311062e-06	-3.262816e-09	-9.321178e+00	-2.160139e+02
7.000000e-07	-1.210950e-06	-3.147067e-09	-8.609415e+00	-2.084893e+02
7.100000e-07	-1.110461e-06	-3.034523e-09	-7.894976e+00	-2.008292e+02
7.200000e-07	-1.009750e-06	-2.918381e-09	-7.178954e+00	-1.930277e+02
7.300000e-07	-9.088258e-07	-2.795019e-09	-6.461423e+00	-1.850770e+02
7.400000e-07	-8.075084e-07	-2.667876e-09	-5.741093e+00	-1.769680e+02
7.500000e-07	-7.058553e-07	-2.540714e-09	-5.018376e+00	-1.686902e+02
7.600000e-07	-6.039206e-07	-2.411251e-09	-4.293657e+00	-1.602326e+02
7.700000e-07	-5.017141e-07	-2.277485e-09	-3.567006e+00	-1.515840e+02
7.800000e-07	-3.993483e-07	-2.140527e-09	-2.839222e+00	-1.427337e+02
7.900000e-07	-2.968581e-07	-2.001893e-09	-2.110554e+00	-1.336722e+02
8.000000e-07	-1.943124e-07	-1.859367e-09	-1.381491e+00	-1.243912e+02
8.100000e-07	-9.170088e-08	-1.715026e-09	-6.519601e-01	-1.148842e+02
8.200000e-07	1.101962e-08	-1.567637e-09	7.834554e-02	-1.051462e+02
8.300000e-07	1.137184e-07	-1.414509e-09	8.084967e-01	-9.517322e+01
8.400000e-07	2.163786e-07	-1.256698e-09	1.538373e+00	-8.496190e+01
8.500000e-07	3.189994e-07	-1.096075e-09	2.267970e+00	-7.450891e+01
8.600000e-07	4.215276e-07	-9.334398e-10	2.996909e+00	-6.381031e+01
8.700000e-07	5.239606e-07	-7.638016e-10	3.725170e+00	-5.286113e+01
8.800000e-07	6.262861e-07	-5.893747e-10	4.452668e+00	-4.165531e+01
8.900000e-07	7.284070e-07	-4.135775e-10	5.178711e+00	-3.018591e+01
9.000000e-07	8.302007e-07	-2.367347e-10	5.902427e+00	-1.844591e+01
9.100000e-07	9.316375e-07	-5.403892e-11	6.623606e+00	-6.429334e+00
9.200000e-07	1.032721e-06	1.332101e-10	7.342270e+00	5.867186e+00
9.300000e-07	1.133467e-06	3.226737e-10	8.058541e+00	1.844265e+01
9.400000e-07	1.233872e-06	5.165901e-10	8.772386e+00	3.128987e+01
9.500000e-07	1.333893e-06	7.152691e-10	9.483495e+00	4.439385e+01
9.600000e-07	1.433519e-06	9.173137e-10	1.019180e+01	5.773055e+01
9.700000e-07	1.532707e-06	1.120114e-09	1.089700e+01	7.126619e+01
9.800000e-07	1.631274e-06	1.326082e-09	1.159777e+01	8.495738e+01
9.900000e-07	1.729000e-06	1.534716e-09	1.229257e+01	9.875193e+01
1.000000e-06	1.825820e-06	1.744430e-09	1.298092e+01	1.125905e+02
1.010000e-06	1.921842e-06	1.952433e-09	1.366360e+01	1.264089e+02
1.020000e-06	2.017176e-06	2.160102e-09	1.434139e+01	1.401409e+02
1.030000e-06	2.111835e-06	2.367492e-09	1.501438e+01	1.537211e+02
1.040000e-06	2.205762e-06	2.569984e-09	1.568217e+01	1.670880e+02
1.050000e-06	2.298936e-06	2.766453e-09	1.634460e+01	1.801867e+02
1.060000e-06	2.391388e-06	2.956822e-09	1.700191e+01	1.929707e+02
1.070000e-06	2.483211e-06	3.143331e-09	1.765473e+01	2.054034e+02
1.080000e-06	2.574267e-06	3.324796e-09	1.830211e+01	2.174587e+02
1.090000e-06	2.664172e-06	3.503328e-09	1.894130e+01	2.291201e+02
1.100000e-06	2.752810e-06	3.679459e-09	1.957148e+01	2.403805e+02
1.110000e-06	2.840426e-06	3.849810e-09	2.019440e+01	2.512397e+02
1.120000e-06	2.927156e-06	4.009820e-09	2.081102e+01	2.617029e+02
1.130000e-06	3.012931e-06	4.162668e-09	2.142085e+01	2.717785e+02
1.140000e-06	3.097734e-06	4.312846e-09	2.202377e+01	2.814762e+02
1.150000e-06	3.181623e-06	4.457868e-09	2.262019e+01	2.908056e+02
1.160000e-06	3.264584e-06	4.595033e-09	2.321001e+01	2.997752e+02
1.170000e-06	3.346350e-06	4.724608e-09	2.379134e+01	3.083919e+02
1.180000e-06	3.426773e-06	4.848049e-09	2.436312e+01	3.166615e+02
1.190000e-06	3.505973e-06	4.967303e-09	2.492620e+01	3.245889e+02
1.200000e-06	3.583997e-06	5.082520e-09	2.548092e+01	3.321793e+02
1.210000e-06	3.660796e-06	5.190518e-09	2.602694e+01	3.394392e+02
1.220000e-06	3.736264e-06	5.293989e-09	2.656348e+01	3.463770e+02
1.230000e-06	3.810112e-06	5.392589e-09	2.708852e+01	3.530040e+02
1.240000e-06	3.882298e-06	5.487566e-09	2.760174e+01	3.593345e+02
1.250000e-06	3.953062e-06	5.580206e-09	2.810484e+01	3.653853e+02
1.260000e-06	4.022442e-06	5.669903e-09	2.859811e+01	3.711751e+02
1.270000e-06	4.090505e-06	5.756208e-09	2.908201e+01	3.767237e+02
1.280000e-06	4.157139e-06	5.837334e-09	2.955575e+01	3.820504e+02
1.290000e-06	4.222039e-06	5.914313e-09	3.001717e+01	3.871727e+02
1.300000e-06	4.285342e-06	5.989013e-09	3.046723e+01	3.921054e+02
1.310000e-06	4.347250e-06	6.061877e-09	3.090738e+01	3.968595e+02
1.320000e-06	4.407784e-06	6.132930e-09	3.133775e+01	4.014419e+02
1.330000e-06	4.466934e-06	6.201239e-09	3.175828e+01	4.058556e+02
1.340000e-06	4.524271e-06	6.265869e-09	3.216593e+01	4.101000e+02
1.350000e-06	4.579770e-06	6.326984e-09	3.256051e+01	4.141720e+02
1.360000e-06	4.633746e-06	6.385663e-09	3.294426e+01	4.180672e+02
1.370000e-06	4.686041e-06	6.440920e-09	3.331606e+01	4.217811e+02
1.380000e-06	4.736303e-06	6.492515e-09	3.367341e+01	4.253105e+02
1.390000e-06	4.784526e-06	6.541193e-09	3.401625e+01	4.286538e+02
1.400000e-06	4.831045e-06	6.587137e-09	3.434698e+01	4.318126e+02
1.410000e-06	4.876014e-06	6.630330e-09	3.466670e+01	4.347909e+02
1.420000e-06	4.919401e-06	6.671562e-09	3.497516e+01	4.375953e+02
1.430000e-06	4.960899e-06	6.710876e-09	3.527020e+01	4.402343e+02
1.440000e-06	5.000529e-06	6.747500e-09	3.555195e+01	4.427172e+02
1.450000e-06	5.038570e-06	6.779880e-09	3.582241e+01	4.450533e+02
1.460000e-06	5.075029e-06	6.810659e-09	3.608162e+01	4.472511e+02
1.470000e-06	5.109640e-06	6.841852e-09	3.632770e+01	4.493172e+02
1.480000e-06	5.142269e-06	6.871088e-09	3.655968e+01	4.512560e+02
1.490000e-06	5.173134e-06	6.897452e-09	3.677911e+01	4.530699e+02
1.500000e-06	5.202345e-06	6.919222e-09	3.698679e+01	4.547590e+02
1.510000e-06	5.229827e-06	6.938246e-09	3.718218e+01	4.563221e+02
1.520000e-06	5.255270e-06	6.957350e-09	3.736307e+01	4.577575e+02
1.530000e-06	5.278619e-06	6.977443e-09	3.752907e+01	4.590634e+02
1.540000e-06	5.300150e-06	6.996055e-09	3.768215e+01	4.602389e+02
1.550000e-06	5.320025e-06	7.011262e-09	3.782345e+01	4.612847e+02
1.560000e-06	5.338019e-06	7.025996e-09	3.795138e+01	4.622030e+02
1.570000e-06	5.353973e-06	7.041133e-09	3.806481e+01	4.629977e+02
1.580000e-06	5.368005e-06	7.053895e-09	3.816458e+01	4.636741e+02
1.590000e-06	5.380035e-06	7.062431e-09	3.825010e+01	4.642380e+02
1.600000e-06	5.389832e-06	7.067661e-09	3.831976e+01	4.646954e+02
1.610000e-06	5.397463e-06	7.071230e-09	3.837401e+01	4.650513e+02
1.620000e-06	5.403281e-06	7.075380e-09	3.841538e+01	4.653094e+02
1.630000e-06	5.407328e-06	7.080647e-09	3.844414e+01	4.654715e+02
1.640000e-06	5.409411e-06	7.083857e-09	3.845896e+01	4.655375e+02
1.650000e-06	5.409558e-06	7.083579e-09	3.846000e+01	4.655056e+02
1.660000e-06	5.407923e-06	7.081566e-09	3.844838e+01	4.653730e+02
1.670000e-06	5.404628e-06	7.077020e-09	3.842495e+01	4.651361e+02
1.680000e-06	5.399622e-06	7.073209e-09	3.838936e+01	4.647920e+02
1.690000e-06	5.392727e-06	7.069201e-09	3.834034e+01	4.643391e+02
1.700000e-06	5.384006e-06	7.062365e-09	3.827833e+01	4.637776e+02
1.710000e-06	5.373635e-06	7.050392e-09	3.820460e+01	4.631101e+02
1.720000e-06	5.361528e-06	7.032447e-09	3.811853e+01	4.623417e+02
1.730000e-06	5.347451e-06	7.031012e-09	3.801845e+01	4.614795e+02
1.740000e-06	5.331288e-06	7.034543e-09	3.790353e+01	4.605322e+02
1.750000e-06	5.312744e-06	6.984445e-09	3.777169e+01	4.595088e+02
1.760000e-06	5.291500e-06	6.959235e-09	3.762065e+01	4.584181e+02
1.770000e-06	5.268033e-06	6.929820e-09	3.745381e+01	4.572671e+02
1.780000e-06	5.243400e-06	6.928726e-09	3.727868e+01	4.560602e+02
1.790000e-06	5.218045e-06	7.013558e-09	3.709841e+01	4.547986e+02
1.800000e-06	5.191150e-06	6.893355e-09	3.690720e+01	4.534800e+02
1.810000e-06	5.161997e-06	6.852850e-09	3.669993e+01	4.520987e+02
1.820000e-06	5.131093e-06	6.924887e-09	3.648022e+01	4.506458e+02
1.830000e-06	5.098498e-06	6.762789e-09	3.624848e+01	4.491102e+02
1.840000e-06	5.063971e-06	6.781260e-09	3.600300e+01	4.474801e+02
1.850000e-06	5.027874e-06	6.876311e-09	3.574637e+01	4.457431e+02
1.860000e-06	4.989995e-06	6.736411e-09	3.547706e+01	4.438884e+02
1.870000e-06	4.950198e-06	6.738819e-09	3.519412e+01	4.419070e+02
1.880000e-06	4.908713e-06	6.713440e-09	3.489918e+01	4.397927e+02
1.890000e-06	4.865454e-06	6.627527e-09	3.459162e+01	4.375426e+02
1.900000e-06	4.820543e-06	6.643267e-09	3.427232e+01	4.351566e+02
1.910000e-06	4.773789e-06	6.532569e-09	3.393991e+01	4.326373e+02
1.920000e-06	4.725037e-06	6.561552e-09	3.359330e+01	4.299897e+02
1.930000e-06	4.674652e-06	6.549603e-09	3.323508e+01	4.272196e+02
1.940000e-06	4.622444e-06	6.402743e-09	3.286391e+01	4.243339e+02
1.950000e-06	4.568179e-06	6.427163e-09	3.247810e+01	4.213386e+02
1.960000e-06	4.512041e-06	6.374224e-09	3.207898e+01	4.182394e+02
1.970000e-06	4.454233e-06	6.318007e-09	3.166799e+01	4.150401e+02
1.980000e-06	4.394957e-06	6.270170e-09	3.124656e+01	4.117433e+02
1.990000e-06	4.334104e-06	6.198684e-09	3.081391e+01	4.083500e+02
2.000000e-06	4.271564e-06	6.202958e-09	3.036928e+01	4.048599e+02
2.010000e-06	4.207497e-06	6.086310e-09	2.991379e+01	4.012719e+02
2.020000e-06	4.141969e-06	6.032686e-09	2.944790e+01	3.975844e+02
2.030000e-06	4.075015e-06	6.004775e-09	2.897188e+01	3.937957e+02
2.040000e-06	4.006611e-06	5.926071e-09	2.848556e+01	3.899044e+02
2.050000e-06	3.936698e-06	5.876089e-09	2.798850e+01	3.859097e+02
2.060000e-06	3.865260e-06	5.798508e-09	2.748060e+01	3.818113e+02
2.070000e-06	3.792447e-06	5.780731e-09	2.696292e+01	3.776094e+02
2.080000e-06	3.718342e-06	5.690383e-09	2.643607e+01	3.733046e+02
2.090000e-06	3.642828e-06	5.597873e-09	2.589919e+01	3.688980e+02
2.100000e-06	3.565897e-06	5.540824e-09	2.535224e+01	3.643902e+02
2.110000e-06	3.487415e-06	5.466883e-09	2.479426e+01	3.597818e+02
2.120000e-06	3.407598e-06	5.420050e-09	2.422679e+01	3.550730e+02
2.130000e-06	3.326682e-06	5.321039e-09	2.365151e+01	3.502635e+02
2.140000e-06	3.244634e-06	5.258783e-09	2.306818e+01	3.453522e+02
2.150000e-06	3.161501e-06	5.191532e-09	2.247713e+01	3.403380e+02
2.160000e-06	3.077256e-06	5.098784e-09	2.187817e+01	3.352190e+02
2.170000e-06	2.991889e-06	5.020621e-09	2.127125e+01	3.299934e+02
2.180000e-06	2.905202e-06	4.948529e-09	2.065494e+01	3.246589e+02
2.190000e-06	2.817333e-06	4.883016e-09	2.003022e+01	3.192135e+02
2.200000e-06	2.728562e-06	4.787254e-09	1.939909e+01	3.136551e+02
2.210000e-06	2.638892e-06	4.692982e-09	1.876157e+01	3.079815e+02
2.220000e-06	2.548402e-06	4.604369e-09	1.811822e+01	3.021907e+02
2.230000e-06	2.457059e-06	4.522127e-09	1.746880e+01	2.962808e+02
2.240000e-06	2.364864e-06	4.424030e-09	1.681333e+01	2.902499e+02
2.250000e-06	2.271830e-06	4.329429e-09	1.615189e+01	2.840962e+02
2.260000e-06	2.177877e-06	4.249441e-09	1.548392e+01	2.778184e+02
2.270000e-06	2.083007e-06	4.152865e-09	1.480942e+01	2.714149e+02
2.280000e-06	1.987218e-06	4.048184e-09	1.412840e+01	2.648851e+02
2.290000e-06	1.890705e-06	3.941507e-09	1.344223e+01	2.582283e+02
2.300000e-06	1.793708e-06	3.840388e-09	1.275262e+01	2.514444e+02
2.310000e-06	1.696196e-06	3.734673e-09	1.205934e+01	2.445335e+02
2.320000e-06	1.598096e-06	3.624273e-09	1.136189e+01	2.374957e+02
2.330000e-06	1.499497e-06	3.517935e-09	1.066088e+01	2.303310e+02
2.340000e-06	1.400449e-06	3.416139e-09	9.956688e+00	2.230388e+02
2.350000e-06	1.300954e-06	3.304149e-09	9.249313e+00	2.156174e+02
2.360000e-06	1.201097e-06	3.183826e-09	8.539365e+00	2.080638e+02
2.370000e-06	1.100908e-06	3.064821e-09	7.827058e+00	2.003736e+02
2.380000e-06	1.000343e-06	2.943737e-09	7.112075e+00	1.925405e+02
2.390000e-06	8.993795e-07	2.825220e-09	6.394263e+00	1.845564e+02
2.400000e-06	7.980527e-07	2.703798e-09	5.673866e+00	1.764118e+02
2.410000e-06	6.963698e-07	2.580059e-09	4.950938e+00	1.680961e+02
2.420000e-06	5.944011e-07	2.451594e-09	4.225977e+00	1.595982e+02
2.430000e-06	4.922880e-07	2.315726e-09	3.499989e+00	1.509068e+02
2.440000e-06	3.900075e-07	2.180416e-09	2.772812e+00	1.420117e+02
2.450000e-06	2.874855e-07	2.047890e-09	2.043918e+00	1.329034e+02
2.460000e-06	1.847504e-07	1.909815e-09	1.313509e+00	1.235741e+02
2.470000e-06	8.189768e-08	1.762817e-09	5.822629e-01	1.140177e+02
2.480000e-06	-2.096675e-08	1.610813e-09	-1.490660e-01	1.042293e+02
2.490000e-06	-1.237708e-07	1.458641e-09	-8.799658e-01	9.420519e+01
2.500000e-06	-2.266004e-07	1.306422e-09	-1.611047e+00	8.394204e+01
2.510000e-06	-3.294162e-07	1.148011e-09	-2.342030e+00	7.343644e+01
2.520000e-06	-4.320719e-07	9.865349e-10	-3.071875e+00	6.268425e+01
2.530000e-06	-5.345535e-07	8.218528e-10	-3.800482e+00	5.168029e+01
2.540000e-06	-6.367723e-07	6.506292e-10	-4.527221e+00	4.041825e+01
2.550000e-06	-7.386672e-07	4.757805e-10	-5.251657e+00	2.889110e+01
2.560000e-06	-8.402131e-07	2.965879e-10	-5.973611e+00	1.709193e+01
2.570000e-06	-9.414038e-07	1.109524e-10	-6.693041e+00	5.015188e+00
2.580000e-06	-1.042155e-06	-8.168999e-11	-7.409347e+00	-7.341714e+00
2.590000e-06	-1.142429e-06	-2.774435e-10	-8.122259e+00	-1.997660e+01
2.600000e-06	-1.242342e-06	-4.720632e-10	-8.832605e+00	-3.288073e+01
2.610000e-06	-1.341871e-06	-6.706296e-10	-9.540219e+00	-4.603727e+01
2.620000e-06	-1.440935e-06	-8.778047e-10	-1.024452e+01	-5.942012e+01
2.630000e-06	-1.539539e-06	-1.090234e-09	-1.094557e+01	-7.299341e+01
2.640000e-06	-1.637593e-06	-1.302270e-09	-1.164270e+01	-8.671176e+01
2.650000e-06	-1.734966e-06	-1.514670e-09	-1.233498e+01	-1.005213e+02
2.660000e-06	-1.831773e-06	-1.729547e-09	-1.302324e+01	-1.143614e+02
2.670000e-06	-1.928063e-06	-1.943868e-09	-1.370783e+01	-1.281672e+02
2.680000e-06	-2.023764e-06	-2.155893e-09	-1.438823e+01	-1.418724e+02
2.690000e-06	-2.118826e-06	-2.364295e-09	-1.506409e+01	-1.554123e+02
2.700000e-06	-2.212964e-06	-2.569876e-09	-1.573338e+01	-1.687264e+02
2.710000e-06	-2.306008e-06	-2.772276e-09	-1.639489e+01	-1.817616e+02
2.720000e-06	-2.398137e-06	-2.968050e-09	-1.704989e+01	-1.944734e+02
2.730000e-06	-2.489465e-06	-3.158647e-09	-1.769920e+01	-2.068274e+02
2.740000e-06	-2.579933e-06	-3.342225e-09	-1.834239e+01	-2.187996e+02
2.750000e-06	-2.669504e-06	-3.517699e-09	-1.897921e+01	-2.303759e+02
2.760000e-06	-2.758175e-06	-3.686190e-09	-1.960963e+01	-2.415504e+02
2.770000e-06	-2.846038e-06	-3.847869e-09	-2.023430e+01	-2.523245e+02
2.780000e-06	-2.933056e-06	-4.005956e-09	-2.085296e+01	-2.627042e+02
2.790000e-06	-3.018843e-06	-4.159308e-09	-2.146288e+01	-2.726983e+02
2.800000e-06	-3.103287e-06	-4.305341e-09	-2.206325e+01	-2.823167e+02
2.810000e-06	-3.186630e-06	-4.445623e-09	-2.265579e+01	-2.915686e+02
2.820000e-06	-3.268974e-06	-4.581312e-09	-2.324122e+01	-3.004624e+02
2.830000e-06	-3.350273e-06	-4.712539e-09	-2.381923e+01	-3.090047e+02
2.840000e-06	-3.430512e-06	-4.839215e-09	-2.438970e+01	-3.172009e+02
2.850000e-06	-3.509591e-06	-4.960382e-09	-2.495192e+01	-3.250559e+02
2.860000e-06	-3.587237e-06	-5.078276e-09	-2.550396e+01	-3.325753e+02
2.870000e-06	-3.663351e-06	-5.191920e-09	-2.604510e+01	-3.397656e+02
2.880000e-06	-3.737966e-06	-5.298388e-09	-2.657558e+01	-3.466361e+02
2.890000e-06	-3.811141e-06	-5.398751e-09	-2.709583e+01	-3.531987e+02
2.900000e-06	-3.883116e-06	-5.494193e-09	-2.760755e+01	-3.594681e+02
2.910000e-06	-3.953702e-06	-5.584619e-09	-2.810939e+01	-3.654616e+02
2.920000e-06	-4.022625e-06	-5.672558e-09	-2.859941e+01	-3.711985e+02
2.930000e-06	-4.090073e-06	-5.757987e-09	-2.907894e+01	-3.766983e+02
2.940000e-06	-4.156080e-06	-5.840595e-09	-2.954823e+01	-3.819801e+02
2.950000e-06	-4.220718e-06	-5.919870e-09	-3.000778e+01	-3.870610e+02
2.960000e-06	-4.283985e-06	-5.995294e-09	-3.045759e+01	-3.919550e+02
2.970000e-06	-4.345489e-06	-6.067023e-09	-3.089486e+01	-3.966722e+02
2.980000e-06	-4.405316e-06	-6.134603e-09	-3.132020e+01	-4.012186e+02
2.990000e-06	-4.463699e-06	-6.200388e-09	-3.173528e+01	-4.055965e+02
3.000000e-06	-4.520604e-06	-6.264423e-09	-3.213986e+01	-4.098046e+02
3.010000e-06	-4.575894e-06	-6.326520e-09	-3.253296e+01	-4.138395e+02
3.020000e-06	-4.629217e-06	-6.385290e-09	-3.291206e+01	-4.176966e+02
3.030000e-06	-4.680618e-06	-6.442479e-09	-3.327750e+01	-4.213715e+02
3.040000e-06	-4.730244e-06	-6.498130e-09	-3.363033e+01	-4.248613e+02
3.050000e-06	-4.777929e-06	-6.550541e-09	-3.396934e+01	-4.281653e+02
3.060000e-06	-4.823811e-06	-6.599597e-09	-3.429555e+01	-4.312853e+02
3.070000e-06	-4.868183e-06	-6.644723e-09	-3.461102e+01	-4.342261e+02
3.080000e-06	-4.911042e-06	-6.689048e-09	-3.491573e+01	-4.369946e+02
3.090000e-06	-4.952338e-06	-6.730623e-09	-3.520933e+01	-4.395997e+02
3.100000e-06	-4.992011e-06	-6.769988e-09	-3.549139e+01	-4.420507e+02
3.110000e-06	-5.029794e-06	-6.808044e-09	-3.576002e+01	-4.443569e+02
3.120000e-06	-5.065675e-06	-6.844487e-09	-3.601512e+01	-4.465263e+02
3.130000e-06	-5.099837e-06	-6.877423e-09	-3.625800e+01	-4.485651e+02
3.140000e-06	-5.132363e-06	-6.906406e-09	-3.648925e+01	-4.504774e+02
3.150000e-06	-5.163081e-06	-6.934183e-09	-3.670764e+01	-4.522649e+02
3.160000e-06	-5.191822e-06	-6.959668e-09	-3.691198e+01	-4.539275e+02
3.170000e-06	-5.218718e-06	-6.983218e-09	-3.710320e+01	-4.554638e+02
3.180000e-06	-5.243801e-06	-7.004358e-09	-3.728153e+01	-4.568719e+02
3.190000e-06	-5.267067e-06	-7.024508e-09	-3.744694e+01	-4.581502e+02
3.200000e-06	-5.288315e-06	-7.043656e-09	-3.759801e+01	-4.592981e+02
3.210000e-06	-5.307614e-06	-7.061241e-09	-3.773522e+01	-4.603167e+02
3.220000e-06	-5.325167e-06	-7.077067e-09	-3.786001e+01	-4.612084e+02
3.230000e-06	-5.340849e-06	-7.090619e-09	-3.797151e+01	-4.619777e+02
3.240000e-06	-5.354335e-06	-7.098946e-09	-3.806739e+01	-4.626298e+02
3.250000e-06	-5.365618e-06	-7.104030e-09	-3.814760e+01	-4.631708e+02
3.260000e-06	-5.375015e-06	-7.109206e-09	-3.821441e+01	-4.636064e+02
3.270000e-06	-5.382596e-06	-7.114583e-09	-3.826831e+01	-4.639414e+02
3.280000e-06	-5.388133e-06	-7.117245e-09	-3.830768e+01	-4.641792e+02
3.290000e-06	-5.391713e-06	-7.116098e-09	-3.833313e+01	-4.643211e+02
3.300000e-06	-5.393564e-06	-7.115580e-09	-3.834629e+01	-4.643666e+02
3.310000e-06	-5.393624e-06	-7.114848e-09	-3.834672e+01	-4.643138e+02
