# Temperatura_=_42.69
# Concentracion g/m^3_=_15000.0
# C_Vs_to_Am_M_A/Vsm_=_65563218390.804596
# pendiente_HvsI_1/m_=_3716.3
# ordenada_HvsI_A/m_=_1297.0
# frecuencia_Hz_=_301566.6083587373

Tiempo_(s)	Campo_(V.s)	Magnetizacion_(V.s)	Campo_(kA/m)	Magnetizacion_(A/m)
0.000000e+00	-5.387260e-06	-5.075120e-09	-3.834682e+01	-3.314596e+02
1.000000e-08	-5.384363e-06	-5.077821e-09	-3.832620e+01	-3.313343e+02
2.000000e-08	-5.379689e-06	-5.073015e-09	-3.829293e+01	-3.311437e+02
3.000000e-08	-5.373388e-06	-5.067750e-09	-3.824808e+01	-3.308887e+02
4.000000e-08	-5.365529e-06	-5.060596e-09	-3.819214e+01	-3.305696e+02
5.000000e-08	-5.355746e-06	-5.050862e-09	-3.812250e+01	-3.301859e+02
6.000000e-08	-5.343847e-06	-5.041502e-09	-3.803781e+01	-3.297369e+02
7.000000e-08	-5.330107e-06	-5.023848e-09	-3.794000e+01	-3.292214e+02
8.000000e-08	-5.314263e-06	-5.030441e-09	-3.782723e+01	-3.286380e+02
9.000000e-08	-5.296182e-06	-5.093375e-09	-3.769853e+01	-3.279856e+02
1.000000e-07	-5.276102e-06	-5.070310e-09	-3.755559e+01	-3.272632e+02
1.100000e-07	-5.254125e-06	-5.009875e-09	-3.739916e+01	-3.264705e+02
1.200000e-07	-5.230473e-06	-4.980484e-09	-3.723080e+01	-3.256071e+02
1.300000e-07	-5.205248e-06	-4.848644e-09	-3.705125e+01	-3.246736e+02
1.400000e-07	-5.178401e-06	-4.911815e-09	-3.686015e+01	-3.236703e+02
1.500000e-07	-5.150002e-06	-5.047463e-09	-3.665801e+01	-3.225981e+02
1.600000e-07	-5.120133e-06	-4.870559e-09	-3.644539e+01	-3.214576e+02
1.700000e-07	-5.088637e-06	-4.946228e-09	-3.622121e+01	-3.202493e+02
1.800000e-07	-5.054956e-06	-4.962268e-09	-3.598146e+01	-3.189733e+02
1.900000e-07	-5.019446e-06	-4.729088e-09	-3.572870e+01	-3.176293e+02
2.000000e-07	-4.982558e-06	-4.859705e-09	-3.546613e+01	-3.162167e+02
2.100000e-07	-4.943875e-06	-4.857427e-09	-3.519078e+01	-3.147343e+02
2.200000e-07	-4.903348e-06	-4.720674e-09	-3.490231e+01	-3.131810e+02
2.300000e-07	-4.860847e-06	-4.791556e-09	-3.459978e+01	-3.115554e+02
2.400000e-07	-4.816478e-06	-4.743879e-09	-3.428396e+01	-3.098564e+02
2.500000e-07	-4.770377e-06	-4.706104e-09	-3.395582e+01	-3.080832e+02
2.600000e-07	-4.722308e-06	-4.710913e-09	-3.361366e+01	-3.062354e+02
2.700000e-07	-4.672151e-06	-4.632634e-09	-3.325664e+01	-3.043134e+02
2.800000e-07	-4.619918e-06	-4.636658e-09	-3.288484e+01	-3.023181e+02
2.900000e-07	-4.565893e-06	-4.597498e-09	-3.250028e+01	-3.002509e+02
3.000000e-07	-4.510304e-06	-4.543203e-09	-3.210460e+01	-2.981137e+02
3.100000e-07	-4.452988e-06	-4.538183e-09	-3.169662e+01	-2.959083e+02
3.200000e-07	-4.393865e-06	-4.520173e-09	-3.127578e+01	-2.936367e+02
3.300000e-07	-4.333177e-06	-4.450699e-09	-3.084380e+01	-2.913006e+02
3.400000e-07	-4.271088e-06	-4.363651e-09	-3.040184e+01	-2.889010e+02
3.500000e-07	-4.207656e-06	-4.377629e-09	-2.995033e+01	-2.864385e+02
3.600000e-07	-4.142696e-06	-4.354977e-09	-2.948795e+01	-2.839129e+02
3.700000e-07	-4.076014e-06	-4.301372e-09	-2.901330e+01	-2.813235e+02
3.800000e-07	-4.007774e-06	-4.279125e-09	-2.852756e+01	-2.786691e+02
3.900000e-07	-3.938195e-06	-4.214041e-09	-2.803229e+01	-2.759480e+02
4.000000e-07	-3.867359e-06	-4.156664e-09	-2.752808e+01	-2.731586e+02
4.100000e-07	-3.795262e-06	-4.104782e-09	-2.701489e+01	-2.702994e+02
4.200000e-07	-3.721710e-06	-4.078786e-09	-2.649134e+01	-2.673690e+02
4.300000e-07	-3.646541e-06	-4.050349e-09	-2.595628e+01	-2.643664e+02
4.400000e-07	-3.569834e-06	-3.996934e-09	-2.541028e+01	-2.612913e+02
4.500000e-07	-3.491683e-06	-3.945403e-09	-2.485400e+01	-2.581433e+02
4.600000e-07	-3.412182e-06	-3.893432e-09	-2.428811e+01	-2.549225e+02
4.700000e-07	-3.331481e-06	-3.847632e-09	-2.371367e+01	-2.516291e+02
4.800000e-07	-3.249580e-06	-3.785602e-09	-2.313070e+01	-2.482628e+02
4.900000e-07	-3.166512e-06	-3.723919e-09	-2.253941e+01	-2.448231e+02
5.000000e-07	-3.082453e-06	-3.675535e-09	-2.194107e+01	-2.413090e+02
5.100000e-07	-2.997527e-06	-3.620841e-09	-2.133657e+01	-2.377187e+02
5.200000e-07	-2.911645e-06	-3.565604e-09	-2.072525e+01	-2.340500e+02
5.300000e-07	-2.824716e-06	-3.507672e-09	-2.010649e+01	-2.303000e+02
5.400000e-07	-2.736874e-06	-3.447164e-09	-1.948122e+01	-2.264654e+02
5.500000e-07	-2.648052e-06	-3.384759e-09	-1.884898e+01	-2.225429e+02
5.600000e-07	-2.558009e-06	-3.315341e-09	-1.820806e+01	-2.185296e+02
5.700000e-07	-2.466889e-06	-3.254881e-09	-1.755945e+01	-2.144228e+02
5.800000e-07	-2.374924e-06	-3.197051e-09	-1.690484e+01	-2.102205e+02
5.900000e-07	-2.282182e-06	-3.129586e-09	-1.624470e+01	-2.059215e+02
6.000000e-07	-2.188665e-06	-3.052820e-09	-1.557904e+01	-2.015256e+02
6.100000e-07	-2.094339e-06	-2.981940e-09	-1.490763e+01	-1.970331e+02
6.200000e-07	-1.999289e-06	-2.915403e-09	-1.423105e+01	-1.924450e+02
6.300000e-07	-1.903597e-06	-2.844881e-09	-1.354991e+01	-1.877625e+02
6.400000e-07	-1.807178e-06	-2.777477e-09	-1.286359e+01	-1.829868e+02
6.500000e-07	-1.709966e-06	-2.707514e-09	-1.217164e+01	-1.781187e+02
6.600000e-07	-1.611998e-06	-2.630082e-09	-1.147430e+01	-1.731584e+02
6.700000e-07	-1.513340e-06	-2.544707e-09	-1.077204e+01	-1.681055e+02
6.800000e-07	-1.414163e-06	-2.462187e-09	-1.006609e+01	-1.629585e+02
6.900000e-07	-1.314573e-06	-2.383556e-09	-9.357207e+00	-1.577152e+02
7.000000e-07	-1.214572e-06	-2.303092e-09	-8.645395e+00	-1.523728e+02
7.100000e-07	-1.114227e-06	-2.219350e-09	-7.931128e+00	-1.469279e+02
7.200000e-07	-1.013595e-06	-2.133762e-09	-7.214823e+00	-1.413771e+02
7.300000e-07	-9.126731e-07	-2.046989e-09	-6.496459e+00	-1.357171e+02
7.400000e-07	-8.114660e-07	-1.959433e-09	-5.776061e+00	-1.299447e+02
7.500000e-07	-7.099480e-07	-1.872487e-09	-5.053450e+00	-1.240574e+02
7.600000e-07	-6.080923e-07	-1.781277e-09	-4.328435e+00	-1.180531e+02
7.700000e-07	-5.060129e-07	-1.684168e-09	-3.601829e+00	-1.119299e+02
7.800000e-07	-4.038086e-07	-1.583960e-09	-2.874333e+00	-1.056860e+02
7.900000e-07	-3.015113e-07	-1.485757e-09	-2.146175e+00	-9.931957e+01
8.000000e-07	-1.991744e-07	-1.388406e-09	-1.417734e+00	-9.282777e+01
8.100000e-07	-9.674501e-08	-1.290447e-09	-6.886365e-01	-8.620686e+01
8.200000e-07	5.829757e-09	-1.191296e-09	4.149654e-02	-7.945171e+01
8.300000e-07	1.084073e-07	-1.087211e-09	7.716492e-01	-7.255562e+01
8.400000e-07	2.109181e-07	-9.806512e-10	1.501327e+00	-6.551029e+01
8.500000e-07	3.133799e-07	-8.740731e-10	2.230656e+00	-5.830604e+01
8.600000e-07	4.158206e-07	-7.643247e-10	2.959834e+00	-5.093218e+01
8.700000e-07	5.181852e-07	-6.465526e-10	3.688472e+00	-4.337763e+01
8.800000e-07	6.203570e-07	-5.255631e-10	4.415736e+00	-3.563169e+01
8.900000e-07	7.223422e-07	-4.062699e-10	5.141673e+00	-2.768487e+01
9.000000e-07	8.240368e-07	-2.857932e-10	5.865541e+00	-1.952984e+01
9.100000e-07	9.253516e-07	-1.623944e-10	6.586705e+00	-1.116229e+01
9.200000e-07	1.026294e-06	-3.407079e-11	7.305219e+00	-2.581704e+00
9.300000e-07	1.126929e-06	9.948242e-11	8.021545e+00	6.207987e+00
9.400000e-07	1.227290e-06	2.395766e-10	8.735922e+00	1.519801e+01
9.500000e-07	1.327279e-06	3.808316e-10	9.447649e+00	2.437455e+01
9.600000e-07	1.426841e-06	5.218787e-10	1.015633e+01	3.371879e+01
9.700000e-07	1.525866e-06	6.650817e-10	1.086120e+01	4.320719e+01
9.800000e-07	1.624202e-06	8.123579e-10	1.156116e+01	5.281197e+01
9.900000e-07	1.721795e-06	9.625675e-10	1.225583e+01	6.250171e+01
1.000000e-06	1.818636e-06	1.113335e-09	1.294516e+01	7.224212e+01
1.010000e-06	1.914698e-06	1.264441e-09	1.362893e+01	8.199688e+01
1.020000e-06	2.009975e-06	1.413832e-09	1.430712e+01	9.172850e+01
1.030000e-06	2.104538e-06	1.562988e-09	1.498022e+01	1.013992e+02
1.040000e-06	2.198408e-06	1.709784e-09	1.564839e+01	1.109717e+02
1.050000e-06	2.291538e-06	1.852323e-09	1.631130e+01	1.204102e+02
1.060000e-06	2.383965e-06	1.991187e-09	1.696920e+01	1.296809e+02
1.070000e-06	2.475719e-06	2.126409e-09	1.762231e+01	1.387529e+02
1.080000e-06	2.566656e-06	2.261921e-09	1.826960e+01	1.475985e+02
1.090000e-06	2.656568e-06	2.396008e-09	1.890960e+01	1.561941e+02
1.100000e-06	2.745266e-06	2.526129e-09	1.954096e+01	1.645204e+02
1.110000e-06	2.832853e-06	2.646058e-09	2.016441e+01	1.725627e+02
1.120000e-06	2.919555e-06	2.760716e-09	2.078156e+01	1.803111e+02
1.130000e-06	3.005346e-06	2.874560e-09	2.139223e+01	1.877606e+02
1.140000e-06	3.090174e-06	2.985598e-09	2.199604e+01	1.949106e+02
1.150000e-06	3.174048e-06	3.091348e-09	2.259306e+01	2.017652e+02
1.160000e-06	3.256932e-06	3.190162e-09	2.318302e+01	2.083321e+02
1.170000e-06	3.338607e-06	3.284931e-09	2.376440e+01	2.146222e+02
1.180000e-06	3.418980e-06	3.374803e-09	2.433649e+01	2.206490e+02
1.190000e-06	3.498149e-06	3.463108e-09	2.490002e+01	2.264275e+02
1.200000e-06	3.576048e-06	3.549502e-09	2.545451e+01	2.319736e+02
1.210000e-06	3.652701e-06	3.633772e-09	2.600013e+01	2.373029e+02
1.220000e-06	3.728135e-06	3.714434e-09	2.653708e+01	2.424303e+02
1.230000e-06	3.801952e-06	3.790805e-09	2.706251e+01	2.473692e+02
1.240000e-06	3.874070e-06	3.863346e-09	2.757585e+01	2.521310e+02
1.250000e-06	3.944811e-06	3.932996e-09	2.807939e+01	2.567246e+02
1.260000e-06	4.014194e-06	3.999467e-09	2.857326e+01	2.611568e+02
1.270000e-06	4.082222e-06	4.063751e-09	2.905749e+01	2.654321e+02
1.280000e-06	4.148881e-06	4.125460e-09	2.953197e+01	2.695528e+02
1.290000e-06	4.213848e-06	4.184470e-09	2.999441e+01	2.735196e+02
1.300000e-06	4.277135e-06	4.240862e-09	3.044489e+01	2.773323e+02
1.310000e-06	4.339011e-06	4.295852e-09	3.088533e+01	2.809897e+02
1.320000e-06	4.399537e-06	4.349350e-09	3.131616e+01	2.844907e+02
1.330000e-06	4.458726e-06	4.399073e-09	3.173747e+01	2.878344e+02
1.340000e-06	4.516234e-06	4.446393e-09	3.214681e+01	2.910208e+02
1.350000e-06	4.571912e-06	4.492134e-09	3.254313e+01	2.940508e+02
1.360000e-06	4.625963e-06	4.535161e-09	3.292787e+01	2.969264e+02
1.370000e-06	4.678287e-06	4.574085e-09	3.330031e+01	2.996507e+02
1.380000e-06	4.728587e-06	4.609333e-09	3.365835e+01	3.022281e+02
1.390000e-06	4.776857e-06	4.643192e-09	3.400194e+01	3.046639e+02
1.400000e-06	4.823361e-06	4.674974e-09	3.433296e+01	3.069641e+02
1.410000e-06	4.868286e-06	4.705116e-09	3.465273e+01	3.091353e+02
1.420000e-06	4.911727e-06	4.734460e-09	3.496195e+01	3.111840e+02
1.430000e-06	4.953272e-06	4.763470e-09	3.525767e+01	3.131171e+02
1.440000e-06	4.992879e-06	4.790227e-09	3.553960e+01	3.149408e+02
1.450000e-06	5.030875e-06	4.813758e-09	3.581006e+01	3.166610e+02
1.460000e-06	5.067242e-06	4.836896e-09	3.606891e+01	3.182826e+02
1.470000e-06	5.101942e-06	4.860878e-09	3.631591e+01	3.198100e+02
1.480000e-06	5.134695e-06	4.883395e-09	3.654905e+01	3.212464e+02
1.490000e-06	5.165544e-06	4.901847e-09	3.676863e+01	3.225942e+02
1.500000e-06	5.194728e-06	4.917206e-09	3.697637e+01	3.238550e+02
1.510000e-06	5.222243e-06	4.931171e-09	3.717222e+01	3.250293e+02
1.520000e-06	5.247791e-06	4.945601e-09	3.735407e+01	3.261172e+02
1.530000e-06	5.271248e-06	4.962469e-09	3.752104e+01	3.271184e+02
1.540000e-06	5.292863e-06	4.979755e-09	3.767490e+01	3.280320e+02
1.550000e-06	5.312805e-06	4.993548e-09	3.781684e+01	3.288573e+02
1.560000e-06	5.330876e-06	5.004162e-09	3.794548e+01	3.295938e+02
1.570000e-06	5.346856e-06	5.014783e-09	3.805922e+01	3.302413e+02
1.580000e-06	5.360909e-06	5.024915e-09	3.815926e+01	3.308002e+02
1.590000e-06	5.373050e-06	5.031548e-09	3.824567e+01	3.312713e+02
1.600000e-06	5.382986e-06	5.035464e-09	3.831640e+01	3.316564e+02
1.610000e-06	5.390760e-06	5.038385e-09	3.837173e+01	3.319577e+02
1.620000e-06	5.396657e-06	5.042307e-09	3.841371e+01	3.321779e+02
1.630000e-06	5.400794e-06	5.047422e-09	3.844316e+01	3.323203e+02
1.640000e-06	5.402994e-06	5.051873e-09	3.845882e+01	3.323879e+02
1.650000e-06	5.403160e-06	5.057062e-09	3.846000e+01	3.323838e+02
1.660000e-06	5.401538e-06	5.054556e-09	3.844845e+01	3.323109e+02
1.670000e-06	5.398314e-06	5.048082e-09	3.842551e+01	3.321713e+02
1.680000e-06	5.393486e-06	5.047451e-09	3.839114e+01	3.319666e+02
1.690000e-06	5.386703e-06	5.044394e-09	3.834286e+01	3.316977e+02
1.700000e-06	5.378043e-06	5.039673e-09	3.828122e+01	3.313646e+02
1.710000e-06	5.367859e-06	5.036010e-09	3.820872e+01	3.309668e+02
1.720000e-06	5.355989e-06	5.040999e-09	3.812423e+01	3.305035e+02
1.730000e-06	5.342113e-06	5.049652e-09	3.802546e+01	3.299733e+02
1.740000e-06	5.326124e-06	4.946859e-09	3.791165e+01	3.293750e+02
1.750000e-06	5.307727e-06	4.931635e-09	3.778070e+01	3.287075e+02
1.760000e-06	5.286618e-06	4.970608e-09	3.763045e+01	3.279699e+02
1.770000e-06	5.263286e-06	4.970135e-09	3.746437e+01	3.271618e+02
1.780000e-06	5.238774e-06	5.111330e-09	3.728989e+01	3.262833e+02
1.790000e-06	5.213586e-06	4.956784e-09	3.711060e+01	3.253345e+02
1.800000e-06	5.186858e-06	4.814344e-09	3.692035e+01	3.243162e+02
1.810000e-06	5.157863e-06	5.005050e-09	3.671396e+01	3.232291e+02
1.820000e-06	5.127191e-06	4.819996e-09	3.649564e+01	3.220739e+02
1.830000e-06	5.094813e-06	4.823975e-09	3.626517e+01	3.208509e+02
1.840000e-06	5.060382e-06	5.042103e-09	3.602009e+01	3.195601e+02
1.850000e-06	5.024410e-06	4.780072e-09	3.576404e+01	3.182013e+02
1.860000e-06	4.986615e-06	4.819864e-09	3.549501e+01	3.167737e+02
1.870000e-06	4.946896e-06	4.893674e-09	3.521229e+01	3.152761e+02
1.880000e-06	4.905634e-06	4.674065e-09	3.491858e+01	3.137072e+02
1.890000e-06	4.862506e-06	4.792301e-09	3.461159e+01	3.120658e+02
1.900000e-06	4.817722e-06	4.708632e-09	3.429282e+01	3.103507e+02
1.910000e-06	4.771135e-06	4.669005e-09	3.396121e+01	3.085613e+02
1.920000e-06	4.722456e-06	4.763399e-09	3.361471e+01	3.066974e+02
1.930000e-06	4.672221e-06	4.536760e-09	3.325713e+01	3.047594e+02
1.940000e-06	4.620254e-06	4.639241e-09	3.288723e+01	3.027484e+02
1.950000e-06	4.566152e-06	4.639577e-09	3.250213e+01	3.006658e+02
1.960000e-06	4.510127e-06	4.490173e-09	3.210334e+01	2.985136e+02
1.970000e-06	4.452425e-06	4.505086e-09	3.169262e+01	2.962937e+02
1.980000e-06	4.393300e-06	4.447114e-09	3.127176e+01	2.940080e+02
1.990000e-06	4.332695e-06	4.513223e-09	3.084037e+01	2.916580e+02
2.000000e-06	4.270377e-06	4.395164e-09	3.039679e+01	2.892447e+02
2.010000e-06	4.206461e-06	4.329454e-09	2.994183e+01	2.867685e+02
2.020000e-06	4.141059e-06	4.367272e-09	2.947629e+01	2.842292e+02
2.030000e-06	4.074185e-06	4.230021e-09	2.900028e+01	2.816258e+02
2.040000e-06	4.005878e-06	4.251002e-09	2.851407e+01	2.789570e+02
2.050000e-06	3.936125e-06	4.223094e-09	2.801756e+01	2.762213e+02
2.060000e-06	3.864821e-06	4.209468e-09	2.751001e+01	2.734168e+02
2.070000e-06	3.792160e-06	4.147537e-09	2.699281e+01	2.705423e+02
2.080000e-06	3.718288e-06	4.024216e-09	2.646698e+01	2.675963e+02
2.090000e-06	3.643022e-06	4.033917e-09	2.593124e+01	2.645780e+02
2.100000e-06	3.566302e-06	3.973870e-09	2.538514e+01	2.614870e+02
2.110000e-06	3.487983e-06	3.939352e-09	2.482766e+01	2.583233e+02
2.120000e-06	3.408282e-06	3.877946e-09	2.426035e+01	2.550867e+02
2.130000e-06	3.327475e-06	3.841375e-09	2.368516e+01	2.517775e+02
2.140000e-06	3.245488e-06	3.807431e-09	2.310157e+01	2.483953e+02
2.150000e-06	3.162458e-06	3.719702e-09	2.251056e+01	2.449397e+02
2.160000e-06	3.078474e-06	3.688594e-09	2.191275e+01	2.414092e+02
2.170000e-06	2.993405e-06	3.630733e-09	2.130723e+01	2.378022e+02
2.180000e-06	2.906983e-06	3.577872e-09	2.069207e+01	2.341161e+02
2.190000e-06	2.819296e-06	3.505538e-09	2.006791e+01	2.303480e+02
2.200000e-06	2.730652e-06	3.454331e-09	1.943693e+01	2.264947e+02
2.210000e-06	2.641113e-06	3.419177e-09	1.879959e+01	2.225528e+02
2.220000e-06	2.550642e-06	3.344812e-09	1.815562e+01	2.185195e+02
2.230000e-06	2.459307e-06	3.268681e-09	1.750549e+01	2.143921e+02
2.240000e-06	2.367268e-06	3.202192e-09	1.685035e+01	2.101690e+02
2.250000e-06	2.274449e-06	3.158657e-09	1.618966e+01	2.058491e+02
2.260000e-06	2.180781e-06	3.093205e-09	1.552292e+01	2.014322e+02
2.270000e-06	2.086155e-06	3.023552e-09	1.484937e+01	1.969190e+02
2.280000e-06	1.990499e-06	2.951360e-09	1.416848e+01	1.923103e+02
2.290000e-06	1.894088e-06	2.869816e-09	1.348223e+01	1.876076e+02
2.300000e-06	1.797172e-06	2.787751e-09	1.279237e+01	1.828118e+02
2.310000e-06	1.699765e-06	2.717196e-09	1.209902e+01	1.779238e+02
2.320000e-06	1.601776e-06	2.658357e-09	1.140153e+01	1.729436e+02
2.330000e-06	1.503200e-06	2.581440e-09	1.069987e+01	1.678704e+02
2.340000e-06	1.404166e-06	2.498254e-09	9.994935e+00	1.627028e+02
2.350000e-06	1.304764e-06	2.418232e-09	9.287383e+00	1.574384e+02
2.360000e-06	1.205004e-06	2.344181e-09	8.577290e+00	1.520741e+02
2.370000e-06	1.104956e-06	2.262405e-09	7.865141e+00	1.466066e+02
2.380000e-06	1.004631e-06	2.171948e-09	7.151021e+00	1.410325e+02
2.390000e-06	9.038988e-07	2.082002e-09	6.434003e+00	1.353484e+02
2.400000e-06	8.026915e-07	1.992471e-09	5.713604e+00	1.295514e+02
2.410000e-06	7.010762e-07	1.903302e-09	4.990300e+00	1.236390e+02
2.420000e-06	5.992801e-07	1.813874e-09	4.265710e+00	1.176092e+02
2.430000e-06	4.973076e-07	1.724714e-09	3.539864e+00	1.114601e+02
2.440000e-06	3.951532e-07	1.633081e-09	2.812723e+00	1.051900e+02
2.450000e-06	2.928365e-07	1.536605e-09	2.084427e+00	9.879673e+01
2.460000e-06	1.902664e-07	1.433900e-09	1.354327e+00	9.227744e+01
2.470000e-06	8.760271e-08	1.331227e-09	6.235611e-01	8.562806e+01
2.480000e-06	-1.500771e-08	1.224468e-09	-1.068257e-01	7.884314e+01
2.490000e-06	-1.176068e-07	1.111704e-09	-8.371321e-01	7.191563e+01
2.500000e-06	-2.202590e-07	9.992039e-10	-1.567816e+00	6.483691e+01
2.510000e-06	-3.228358e-07	8.919665e-10	-2.297963e+00	5.759705e+01
2.520000e-06	-4.252376e-07	7.856581e-10	-3.026866e+00	5.018521e+01
2.530000e-06	-5.275156e-07	6.707978e-10	-3.754886e+00	4.259034e+01
2.540000e-06	-6.296068e-07	5.510035e-10	-4.481577e+00	3.480190e+01
2.550000e-06	-7.314197e-07	4.278617e-10	-5.206287e+00	2.681081e+01
2.560000e-06	-8.328516e-07	2.980017e-10	-5.928285e+00	1.861029e+01
2.570000e-06	-9.338936e-07	1.629582e-10	-6.647508e+00	1.019680e+01
2.580000e-06	-1.034582e-06	2.906000e-11	-7.364214e+00	1.570725e+00
2.590000e-06	-1.134833e-06	-1.039829e-10	-8.077805e+00	-7.262992e+00
2.600000e-06	-1.234608e-06	-2.410020e-10	-8.788007e+00	-1.629451e+01
2.610000e-06	-1.333959e-06	-3.815819e-10	-9.495193e+00	-2.550892e+01
2.620000e-06	-1.432919e-06	-5.238723e-10	-1.019960e+01	-3.488638e+01
2.630000e-06	-1.531463e-06	-6.657938e-10	-1.090104e+01	-4.440238e+01
2.640000e-06	-1.629463e-06	-8.091595e-10	-1.159861e+01	-5.402831e+01
2.650000e-06	-1.726840e-06	-9.560820e-10	-1.229175e+01	-6.373206e+01
2.660000e-06	-1.823664e-06	-1.105376e-09	-1.298095e+01	-7.347885e+01
2.670000e-06	-1.919896e-06	-1.256950e-09	-1.366593e+01	-8.323202e+01
2.680000e-06	-2.015526e-06	-1.407695e-09	-1.434663e+01	-9.295395e+01
2.690000e-06	-2.110391e-06	-1.554186e-09	-1.502188e+01	-1.026069e+02
2.700000e-06	-2.204398e-06	-1.698122e-09	-1.569103e+01	-1.121539e+02
2.710000e-06	-2.297497e-06	-1.841850e-09	-1.635371e+01	-1.215594e+02
2.720000e-06	-2.389615e-06	-1.983594e-09	-1.700942e+01	-1.307902e+02
2.730000e-06	-2.480897e-06	-2.120008e-09	-1.765917e+01	-1.398160e+02
2.740000e-06	-2.571357e-06	-2.252414e-09	-1.830306e+01	-1.486100e+02
2.750000e-06	-2.660910e-06	-2.384168e-09	-1.894051e+01	-1.571496e+02
2.760000e-06	-2.749566e-06	-2.512941e-09	-1.957156e+01	-1.654163e+02
2.770000e-06	-2.837344e-06	-2.635830e-09	-2.019638e+01	-1.733965e+02
2.780000e-06	-2.924141e-06	-2.752795e-09	-2.081420e+01	-1.810813e+02
2.790000e-06	-3.009825e-06	-2.864707e-09	-2.142411e+01	-1.884667e+02
2.800000e-06	-3.094304e-06	-2.973787e-09	-2.202543e+01	-1.955531e+02
2.810000e-06	-3.177696e-06	-3.080156e-09	-2.261902e+01	-2.023455e+02
2.820000e-06	-3.260102e-06	-3.180706e-09	-2.320559e+01	-2.088522e+02
2.830000e-06	-3.341453e-06	-3.275113e-09	-2.378465e+01	-2.150849e+02
2.840000e-06	-3.421690e-06	-3.364672e-09	-2.435578e+01	-2.210574e+02
2.850000e-06	-3.500699e-06	-3.449074e-09	-2.491817e+01	-2.267849e+02
2.860000e-06	-3.578300e-06	-3.531580e-09	-2.547054e+01	-2.322835e+02
2.870000e-06	-3.654402e-06	-3.613044e-09	-2.601224e+01	-2.375685e+02
2.880000e-06	-3.729090e-06	-3.691077e-09	-2.654388e+01	-2.426547e+02
2.890000e-06	-3.802406e-06	-3.765197e-09	-2.706574e+01	-2.475549e+02
2.900000e-06	-3.874358e-06	-3.837116e-09	-2.757790e+01	-2.522801e+02
2.910000e-06	-3.944884e-06	-3.907522e-09	-2.807991e+01	-2.568388e+02
2.920000e-06	-4.013882e-06	-3.975242e-09	-2.857104e+01	-2.612373e+02
2.930000e-06	-4.081440e-06	-4.040433e-09	-2.905192e+01	-2.654795e+02
2.940000e-06	-4.147595e-06	-4.103246e-09	-2.952282e+01	-2.695674e+02
2.950000e-06	-4.212359e-06	-4.164489e-09	-2.998381e+01	-2.735015e+02
2.960000e-06	-4.275656e-06	-4.223558e-09	-3.043437e+01	-2.772812e+02
2.970000e-06	-4.337232e-06	-4.280262e-09	-3.087267e+01	-2.809053e+02
2.980000e-06	-4.397159e-06	-4.335403e-09	-3.129923e+01	-2.843728e+02
2.990000e-06	-4.455560e-06	-4.387161e-09	-3.171493e+01	-2.876830e+02
3.000000e-06	-4.512481e-06	-4.434637e-09	-3.212009e+01	-2.908360e+02
3.010000e-06	-4.567829e-06	-4.481278e-09	-3.251407e+01	-2.938329e+02
3.020000e-06	-4.621241e-06	-4.528009e-09	-3.289426e+01	-2.966759e+02
3.030000e-06	-4.672691e-06	-4.573576e-09	-3.326048e+01	-2.993685e+02
3.040000e-06	-4.722254e-06	-4.613423e-09	-3.361327e+01	-3.019153e+02
3.050000e-06	-4.769899e-06	-4.650169e-09	-3.395241e+01	-3.043217e+02
3.060000e-06	-4.815816e-06	-4.685097e-09	-3.427925e+01	-3.065939e+02
3.070000e-06	-4.860202e-06	-4.721238e-09	-3.459519e+01	-3.087385e+02
3.080000e-06	-4.903056e-06	-4.756164e-09	-3.490023e+01	-3.107621e+02
3.090000e-06	-4.944422e-06	-4.788697e-09	-3.519467e+01	-3.126714e+02
3.100000e-06	-4.984231e-06	-4.818760e-09	-3.547804e+01	-3.144726e+02
3.110000e-06	-5.022113e-06	-4.844875e-09	-3.574768e+01	-3.161715e+02
3.120000e-06	-5.058065e-06	-4.870298e-09	-3.600359e+01	-3.177728e+02
3.130000e-06	-5.092343e-06	-4.894093e-09	-3.624759e+01	-3.192806e+02
3.140000e-06	-5.124997e-06	-4.915852e-09	-3.648002e+01	-3.206981e+02
3.150000e-06	-5.155816e-06	-4.935032e-09	-3.669939e+01	-3.220273e+02
3.160000e-06	-5.184653e-06	-4.955924e-09	-3.690465e+01	-3.232697e+02
3.170000e-06	-5.211687e-06	-4.977679e-09	-3.709709e+01	-3.244257e+02
3.180000e-06	-5.236902e-06	-4.995874e-09	-3.727657e+01	-3.254953e+02
3.190000e-06	-5.260265e-06	-5.010047e-09	-3.744287e+01	-3.264779e+02
3.200000e-06	-5.281661e-06	-5.022682e-09	-3.759516e+01	-3.273729e+02
3.210000e-06	-5.301153e-06	-5.032781e-09	-3.773391e+01	-3.281794e+02
3.220000e-06	-5.318879e-06	-5.041535e-09	-3.786008e+01	-3.288970e+02
3.230000e-06	-5.334711e-06	-5.051444e-09	-3.797277e+01	-3.295257e+02
3.240000e-06	-5.348404e-06	-5.061439e-09	-3.807024e+01	-3.300658e+02
3.250000e-06	-5.359884e-06	-5.068623e-09	-3.815196e+01	-3.305185e+02
3.260000e-06	-5.369414e-06	-5.074319e-09	-3.821979e+01	-3.308856e+02
3.270000e-06	-5.377094e-06	-5.078961e-09	-3.827446e+01	-3.311695e+02
3.280000e-06	-5.382727e-06	-5.081688e-09	-3.831456e+01	-3.313730e+02
3.290000e-06	-5.386430e-06	-5.080530e-09	-3.834091e+01	-3.314992e+02
3.300000e-06	-5.388393e-06	-5.076342e-09	-3.835489e+01	-3.315514e+02
3.310000e-06	-5.388565e-06	-5.073327e-09	-3.835611e+01	-3.315325e+02
