# Temperatura_=_55.15
# Concentracion g/m^3_=_15000.0
# C_Vs_to_Am_M_A/Vsm_=_65563218390.804596
# pendiente_HvsI_1/m_=_3716.3
# ordenada_HvsI_A/m_=_1297.0
# frecuencia_Hz_=_301572.1870700951

Tiempo_(s)	Campo_(V.s)	Magnetizacion_(V.s)	Campo_(kA/m)	Magnetizacion_(A/m)
0.000000e+00	-5.376987e-06	-5.475455e-09	-3.834209e+01	-3.565382e+02
1.000000e-08	-5.373879e-06	-5.474106e-09	-3.831993e+01	-3.563569e+02
2.000000e-08	-5.369000e-06	-5.469445e-09	-3.828514e+01	-3.561008e+02
3.000000e-08	-5.362523e-06	-5.462355e-09	-3.823896e+01	-3.557684e+02
4.000000e-08	-5.354501e-06	-5.452091e-09	-3.818176e+01	-3.553586e+02
5.000000e-08	-5.344612e-06	-5.440027e-09	-3.811124e+01	-3.548702e+02
6.000000e-08	-5.332651e-06	-5.430059e-09	-3.802594e+01	-3.543028e+02
7.000000e-08	-5.318811e-06	-5.418671e-09	-3.792725e+01	-3.536570e+02
8.000000e-08	-5.302819e-06	-5.417371e-09	-3.781322e+01	-3.529345e+02
9.000000e-08	-5.284551e-06	-5.435618e-09	-3.768296e+01	-3.521380e+02
1.000000e-07	-5.264259e-06	-5.424018e-09	-3.753826e+01	-3.512713e+02
1.100000e-07	-5.242097e-06	-5.392736e-09	-3.738022e+01	-3.503387e+02
1.200000e-07	-5.218302e-06	-5.360206e-09	-3.721055e+01	-3.493443e+02
1.300000e-07	-5.193006e-06	-5.296688e-09	-3.703017e+01	-3.482922e+02
1.400000e-07	-5.166092e-06	-5.303783e-09	-3.683825e+01	-3.471851e+02
1.500000e-07	-5.137547e-06	-5.334641e-09	-3.663470e+01	-3.460244e+02
1.600000e-07	-5.107565e-06	-5.267923e-09	-3.642090e+01	-3.448097e+02
1.700000e-07	-5.075961e-06	-5.269904e-09	-3.619555e+01	-3.435387e+02
1.800000e-07	-5.042134e-06	-5.245615e-09	-3.595433e+01	-3.422076e+02
1.900000e-07	-5.006518e-06	-5.165275e-09	-3.570036e+01	-3.408110e+02
2.000000e-07	-4.969523e-06	-5.219735e-09	-3.543656e+01	-3.393427e+02
2.100000e-07	-4.930756e-06	-5.216410e-09	-3.516012e+01	-3.377962e+02
2.200000e-07	-4.890167e-06	-5.150869e-09	-3.487069e+01	-3.361657e+02
2.300000e-07	-4.847592e-06	-5.138909e-09	-3.456710e+01	-3.344462e+02
2.400000e-07	-4.803077e-06	-5.067360e-09	-3.424967e+01	-3.326342e+02
2.500000e-07	-4.756834e-06	-5.023178e-09	-3.391992e+01	-3.307283e+02
2.600000e-07	-4.708712e-06	-5.033424e-09	-3.357678e+01	-3.287288e+02
2.700000e-07	-4.658512e-06	-4.993604e-09	-3.321881e+01	-3.266378e+02
2.800000e-07	-4.606212e-06	-4.953391e-09	-3.284587e+01	-3.244588e+02
2.900000e-07	-4.552043e-06	-4.914207e-09	-3.245960e+01	-3.221962e+02
3.000000e-07	-4.496313e-06	-4.880828e-09	-3.206221e+01	-3.198545e+02
3.100000e-07	-4.438904e-06	-4.864323e-09	-3.165283e+01	-3.174380e+02
3.200000e-07	-4.379712e-06	-4.832950e-09	-3.123075e+01	-3.149498e+02
3.300000e-07	-4.318954e-06	-4.765864e-09	-3.079750e+01	-3.123921e+02
3.400000e-07	-4.256750e-06	-4.697897e-09	-3.035393e+01	-3.097654e+02
3.500000e-07	-4.193224e-06	-4.679622e-09	-2.990095e+01	-3.070687e+02
3.600000e-07	-4.128143e-06	-4.654322e-09	-2.943687e+01	-3.043001e+02
3.700000e-07	-4.061346e-06	-4.616525e-09	-2.896055e+01	-3.014568e+02
3.800000e-07	-3.993073e-06	-4.572179e-09	-2.847371e+01	-2.985357e+02
3.900000e-07	-3.923465e-06	-4.497537e-09	-2.797736e+01	-2.955341e+02
4.000000e-07	-3.852600e-06	-4.442994e-09	-2.747203e+01	-2.924497e+02
4.100000e-07	-3.780551e-06	-4.408271e-09	-2.695827e+01	-2.892814e+02
4.200000e-07	-3.707100e-06	-4.371094e-09	-2.643450e+01	-2.860294e+02
4.300000e-07	-3.632005e-06	-4.321867e-09	-2.589902e+01	-2.826945e+02
4.400000e-07	-3.555354e-06	-4.255594e-09	-2.535244e+01	-2.792789e+02
4.500000e-07	-3.477243e-06	-4.190082e-09	-2.479545e+01	-2.757846e+02
4.600000e-07	-3.397735e-06	-4.137724e-09	-2.422849e+01	-2.722140e+02
4.700000e-07	-3.317010e-06	-4.093499e-09	-2.365286e+01	-2.685686e+02
4.800000e-07	-3.235106e-06	-4.041111e-09	-2.306882e+01	-2.648491e+02
4.900000e-07	-3.152045e-06	-3.983500e-09	-2.247653e+01	-2.610546e+02
5.000000e-07	-3.068059e-06	-3.917971e-09	-2.187765e+01	-2.571830e+02
5.100000e-07	-2.983218e-06	-3.851734e-09	-2.127266e+01	-2.532308e+02
5.200000e-07	-2.897341e-06	-3.796235e-09	-2.066029e+01	-2.491934e+02
5.300000e-07	-2.810434e-06	-3.732960e-09	-2.004058e+01	-2.450657e+02
5.400000e-07	-2.722753e-06	-3.656179e-09	-1.941535e+01	-2.408426e+02
5.500000e-07	-2.634162e-06	-3.578112e-09	-1.878362e+01	-2.365193e+02
5.600000e-07	-2.544221e-06	-3.513563e-09	-1.814227e+01	-2.320924e+02
5.700000e-07	-2.453060e-06	-3.459684e-09	-1.749223e+01	-2.275596e+02
5.800000e-07	-2.361128e-06	-3.394555e-09	-1.683668e+01	-2.229204e+02
5.900000e-07	-2.268481e-06	-3.316802e-09	-1.617603e+01	-2.181755e+02
6.000000e-07	-2.175016e-06	-3.234728e-09	-1.550955e+01	-2.133271e+02
6.100000e-07	-2.080718e-06	-3.154824e-09	-1.483714e+01	-2.083781e+02
6.200000e-07	-1.985737e-06	-3.079764e-09	-1.415985e+01	-2.033317e+02
6.300000e-07	-1.890201e-06	-3.007769e-09	-1.347860e+01	-1.981905e+02
6.400000e-07	-1.794075e-06	-2.931517e-09	-1.279315e+01	-1.929566e+02
6.500000e-07	-1.697236e-06	-2.844150e-09	-1.210261e+01	-1.876304e+02
6.600000e-07	-1.599559e-06	-2.752836e-09	-1.140610e+01	-1.822110e+02
6.700000e-07	-1.501057e-06	-2.667859e-09	-1.070371e+01	-1.766958e+02
6.800000e-07	-1.401938e-06	-2.587810e-09	-9.996909e+00	-1.710812e+02
6.900000e-07	-1.302417e-06	-2.502014e-09	-9.287245e+00	-1.653624e+02
7.000000e-07	-1.202538e-06	-2.410811e-09	-8.575032e+00	-1.595342e+02
7.100000e-07	-1.102357e-06	-2.318222e-09	-7.860662e+00	-1.535920e+02
7.200000e-07	-1.001898e-06	-2.225107e-09	-7.144309e+00	-1.475314e+02
7.300000e-07	-9.011431e-07	-2.131373e-09	-6.425851e+00	-1.413494e+02
7.400000e-07	-8.000871e-07	-2.035501e-09	-5.705243e+00	-1.350444e+02
7.500000e-07	-6.986737e-07	-1.935543e-09	-4.982086e+00	-1.286157e+02
7.600000e-07	-5.969783e-07	-1.831211e-09	-4.256919e+00	-1.220640e+02
7.700000e-07	-4.951264e-07	-1.726884e-09	-3.530636e+00	-1.153901e+02
7.800000e-07	-3.931378e-07	-1.626255e-09	-2.803378e+00	-1.085948e+02
7.900000e-07	-2.910239e-07	-1.524693e-09	-2.075227e+00	-1.016779e+02
8.000000e-07	-1.888219e-07	-1.416135e-09	-1.346447e+00	-9.463746e+01
8.100000e-07	-8.650585e-08	-1.303882e-09	-6.168539e-01	-8.746944e+01
8.200000e-07	1.594811e-08	-1.192398e-09	1.137224e-01	-8.016718e+01
8.300000e-07	1.184198e-07	-1.081458e-09	8.444249e-01	-7.272139e+01
8.400000e-07	2.208315e-07	-9.699451e-10	1.574700e+00	-6.512042e+01
8.500000e-07	3.231656e-07	-8.533308e-10	2.304422e+00	-5.735078e+01
8.600000e-07	4.254560e-07	-7.286448e-10	3.033832e+00	-4.939808e+01
8.700000e-07	5.276233e-07	-6.002233e-10	3.762364e+00	-4.124803e+01
8.800000e-07	6.295677e-07	-4.738506e-10	4.489307e+00	-3.288766e+01
8.900000e-07	7.312688e-07	-3.474631e-10	5.214515e+00	-2.430652e+01
9.000000e-07	8.327146e-07	-2.155061e-10	5.937902e+00	-1.549777e+01
9.100000e-07	9.338875e-07	-7.810296e-11	6.659343e+00	-6.459154e+00
9.200000e-07	1.034738e-06	6.329179e-11	7.378489e+00	2.806371e+00
9.300000e-07	1.135208e-06	2.092456e-10	8.094913e+00	1.229022e+01
9.400000e-07	1.235291e-06	3.593907e-10	8.808587e+00	2.197813e+01
9.500000e-07	1.335089e-06	5.111899e-10	9.520219e+00	3.185038e+01
9.600000e-07	1.434554e-06	6.646342e-10	1.022948e+01	4.188226e+01
9.700000e-07	1.533468e-06	8.212484e-10	1.093482e+01	5.204479e+01
9.800000e-07	1.631540e-06	9.788305e-10	1.163415e+01	6.230550e+01
9.900000e-07	1.728715e-06	1.136224e-09	1.232708e+01	7.262936e+01
1.000000e-06	1.825176e-06	1.295798e-09	1.301493e+01	8.297965e+01
1.010000e-06	1.920989e-06	1.457218e-09	1.369815e+01	9.331883e+01
1.020000e-06	2.016132e-06	1.618471e-09	1.437659e+01	1.036093e+02
1.030000e-06	2.110539e-06	1.776287e-09	1.504978e+01	1.138142e+02
1.040000e-06	2.204158e-06	1.929590e-09	1.571736e+01	1.238980e+02
1.050000e-06	2.297029e-06	2.079643e-09	1.637960e+01	1.338269e+02
1.060000e-06	2.389254e-06	2.226783e-09	1.703724e+01	1.435695e+02
1.070000e-06	2.480828e-06	2.371122e-09	1.769023e+01	1.530973e+02
1.080000e-06	2.571456e-06	2.513680e-09	1.833648e+01	1.623850e+02
1.090000e-06	2.660878e-06	2.654205e-09	1.897413e+01	1.714105e+02
1.100000e-06	2.749202e-06	2.789334e-09	1.960394e+01	1.801561e+02
1.110000e-06	2.836585e-06	2.915883e-09	2.022706e+01	1.886078e+02
1.120000e-06	2.923112e-06	3.036769e-09	2.084406e+01	1.967560e+02
1.130000e-06	3.008707e-06	3.157097e-09	2.145442e+01	2.045955e+02
1.140000e-06	3.093323e-06	3.275073e-09	2.205780e+01	2.121252e+02
1.150000e-06	3.177067e-06	3.384300e-09	2.265496e+01	2.193484e+02
1.160000e-06	3.259702e-06	3.485753e-09	2.324421e+01	2.262716e+02
1.170000e-06	3.341027e-06	3.583945e-09	2.382412e+01	2.329050e+02
1.180000e-06	3.421130e-06	3.679120e-09	2.439532e+01	2.392610e+02
1.190000e-06	3.500036e-06	3.772604e-09	2.495797e+01	2.453543e+02
1.200000e-06	3.577690e-06	3.863533e-09	2.551171e+01	2.512003e+02
1.210000e-06	3.654072e-06	3.950579e-09	2.605637e+01	2.568153e+02
1.220000e-06	3.729099e-06	4.034137e-09	2.659137e+01	2.622150e+02
1.230000e-06	3.802539e-06	4.113590e-09	2.711506e+01	2.674143e+02
1.240000e-06	3.874433e-06	4.190799e-09	2.762772e+01	2.724266e+02
1.250000e-06	3.944946e-06	4.264505e-09	2.813053e+01	2.772633e+02
1.260000e-06	4.014039e-06	4.334035e-09	2.862322e+01	2.819339e+02
1.270000e-06	4.081855e-06	4.401475e-09	2.910680e+01	2.864455e+02
1.280000e-06	4.148218e-06	4.467433e-09	2.958002e+01	2.908031e+02
1.290000e-06	4.212871e-06	4.531157e-09	3.004105e+01	2.950095e+02
1.300000e-06	4.276019e-06	4.590908e-09	3.049134e+01	2.990659e+02
1.310000e-06	4.337723e-06	4.648981e-09	3.093134e+01	3.029720e+02
1.320000e-06	4.398037e-06	4.705741e-09	3.136142e+01	3.067264e+02
1.330000e-06	4.456857e-06	4.758220e-09	3.178085e+01	3.103272e+02
1.340000e-06	4.513920e-06	4.808466e-09	3.218775e+01	3.137725e+02
1.350000e-06	4.569316e-06	4.859106e-09	3.258277e+01	3.170605e+02
1.360000e-06	4.623076e-06	4.907252e-09	3.296613e+01	3.201902e+02
1.370000e-06	4.675026e-06	4.949060e-09	3.333657e+01	3.231614e+02
1.380000e-06	4.724991e-06	4.987627e-09	3.369286e+01	3.259755e+02
1.390000e-06	4.773003e-06	5.025762e-09	3.403522e+01	3.286348e+02
1.400000e-06	4.819302e-06	5.060687e-09	3.436537e+01	3.311433e+02
1.410000e-06	4.864043e-06	5.091319e-09	3.468441e+01	3.335057e+02
1.420000e-06	4.907213e-06	5.121446e-09	3.499224e+01	3.357282e+02
1.430000e-06	4.948500e-06	5.151753e-09	3.528665e+01	3.378173e+02
1.440000e-06	4.987910e-06	5.179867e-09	3.556768e+01	3.397799e+02
1.450000e-06	5.025706e-06	5.205938e-09	3.583719e+01	3.416229e+02
1.460000e-06	5.061919e-06	5.231636e-09	3.609541e+01	3.433525e+02
1.470000e-06	5.096365e-06	5.257744e-09	3.634104e+01	3.449741e+02
1.480000e-06	5.128907e-06	5.280544e-09	3.657309e+01	3.464922e+02
1.490000e-06	5.159648e-06	5.299143e-09	3.679230e+01	3.479100e+02
1.500000e-06	5.188682e-06	5.315747e-09	3.699934e+01	3.492293e+02
1.510000e-06	5.215982e-06	5.331938e-09	3.719401e+01	3.504510e+02
1.520000e-06	5.241202e-06	5.346351e-09	3.737384e+01	3.515752e+02
1.530000e-06	5.264380e-06	5.359625e-09	3.753912e+01	3.526015e+02
1.540000e-06	5.285844e-06	5.373684e-09	3.769217e+01	3.535291e+02
1.550000e-06	5.305622e-06	5.388074e-09	3.783321e+01	3.543577e+02
1.560000e-06	5.323396e-06	5.401521e-09	3.795995e+01	3.550875e+02
1.570000e-06	5.339128e-06	5.414579e-09	3.807213e+01	3.557193e+02
1.580000e-06	5.352995e-06	5.426019e-09	3.817101e+01	3.562551e+02
1.590000e-06	5.364795e-06	5.432623e-09	3.825516e+01	3.566973e+02
1.600000e-06	5.374364e-06	5.435024e-09	3.832339e+01	3.570492e+02
1.610000e-06	5.381863e-06	5.436458e-09	3.837687e+01	3.573146e+02
1.620000e-06	5.387542e-06	5.439870e-09	3.841736e+01	3.574971e+02
1.630000e-06	5.391513e-06	5.444223e-09	3.844568e+01	3.576000e+02
1.640000e-06	5.393522e-06	5.447755e-09	3.846000e+01	3.576260e+02
1.650000e-06	5.393496e-06	5.449987e-09	3.845982e+01	3.575769e+02
1.660000e-06	5.391720e-06	5.447253e-09	3.844715e+01	3.574537e+02
1.670000e-06	5.388355e-06	5.443447e-09	3.842316e+01	3.572561e+02
1.680000e-06	5.383355e-06	5.441094e-09	3.838751e+01	3.569834e+02
1.690000e-06	5.376432e-06	5.435806e-09	3.833814e+01	3.566342e+02
1.700000e-06	5.367697e-06	5.427726e-09	3.827585e+01	3.562073e+02
1.710000e-06	5.357302e-06	5.420030e-09	3.820172e+01	3.557017e+02
1.720000e-06	5.345141e-06	5.417346e-09	3.811501e+01	3.551171e+02
1.730000e-06	5.331090e-06	5.411075e-09	3.801481e+01	3.544544e+02
1.740000e-06	5.314976e-06	5.364649e-09	3.789991e+01	3.537154e+02
1.750000e-06	5.296392e-06	5.347508e-09	3.776739e+01	3.529032e+02
1.760000e-06	5.275066e-06	5.351637e-09	3.761532e+01	3.520217e+02
1.770000e-06	5.251622e-06	5.355142e-09	3.744815e+01	3.510752e+02
1.780000e-06	5.227156e-06	5.394904e-09	3.727368e+01	3.500679e+02
1.790000e-06	5.201945e-06	5.325996e-09	3.709391e+01	3.490034e+02
1.800000e-06	5.175032e-06	5.268052e-09	3.690200e+01	3.478845e+02
1.810000e-06	5.145825e-06	5.318818e-09	3.669373e+01	3.467120e+02
1.820000e-06	5.114902e-06	5.255515e-09	3.647323e+01	3.454851e+02
1.830000e-06	5.082269e-06	5.239440e-09	3.624053e+01	3.442014e+02
1.840000e-06	5.047710e-06	5.271969e-09	3.599409e+01	3.428564e+02
1.850000e-06	5.011659e-06	5.162375e-09	3.573702e+01	3.414446e+02
1.860000e-06	4.973734e-06	5.150630e-09	3.546659e+01	3.399598e+02
1.870000e-06	4.933919e-06	5.131945e-09	3.518267e+01	3.383955e+02
1.880000e-06	4.892509e-06	5.062354e-09	3.488739e+01	3.367459e+02
1.890000e-06	4.849300e-06	5.131247e-09	3.457928e+01	3.350065e+02
1.900000e-06	4.804513e-06	5.074866e-09	3.425991e+01	3.331741e+02
1.910000e-06	4.757792e-06	5.008020e-09	3.392675e+01	3.312477e+02
1.920000e-06	4.709004e-06	5.007315e-09	3.357886e+01	3.292281e+02
1.930000e-06	4.658678e-06	4.923113e-09	3.322000e+01	3.271176e+02
1.940000e-06	4.606614e-06	4.950593e-09	3.284874e+01	3.249200e+02
1.950000e-06	4.552440e-06	4.922171e-09	3.246243e+01	3.226397e+02
1.960000e-06	4.496332e-06	4.839564e-09	3.206234e+01	3.202814e+02
1.970000e-06	4.438571e-06	4.821658e-09	3.165046e+01	3.178489e+02
1.980000e-06	4.379417e-06	4.779212e-09	3.122865e+01	3.153454e+02
1.990000e-06	4.318755e-06	4.771811e-09	3.079608e+01	3.127726e+02
2.000000e-06	4.256312e-06	4.706582e-09	3.035081e+01	3.101307e+02
2.010000e-06	4.192271e-06	4.656260e-09	2.989415e+01	3.074185e+02
2.020000e-06	4.126795e-06	4.617616e-09	2.942725e+01	3.046338e+02
2.030000e-06	4.059873e-06	4.541071e-09	2.895005e+01	3.017738e+02
2.040000e-06	3.991589e-06	4.546574e-09	2.846313e+01	2.988354e+02
2.050000e-06	3.921794e-06	4.507894e-09	2.796544e+01	2.958158e+02
2.060000e-06	3.850418e-06	4.456510e-09	2.745647e+01	2.927132e+02
2.070000e-06	3.777750e-06	4.394849e-09	2.693829e+01	2.895266e+02
2.080000e-06	3.703808e-06	4.321831e-09	2.641103e+01	2.862564e+02
2.090000e-06	3.628506e-06	4.302236e-09	2.587407e+01	2.829037e+02
2.100000e-06	3.551737e-06	4.248325e-09	2.532665e+01	2.794707e+02
2.110000e-06	3.473325e-06	4.200625e-09	2.476751e+01	2.759596e+02
2.120000e-06	3.393623e-06	4.141980e-09	2.419917e+01	2.723725e+02
2.130000e-06	3.312870e-06	4.071235e-09	2.362334e+01	2.687109e+02
2.140000e-06	3.230939e-06	4.008858e-09	2.303911e+01	2.649751e+02
2.150000e-06	3.147941e-06	3.959692e-09	2.244727e+01	2.611641e+02
2.160000e-06	3.063998e-06	3.924203e-09	2.184869e+01	2.572752e+02
2.170000e-06	2.978885e-06	3.857632e-09	2.124177e+01	2.533048e+02
2.180000e-06	2.892363e-06	3.789963e-09	2.062479e+01	2.492482e+02
2.190000e-06	2.804685e-06	3.726237e-09	1.999958e+01	2.451002e+02
2.200000e-06	2.716132e-06	3.673835e-09	1.936813e+01	2.408556e+02
2.210000e-06	2.626691e-06	3.608840e-09	1.873035e+01	2.365101e+02
2.220000e-06	2.536310e-06	3.527687e-09	1.808586e+01	2.320603e+02
2.230000e-06	2.445090e-06	3.454379e-09	1.743539e+01	2.275044e+02
2.240000e-06	2.353186e-06	3.378062e-09	1.678004e+01	2.228420e+02
2.250000e-06	2.260493e-06	3.313554e-09	1.611907e+01	2.180745e+02
2.260000e-06	2.166858e-06	3.253453e-09	1.545138e+01	2.132039e+02
2.270000e-06	2.072172e-06	3.185379e-09	1.477620e+01	2.082335e+02
2.280000e-06	1.976561e-06	3.100144e-09	1.409442e+01	2.031662e+02
2.290000e-06	1.880294e-06	3.010940e-09	1.340796e+01	1.980048e+02
2.300000e-06	1.783473e-06	2.935235e-09	1.271755e+01	1.927507e+02
2.310000e-06	1.686138e-06	2.867648e-09	1.202348e+01	1.874044e+02
2.320000e-06	1.588227e-06	2.787570e-09	1.132529e+01	1.819644e+02
2.330000e-06	1.489759e-06	2.691987e-09	1.062314e+01	1.764280e+02
2.340000e-06	1.390784e-06	2.599745e-09	9.917374e+00	1.707911e+02
2.350000e-06	1.291388e-06	2.510051e-09	9.208597e+00	1.650490e+02
2.360000e-06	1.191704e-06	2.426316e-09	8.497776e+00	1.591965e+02
2.370000e-06	1.091858e-06	2.344727e-09	7.785797e+00	1.532288e+02
2.380000e-06	9.917646e-07	2.255171e-09	7.072052e+00	1.471421e+02
2.390000e-06	8.912825e-07	2.157511e-09	6.355537e+00	1.409336e+02
2.400000e-06	7.904155e-07	2.056012e-09	5.636276e+00	1.346017e+02
2.410000e-06	6.891975e-07	1.958189e-09	4.914514e+00	1.281463e+02
2.420000e-06	5.877567e-07	1.862789e-09	4.191162e+00	1.215680e+02
2.430000e-06	4.860594e-07	1.759921e-09	3.465981e+00	1.148678e+02
2.440000e-06	3.840143e-07	1.652437e-09	2.738320e+00	1.080462e+02
2.450000e-06	2.817639e-07	1.547182e-09	2.009196e+00	1.011027e+02
2.460000e-06	1.793667e-07	1.442249e-09	1.279024e+00	9.403500e+01
2.470000e-06	7.678381e-08	1.335914e-09	5.475282e-01	8.683855e+01
2.480000e-06	-2.585293e-08	1.222540e-09	-1.843514e-01	7.950608e+01
2.490000e-06	-1.285026e-07	1.101581e-09	-9.163236e-01	7.202778e+01
2.500000e-06	-2.311708e-07	9.799101e-10	-1.648427e+00	6.439152e+01
2.510000e-06	-3.336788e-07	8.617272e-10	-2.379389e+00	5.658357e+01
2.520000e-06	-4.359029e-07	7.445186e-10	-3.108326e+00	4.858943e+01
2.530000e-06	-5.378886e-07	6.226688e-10	-3.835564e+00	4.039502e+01
2.540000e-06	-6.397122e-07	4.950080e-10	-4.561645e+00	3.198780e+01
2.550000e-06	-7.412244e-07	3.612404e-10	-5.285506e+00	2.335800e+01
2.560000e-06	-8.422867e-07	2.218605e-10	-6.006159e+00	1.449970e+01
2.570000e-06	-9.429305e-07	8.087819e-11	-6.723827e+00	5.411704e+00
2.580000e-06	-1.043216e-06	-5.890405e-11	-7.438943e+00	-3.901841e+00
2.590000e-06	-1.143219e-06	-2.023913e-10	-8.152039e+00	-1.343113e+01
2.600000e-06	-1.242902e-06	-3.522009e-10	-8.862859e+00	-2.316070e+01
2.610000e-06	-1.342139e-06	-5.041342e-10	-9.570496e+00	-3.306971e+01
2.620000e-06	-1.440821e-06	-6.565650e-10	-1.027417e+01	-4.313247e+01
2.630000e-06	-1.539027e-06	-8.083510e-10	-1.097446e+01	-5.331919e+01
2.640000e-06	-1.636747e-06	-9.610106e-10	-1.167128e+01	-6.359677e+01
2.650000e-06	-1.733852e-06	-1.117559e-09	-1.236371e+01	-7.392975e+01
2.660000e-06	-1.830383e-06	-1.275944e-09	-1.305205e+01	-8.428115e+01
2.670000e-06	-1.926458e-06	-1.432873e-09	-1.373714e+01	-9.461336e+01
2.680000e-06	-2.022007e-06	-1.586936e-09	-1.441848e+01	-1.048889e+02
2.690000e-06	-2.116707e-06	-1.738220e-09	-1.509376e+01	-1.150711e+02
2.700000e-06	-2.210349e-06	-1.890291e-09	-1.576150e+01	-1.251248e+02
2.710000e-06	-2.303076e-06	-2.044150e-09	-1.642272e+01	-1.350166e+02
2.720000e-06	-2.395006e-06	-2.194272e-09	-1.707825e+01	-1.447158e+02
2.730000e-06	-2.486069e-06	-2.338584e-09	-1.772760e+01	-1.541945e+02
2.740000e-06	-2.576242e-06	-2.478220e-09	-1.837060e+01	-1.634280e+02
2.750000e-06	-2.665433e-06	-2.614918e-09	-1.900661e+01	-1.723953e+02
2.760000e-06	-2.753756e-06	-2.748099e-09	-1.963642e+01	-1.810792e+02
2.770000e-06	-2.841360e-06	-2.875499e-09	-2.026111e+01	-1.894668e+02
2.780000e-06	-2.927961e-06	-2.997543e-09	-2.087863e+01	-1.975495e+02
2.790000e-06	-3.013283e-06	-3.115289e-09	-2.148705e+01	-2.053229e+02
2.800000e-06	-3.097479e-06	-3.230412e-09	-2.208743e+01	-2.127869e+02
2.810000e-06	-3.180701e-06	-3.344388e-09	-2.268087e+01	-2.199454e+02
2.820000e-06	-3.262881e-06	-3.452978e-09	-2.326687e+01	-2.268059e+02
2.830000e-06	-3.343964e-06	-3.554453e-09	-2.384506e+01	-2.333790e+02
2.840000e-06	-3.423997e-06	-3.649291e-09	-2.441576e+01	-2.396778e+02
2.850000e-06	-3.502776e-06	-3.739078e-09	-2.497751e+01	-2.457170e+02
2.860000e-06	-3.579995e-06	-3.827006e-09	-2.552815e+01	-2.515125e+02
2.870000e-06	-3.655713e-06	-3.911796e-09	-2.606808e+01	-2.570804e+02
2.880000e-06	-3.730031e-06	-3.992673e-09	-2.659802e+01	-2.624363e+02
2.890000e-06	-3.803010e-06	-4.071532e-09	-2.711841e+01	-2.675947e+02
2.900000e-06	-3.874696e-06	-4.149770e-09	-2.762959e+01	-2.725688e+02
2.910000e-06	-3.944910e-06	-4.224513e-09	-2.813027e+01	-2.773695e+02
2.920000e-06	-4.013564e-06	-4.295385e-09	-2.861983e+01	-2.820058e+02
2.930000e-06	-4.080821e-06	-4.364712e-09	-2.909942e+01	-2.864844e+02
2.940000e-06	-4.146649e-06	-4.431879e-09	-2.956883e+01	-2.908097e+02
2.950000e-06	-4.211088e-06	-4.496453e-09	-3.002833e+01	-2.949843e+02
2.960000e-06	-4.274026e-06	-4.558934e-09	-3.047713e+01	-2.990089e+02
2.970000e-06	-4.335171e-06	-4.618991e-09	-3.091314e+01	-3.028829e+02
2.980000e-06	-4.394700e-06	-4.677370e-09	-3.133763e+01	-3.066049e+02
2.990000e-06	-4.452815e-06	-4.733816e-09	-3.175203e+01	-3.101729e+02
3.000000e-06	-4.509491e-06	-4.787041e-09	-3.215618e+01	-3.135849e+02
3.010000e-06	-4.564568e-06	-4.839911e-09	-3.254892e+01	-3.168393e+02
3.020000e-06	-4.617695e-06	-4.891534e-09	-3.292776e+01	-3.199353e+02
3.030000e-06	-4.668863e-06	-4.939050e-09	-3.329262e+01	-3.228731e+02
3.040000e-06	-4.718221e-06	-4.982551e-09	-3.364458e+01	-3.256541e+02
3.050000e-06	-4.765708e-06	-5.023450e-09	-3.398320e+01	-3.282810e+02
3.060000e-06	-4.811379e-06	-5.062694e-09	-3.430887e+01	-3.307580e+02
3.070000e-06	-4.855486e-06	-5.099892e-09	-3.462339e+01	-3.330903e+02
3.080000e-06	-4.898140e-06	-5.135889e-09	-3.492755e+01	-3.352839e+02
3.090000e-06	-4.939316e-06	-5.170547e-09	-3.522116e+01	-3.373457e+02
3.100000e-06	-4.978882e-06	-5.204233e-09	-3.550330e+01	-3.392824e+02
3.110000e-06	-5.016526e-06	-5.235890e-09	-3.577173e+01	-3.411009e+02
3.120000e-06	-5.052266e-06	-5.265584e-09	-3.602658e+01	-3.428072e+02
3.130000e-06	-5.086317e-06	-5.291860e-09	-3.626939e+01	-3.444067e+02
3.140000e-06	-5.118732e-06	-5.314225e-09	-3.650054e+01	-3.459034e+02
3.150000e-06	-5.149297e-06	-5.334550e-09	-3.671849e+01	-3.473002e+02
3.160000e-06	-5.177914e-06	-5.354174e-09	-3.692255e+01	-3.485989e+02
3.170000e-06	-5.204722e-06	-5.373204e-09	-3.711371e+01	-3.498001e+02
3.180000e-06	-5.229743e-06	-5.390689e-09	-3.729213e+01	-3.509037e+02
3.190000e-06	-5.252925e-06	-5.405592e-09	-3.745743e+01	-3.519091e+02
3.200000e-06	-5.274062e-06	-5.420676e-09	-3.760816e+01	-3.528159e+02
3.210000e-06	-5.293283e-06	-5.435034e-09	-3.774522e+01	-3.536236e+02
3.220000e-06	-5.310802e-06	-5.446688e-09	-3.787015e+01	-3.543326e+02
3.230000e-06	-5.326414e-06	-5.456995e-09	-3.798147e+01	-3.549440e+02
3.240000e-06	-5.339791e-06	-5.463649e-09	-3.807686e+01	-3.554597e+02
3.250000e-06	-5.350992e-06	-5.467799e-09	-3.815673e+01	-3.558827e+02
3.260000e-06	-5.360290e-06	-5.470552e-09	-3.822304e+01	-3.562161e+02
3.270000e-06	-5.367756e-06	-5.471512e-09	-3.827627e+01	-3.564637e+02
3.280000e-06	-5.373216e-06	-5.471380e-09	-3.831521e+01	-3.566292e+02
3.290000e-06	-5.376732e-06	-5.471147e-09	-3.834028e+01	-3.567157e+02
3.300000e-06	-5.378486e-06	-5.473059e-09	-3.835278e+01	-3.567258e+02
3.310000e-06	-5.378478e-06	-5.475064e-09	-3.835272e+01	-3.566611e+02
