# Temperatura_=_52.6
# Concentracion g/m^3_=_15000.0
# C_Vs_to_Am_M_A/Vsm_=_65563218390.804596
# pendiente_HvsI_1/m_=_3716.3
# ordenada_HvsI_A/m_=_1297.0
# frecuencia_Hz_=_301567.8827497431

Tiempo_(s)	Campo_(V.s)	Magnetizacion_(V.s)	Campo_(kA/m)	Magnetizacion_(A/m)
0.000000e+00	-5.395780e-06	-5.383073e-09	-3.834432e+01	-3.515127e+02
1.000000e-08	-5.392940e-06	-5.380943e-09	-3.832414e+01	-3.514010e+02
2.000000e-08	-5.388317e-06	-5.376978e-09	-3.829128e+01	-3.512127e+02
3.000000e-08	-5.382095e-06	-5.372975e-09	-3.824707e+01	-3.509444e+02
4.000000e-08	-5.374278e-06	-5.366644e-09	-3.819152e+01	-3.505939e+02
5.000000e-08	-5.364563e-06	-5.357667e-09	-3.812248e+01	-3.501609e+02
6.000000e-08	-5.352773e-06	-5.351183e-09	-3.803869e+01	-3.496471e+02
7.000000e-08	-5.339076e-06	-5.343217e-09	-3.794136e+01	-3.490566e+02
8.000000e-08	-5.323267e-06	-5.337431e-09	-3.782902e+01	-3.483955e+02
9.000000e-08	-5.305207e-06	-5.367443e-09	-3.770067e+01	-3.476711e+02
1.000000e-07	-5.285122e-06	-5.364675e-09	-3.755794e+01	-3.468912e+02
1.100000e-07	-5.263126e-06	-5.320540e-09	-3.740163e+01	-3.460630e+02
1.200000e-07	-5.239452e-06	-5.295070e-09	-3.723339e+01	-3.451918e+02
1.300000e-07	-5.214222e-06	-5.222175e-09	-3.705410e+01	-3.442808e+02
1.400000e-07	-5.187334e-06	-5.200741e-09	-3.686303e+01	-3.433298e+02
1.500000e-07	-5.158895e-06	-5.298860e-09	-3.666093e+01	-3.423352e+02
1.600000e-07	-5.129017e-06	-5.224689e-09	-3.644861e+01	-3.412902e+02
1.700000e-07	-5.097524e-06	-5.195202e-09	-3.622481e+01	-3.401855e+02
1.800000e-07	-5.063950e-06	-5.242118e-09	-3.598622e+01	-3.390099e+02
1.900000e-07	-5.028478e-06	-5.121191e-09	-3.573414e+01	-3.377516e+02
2.000000e-07	-4.991489e-06	-5.142005e-09	-3.547128e+01	-3.363995e+02
2.100000e-07	-4.952794e-06	-5.165695e-09	-3.519630e+01	-3.349444e+02
2.200000e-07	-4.912312e-06	-5.054942e-09	-3.490862e+01	-3.333797e+02
2.300000e-07	-4.869890e-06	-5.064445e-09	-3.460716e+01	-3.317023e+02
2.400000e-07	-4.825503e-06	-5.059218e-09	-3.429173e+01	-3.299126e+02
2.500000e-07	-4.779337e-06	-5.000392e-09	-3.396366e+01	-3.280145e+02
2.600000e-07	-4.731302e-06	-4.998986e-09	-3.362231e+01	-3.260144e+02
2.700000e-07	-4.681129e-06	-4.937805e-09	-3.326575e+01	-3.239205e+02
2.800000e-07	-4.628881e-06	-4.904005e-09	-3.289447e+01	-3.217419e+02
2.900000e-07	-4.574849e-06	-4.893885e-09	-3.251049e+01	-3.194869e+02
3.000000e-07	-4.519197e-06	-4.862984e-09	-3.211501e+01	-3.171625e+02
3.100000e-07	-4.461836e-06	-4.825060e-09	-3.170738e+01	-3.147734e+02
3.200000e-07	-4.402660e-06	-4.776779e-09	-3.128686e+01	-3.123216e+02
3.300000e-07	-4.341929e-06	-4.730148e-09	-3.085528e+01	-3.098064e+02
3.400000e-07	-4.279803e-06	-4.669574e-09	-3.041379e+01	-3.072247e+02
3.500000e-07	-4.216272e-06	-4.658253e-09	-2.996232e+01	-3.045719e+02
3.600000e-07	-4.151185e-06	-4.639538e-09	-2.949979e+01	-3.018423e+02
3.700000e-07	-4.084389e-06	-4.578218e-09	-2.902511e+01	-2.990307e+02
3.800000e-07	-4.016090e-06	-4.535461e-09	-2.853976e+01	-2.961327e+02
3.900000e-07	-3.946509e-06	-4.483083e-09	-2.804529e+01	-2.931455e+02
4.000000e-07	-3.875680e-06	-4.429768e-09	-2.754195e+01	-2.900685e+02
4.100000e-07	-3.803593e-06	-4.382005e-09	-2.702967e+01	-2.869031e+02
4.200000e-07	-3.730032e-06	-4.328596e-09	-2.650693e+01	-2.836527e+02
4.300000e-07	-3.654823e-06	-4.282161e-09	-2.597246e+01	-2.803217e+02
4.400000e-07	-3.578137e-06	-4.230713e-09	-2.542751e+01	-2.769151e+02
4.500000e-07	-3.500066e-06	-4.181630e-09	-2.487271e+01	-2.734374e+02
4.600000e-07	-3.420620e-06	-4.128034e-09	-2.430814e+01	-2.698920e+02
4.700000e-07	-3.339875e-06	-4.065920e-09	-2.373433e+01	-2.662806e+02
4.800000e-07	-3.257836e-06	-4.001884e-09	-2.315133e+01	-2.626027e+02
4.900000e-07	-3.174666e-06	-3.943797e-09	-2.256030e+01	-2.588556e+02
5.000000e-07	-3.090552e-06	-3.896607e-09	-2.196255e+01	-2.550348e+02
5.100000e-07	-3.005507e-06	-3.837965e-09	-2.135820e+01	-2.511345e+02
5.200000e-07	-2.919478e-06	-3.770659e-09	-2.074684e+01	-2.471482e+02
5.300000e-07	-2.832486e-06	-3.696862e-09	-2.012865e+01	-2.430699e+02
5.400000e-07	-2.744591e-06	-3.625469e-09	-1.950403e+01	-2.388942e+02
5.500000e-07	-2.655641e-06	-3.563248e-09	-1.887192e+01	-2.346178e+02
5.600000e-07	-2.565479e-06	-3.503738e-09	-1.823120e+01	-2.302389e+02
5.700000e-07	-2.474260e-06	-3.441371e-09	-1.758297e+01	-2.257582e+02
5.800000e-07	-2.382229e-06	-3.365281e-09	-1.692896e+01	-2.211779e+02
5.900000e-07	-2.289358e-06	-3.286828e-09	-1.626898e+01	-2.165017e+02
6.000000e-07	-2.195663e-06	-3.210575e-09	-1.560316e+01	-2.117340e+02
6.100000e-07	-2.101239e-06	-3.135993e-09	-1.493215e+01	-2.068787e+02
6.200000e-07	-2.006096e-06	-3.059151e-09	-1.425603e+01	-2.019393e+02
6.300000e-07	-1.910264e-06	-2.981024e-09	-1.357501e+01	-1.969175e+02
6.400000e-07	-1.813678e-06	-2.907090e-09	-1.288864e+01	-1.918132e+02
6.500000e-07	-1.716293e-06	-2.832922e-09	-1.219659e+01	-1.866243e+02
6.600000e-07	-1.618202e-06	-2.754555e-09	-1.149951e+01	-1.813470e+02
6.700000e-07	-1.519479e-06	-2.669580e-09	-1.079795e+01	-1.759758e+02
6.800000e-07	-1.420207e-06	-2.581681e-09	-1.009249e+01	-1.705048e+02
6.900000e-07	-1.320500e-06	-2.490816e-09	-9.383938e+00	-1.649278e+02
7.000000e-07	-1.220424e-06	-2.401921e-09	-8.672762e+00	-1.592392e+02
7.100000e-07	-1.119994e-06	-2.315741e-09	-7.959073e+00	-1.534347e+02
7.200000e-07	-1.019224e-06	-2.226723e-09	-7.242962e+00	-1.475115e+02
7.300000e-07	-9.181196e-07	-2.132313e-09	-6.524483e+00	-1.414683e+02
7.400000e-07	-8.166895e-07	-2.035664e-09	-5.803684e+00	-1.353053e+02
7.500000e-07	-7.149428e-07	-1.940605e-09	-5.080636e+00	-1.290239e+02
7.600000e-07	-6.129900e-07	-1.844811e-09	-4.356123e+00	-1.226255e+02
7.700000e-07	-5.108825e-07	-1.745887e-09	-3.630512e+00	-1.161114e+02
7.800000e-07	-4.085687e-07	-1.643650e-09	-2.903433e+00	-1.094813e+02
7.900000e-07	-3.061009e-07	-1.539541e-09	-2.175261e+00	-1.027336e+02
8.000000e-07	-2.035430e-07	-1.432257e-09	-1.446448e+00	-9.586372e+01
8.100000e-07	-1.009014e-07	-1.325264e-09	-7.170407e-01	-8.886490e+01
8.200000e-07	1.783737e-09	-1.219555e-09	1.267586e-02	-8.172766e+01
8.300000e-07	1.044670e-07	-1.110172e-09	7.423796e-01	-7.444031e+01
8.400000e-07	2.071456e-07	-9.960804e-10	1.472050e+00	-6.698955e+01
8.500000e-07	3.097706e-07	-8.796450e-10	2.201339e+00	-5.936129e+01
8.600000e-07	4.123456e-07	-7.623997e-10	2.930273e+00	-5.154156e+01
8.700000e-07	5.148421e-07	-6.408265e-10	3.658650e+00	-4.351752e+01
8.800000e-07	6.171745e-07	-5.143929e-10	4.385860e+00	-3.527836e+01
8.900000e-07	7.193123e-07	-3.841699e-10	5.111688e+00	-2.681616e+01
9.000000e-07	8.212086e-07	-2.503146e-10	5.835799e+00	-1.812658e+01
9.100000e-07	9.227656e-07	-1.145194e-10	6.557498e+00	-9.209304e+00
9.200000e-07	1.023961e-06	2.262419e-11	7.276630e+00	-6.839984e-02
9.300000e-07	1.124820e-06	1.629301e-10	7.993367e+00	9.287597e+00
9.400000e-07	1.225349e-06	3.091808e-10	8.707760e+00	1.884568e+01
9.500000e-07	1.325507e-06	4.595260e-10	9.419520e+00	2.858855e+01
9.600000e-07	1.425209e-06	6.116772e-10	1.012804e+01	3.849478e+01
9.700000e-07	1.524342e-06	7.652353e-10	1.083251e+01	4.853921e+01
9.800000e-07	1.622810e-06	9.212581e-10	1.153226e+01	5.869324e+01
9.900000e-07	1.720588e-06	1.079315e-09	1.222711e+01	6.892528e+01
1.000000e-06	1.817658e-06	1.239476e-09	1.291692e+01	7.920120e+01
1.010000e-06	1.913913e-06	1.400129e-09	1.360094e+01	8.948491e+01
1.020000e-06	2.009326e-06	1.560007e-09	1.427898e+01	9.973899e+01
1.030000e-06	2.104055e-06	1.716701e-09	1.495216e+01	1.099254e+02
1.040000e-06	2.198107e-06	1.869307e-09	1.562052e+01	1.200061e+02
1.050000e-06	2.291343e-06	2.019267e-09	1.628309e+01	1.299444e+02
1.060000e-06	2.383845e-06	2.166216e-09	1.694044e+01	1.397053e+02
1.070000e-06	2.475654e-06	2.310851e-09	1.759287e+01	1.492565e+02
1.080000e-06	2.566636e-06	2.453210e-09	1.823942e+01	1.585694e+02
1.090000e-06	2.656656e-06	2.592633e-09	1.887913e+01	1.676194e+02
1.100000e-06	2.745589e-06	2.728687e-09	1.951113e+01	1.763867e+02
1.110000e-06	2.833410e-06	2.857458e-09	2.013521e+01	1.848566e+02
1.120000e-06	2.920291e-06	2.979918e-09	2.075262e+01	1.930193e+02
1.130000e-06	3.006310e-06	3.099194e-09	2.136390e+01	2.008701e+02
1.140000e-06	3.091328e-06	3.215690e-09	2.196807e+01	2.084088e+02
1.150000e-06	3.175330e-06	3.325734e-09	2.256502e+01	2.156394e+02
1.160000e-06	3.258293e-06	3.428713e-09	2.315458e+01	2.225692e+02
1.170000e-06	3.340133e-06	3.527432e-09	2.373616e+01	2.292087e+02
1.180000e-06	3.420744e-06	3.622604e-09	2.430902e+01	2.355701e+02
1.190000e-06	3.500065e-06	3.716202e-09	2.487270e+01	2.416672e+02
1.200000e-06	3.578130e-06	3.807374e-09	2.542746e+01	2.475147e+02
1.210000e-06	3.654951e-06	3.895384e-09	2.597338e+01	2.531272e+02
1.220000e-06	3.730462e-06	3.980329e-09	2.650998e+01	2.585190e+02
1.230000e-06	3.804494e-06	4.061069e-09	2.703608e+01	2.637038e+02
1.240000e-06	3.876949e-06	4.136935e-09	2.755097e+01	2.686939e+02
1.250000e-06	3.947946e-06	4.209185e-09	2.805550e+01	2.735003e+02
1.260000e-06	4.017538e-06	4.278973e-09	2.855004e+01	2.781322e+02
1.270000e-06	4.085758e-06	4.349129e-09	2.903484e+01	2.825971e+02
1.280000e-06	4.152526e-06	4.417231e-09	2.950932e+01	2.869005e+02
1.290000e-06	4.217616e-06	4.481074e-09	2.997187e+01	2.910460e+02
1.300000e-06	4.281099e-06	4.540254e-09	3.042300e+01	2.950354e+02
1.310000e-06	4.343137e-06	4.597435e-09	3.086387e+01	2.988691e+02
1.320000e-06	4.403823e-06	4.653478e-09	3.129512e+01	3.025463e+02
1.330000e-06	4.463104e-06	4.705971e-09	3.171640e+01	3.060653e+02
1.340000e-06	4.520702e-06	4.755022e-09	3.212570e+01	3.094244e+02
1.350000e-06	4.576483e-06	4.801905e-09	3.252211e+01	3.126222e+02
1.360000e-06	4.630596e-06	4.845933e-09	3.290665e+01	3.156584e+02
1.370000e-06	4.683011e-06	4.886018e-09	3.327913e+01	3.185338e+02
1.380000e-06	4.733414e-06	4.924397e-09	3.363731e+01	3.212510e+02
1.390000e-06	4.781825e-06	4.961802e-09	3.398134e+01	3.238144e+02
1.400000e-06	4.828510e-06	4.995852e-09	3.431310e+01	3.262300e+02
1.410000e-06	4.873620e-06	5.026747e-09	3.463367e+01	3.285056e+02
1.420000e-06	4.917221e-06	5.056599e-09	3.494351e+01	3.306497e+02
1.430000e-06	4.959000e-06	5.085719e-09	3.524040e+01	3.326710e+02
1.440000e-06	4.998827e-06	5.113942e-09	3.552343e+01	3.345784e+02
1.450000e-06	5.036998e-06	5.140166e-09	3.579469e+01	3.363793e+02
1.460000e-06	5.073566e-06	5.164278e-09	3.605455e+01	3.380800e+02
1.470000e-06	5.108400e-06	5.187699e-09	3.630210e+01	3.396847e+02
1.480000e-06	5.141316e-06	5.209719e-09	3.653600e+01	3.411956e+02
1.490000e-06	5.172354e-06	5.229285e-09	3.675657e+01	3.426130e+02
1.500000e-06	5.201727e-06	5.246251e-09	3.696531e+01	3.439356e+02
1.510000e-06	5.229438e-06	5.261428e-09	3.716224e+01	3.451613e+02
1.520000e-06	5.255203e-06	5.275862e-09	3.734533e+01	3.462873e+02
1.530000e-06	5.278861e-06	5.290845e-09	3.751345e+01	3.473115e+02
1.540000e-06	5.300607e-06	5.305565e-09	3.766798e+01	3.482326e+02
1.550000e-06	5.320646e-06	5.318429e-09	3.781039e+01	3.490507e+02
1.560000e-06	5.338846e-06	5.329682e-09	3.793972e+01	3.497680e+02
1.570000e-06	5.355021e-06	5.340204e-09	3.805467e+01	3.503879e+02
1.580000e-06	5.369248e-06	5.349877e-09	3.815577e+01	3.509156e+02
1.590000e-06	5.381481e-06	5.357663e-09	3.824270e+01	3.513570e+02
1.600000e-06	5.391522e-06	5.363906e-09	3.831406e+01	3.517182e+02
1.610000e-06	5.399442e-06	5.367405e-09	3.837035e+01	3.520049e+02
1.620000e-06	5.405444e-06	5.370079e-09	3.841299e+01	3.522215e+02
1.630000e-06	5.409600e-06	5.373572e-09	3.844253e+01	3.523709e+02
1.640000e-06	5.411834e-06	5.377311e-09	3.845840e+01	3.524539e+02
1.650000e-06	5.412058e-06	5.381232e-09	3.846000e+01	3.524696e+02
1.660000e-06	5.410439e-06	5.380028e-09	3.844849e+01	3.524152e+02
1.670000e-06	5.407191e-06	5.373577e-09	3.842541e+01	3.522873e+02
1.680000e-06	5.402291e-06	5.370497e-09	3.839059e+01	3.520820e+02
1.690000e-06	5.395476e-06	5.366780e-09	3.834216e+01	3.517961e+02
1.700000e-06	5.386890e-06	5.362364e-09	3.828114e+01	3.514277e+02
1.710000e-06	5.376739e-06	5.357366e-09	3.820901e+01	3.509770e+02
1.720000e-06	5.364804e-06	5.353679e-09	3.812419e+01	3.504462e+02
1.730000e-06	5.350936e-06	5.356103e-09	3.802564e+01	3.498399e+02
1.740000e-06	5.334986e-06	5.303987e-09	3.791230e+01	3.491644e+02
1.750000e-06	5.316649e-06	5.273101e-09	3.778199e+01	3.484274e+02
1.760000e-06	5.295681e-06	5.291939e-09	3.763298e+01	3.476364e+02
1.770000e-06	5.272434e-06	5.286897e-09	3.746778e+01	3.467984e+02
1.780000e-06	5.247946e-06	5.350624e-09	3.729376e+01	3.459185e+02
1.790000e-06	5.222724e-06	5.306072e-09	3.711452e+01	3.449989e+02
1.800000e-06	5.196013e-06	5.168379e-09	3.692470e+01	3.440388e+02
1.810000e-06	5.167144e-06	5.250009e-09	3.671955e+01	3.430339e+02
1.820000e-06	5.136511e-06	5.199009e-09	3.650186e+01	3.419769e+02
1.830000e-06	5.104179e-06	5.120284e-09	3.627210e+01	3.408578e+02
1.840000e-06	5.069919e-06	5.238079e-09	3.602863e+01	3.396653e+02
1.850000e-06	5.034000e-06	5.134257e-09	3.577338e+01	3.383877e+02
1.860000e-06	4.996262e-06	5.090242e-09	3.550520e+01	3.370141e+02
1.870000e-06	4.956597e-06	5.160438e-09	3.522333e+01	3.355358e+02
1.880000e-06	4.915251e-06	5.020988e-09	3.492951e+01	3.339469e+02
1.890000e-06	4.872119e-06	5.034311e-09	3.462300e+01	3.322452e+02
1.900000e-06	4.827340e-06	5.025886e-09	3.430479e+01	3.304317e+02
1.910000e-06	4.780760e-06	4.935147e-09	3.397377e+01	3.285109e+02
1.920000e-06	4.732174e-06	4.989777e-09	3.362850e+01	3.264899e+02
1.930000e-06	4.682002e-06	4.890610e-09	3.327196e+01	3.243769e+02
1.940000e-06	4.630065e-06	4.876033e-09	3.290288e+01	3.221811e+02
1.950000e-06	4.576050e-06	4.876903e-09	3.251903e+01	3.199106e+02
1.960000e-06	4.520068e-06	4.776724e-09	3.212120e+01	3.175720e+02
1.970000e-06	4.462345e-06	4.780887e-09	3.171100e+01	3.151692e+02
1.980000e-06	4.403218e-06	4.739487e-09	3.129083e+01	3.127038e+02
1.990000e-06	4.342590e-06	4.728687e-09	3.085998e+01	3.101745e+02
2.000000e-06	4.280248e-06	4.657571e-09	3.041696e+01	3.075779e+02
2.010000e-06	4.216295e-06	4.575147e-09	2.996248e+01	3.049090e+02
2.020000e-06	4.150790e-06	4.588260e-09	2.949698e+01	3.021621e+02
2.030000e-06	4.083864e-06	4.504860e-09	2.902138e+01	2.993322e+02
2.040000e-06	4.015553e-06	4.492972e-09	2.853594e+01	2.964151e+02
2.050000e-06	3.945751e-06	4.467431e-09	2.803990e+01	2.934085e+02
2.060000e-06	3.874373e-06	4.402303e-09	2.753267e+01	2.903122e+02
2.070000e-06	3.801601e-06	4.356595e-09	2.701552e+01	2.871282e+02
2.080000e-06	3.727560e-06	4.267925e-09	2.648936e+01	2.838599e+02
2.090000e-06	3.652143e-06	4.248776e-09	2.595342e+01	2.805122e+02
2.100000e-06	3.575258e-06	4.192236e-09	2.540704e+01	2.770898e+02
2.110000e-06	3.496792e-06	4.133578e-09	2.484944e+01	2.735972e+02
2.120000e-06	3.416985e-06	4.090816e-09	2.428231e+01	2.700375e+02
2.130000e-06	3.336110e-06	4.035638e-09	2.370758e+01	2.664118e+02
2.140000e-06	3.254108e-06	3.991487e-09	2.312484e+01	2.627192e+02
2.150000e-06	3.170973e-06	3.918864e-09	2.253405e+01	2.589566e+02
2.160000e-06	3.086803e-06	3.867785e-09	2.193592e+01	2.551192e+02
2.170000e-06	3.001570e-06	3.802393e-09	2.133021e+01	2.512009e+02
2.180000e-06	2.915051e-06	3.743621e-09	2.071538e+01	2.471952e+02
2.190000e-06	2.827309e-06	3.688360e-09	2.009186e+01	2.430963e+02
2.200000e-06	2.738635e-06	3.626310e-09	1.946171e+01	2.388991e+02
2.210000e-06	2.649062e-06	3.561656e-09	1.882517e+01	2.346006e+02
2.220000e-06	2.558559e-06	3.478956e-09	1.818202e+01	2.301997e+02
2.230000e-06	2.467214e-06	3.414923e-09	1.753290e+01	2.256973e+02
2.240000e-06	2.375054e-06	3.353635e-09	1.687797e+01	2.210960e+02
2.250000e-06	2.282028e-06	3.295758e-09	1.621690e+01	2.163997e+02
2.260000e-06	2.188134e-06	3.227237e-09	1.554966e+01	2.116127e+02
2.270000e-06	2.093289e-06	3.147191e-09	1.487565e+01	2.067390e+02
2.280000e-06	1.997519e-06	3.061448e-09	1.419508e+01	2.017817e+02
2.290000e-06	1.901001e-06	2.975575e-09	1.350919e+01	1.967422e+02
2.300000e-06	1.803949e-06	2.900145e-09	1.281950e+01	1.916199e+02
2.310000e-06	1.706427e-06	2.829522e-09	1.212647e+01	1.864123e+02
2.320000e-06	1.608305e-06	2.755735e-09	1.142919e+01	1.811151e+02
2.330000e-06	1.509616e-06	2.671087e-09	1.072786e+01	1.757230e+02
2.340000e-06	1.410478e-06	2.591054e-09	1.002336e+01	1.702296e+02
2.350000e-06	1.310942e-06	2.509130e-09	9.316021e+00	1.646290e+02
2.360000e-06	1.211052e-06	2.421142e-09	8.606165e+00	1.589158e+02
2.370000e-06	1.110933e-06	2.327935e-09	7.894685e+00	1.530859e+02
2.380000e-06	1.010484e-06	2.232344e-09	7.180860e+00	1.471368e+02
2.390000e-06	9.095511e-07	2.141075e-09	6.463591e+00	1.410678e+02
2.400000e-06	8.081524e-07	2.051024e-09	5.743017e+00	1.348792e+02
2.410000e-06	7.063815e-07	1.960122e-09	5.019796e+00	1.285724e+02
2.420000e-06	6.044615e-07	1.863518e-09	4.295517e+00	1.221490e+02
2.430000e-06	5.023769e-07	1.761358e-09	3.570068e+00	1.156100e+02
2.440000e-06	4.000154e-07	1.660225e-09	2.842651e+00	1.089548e+02
2.450000e-06	2.974397e-07	1.563313e-09	2.113711e+00	1.021812e+02
2.460000e-06	1.947634e-07	1.460843e-09	1.384057e+00	9.528422e+01
2.470000e-06	9.202984e-08	1.349684e-09	6.539966e-01	8.825649e+01
2.480000e-06	-1.078071e-08	1.232001e-09	-7.661154e-02	8.108799e+01
2.490000e-06	-1.136321e-07	1.113800e-09	-8.075102e-01	7.376664e+01
2.500000e-06	-2.164117e-07	1.001660e-09	-1.537898e+00	6.627890e+01
2.510000e-06	-3.191373e-07	8.915101e-10	-2.267902e+00	5.861063e+01
2.520000e-06	-4.217833e-07	7.779402e-10	-2.997341e+00	5.074801e+01
2.530000e-06	-5.242459e-07	6.563639e-10	-3.725477e+00	4.267855e+01
2.540000e-06	-6.265301e-07	5.284272e-10	-4.452344e+00	3.439201e+01
2.550000e-06	-7.285737e-07	3.969073e-10	-5.177502e+00	2.588118e+01
2.560000e-06	-8.303024e-07	2.607672e-10	-5.900422e+00	1.714255e+01
2.570000e-06	-9.316402e-07	1.195465e-10	-6.620564e+00	8.176726e+00
2.580000e-06	-1.032535e-06	-2.347019e-11	-7.337560e+00	-1.011281e+00
2.590000e-06	-1.133001e-06	-1.662499e-10	-8.051502e+00	-1.041197e+01
2.600000e-06	-1.233000e-06	-3.086584e-10	-8.762133e+00	-2.001139e+01
2.610000e-06	-1.332537e-06	-4.512033e-10	-9.469482e+00	-2.979133e+01
2.620000e-06	-1.431648e-06	-5.987947e-10	-1.017380e+01	-3.972956e+01
2.630000e-06	-1.530275e-06	-7.518829e-10	-1.087468e+01	-4.980013e+01
2.640000e-06	-1.628374e-06	-9.076649e-10	-1.157180e+01	-5.997377e+01
2.650000e-06	-1.725910e-06	-1.063790e-09	-1.226492e+01	-7.021830e+01
2.660000e-06	-1.822906e-06	-1.219023e-09	-1.295421e+01	-8.049912e+01
2.670000e-06	-1.919401e-06	-1.375244e-09	-1.363994e+01	-9.077981e+01
2.680000e-06	-2.015229e-06	-1.531490e-09	-1.432093e+01	-1.010227e+02
2.690000e-06	-2.110250e-06	-1.684822e-09	-1.499618e+01	-1.111898e+02
2.700000e-06	-2.204496e-06	-1.834941e-09	-1.566593e+01	-1.212432e+02
2.710000e-06	-2.297865e-06	-1.984789e-09	-1.632944e+01	-1.311465e+02
2.720000e-06	-2.390229e-06	-2.133619e-09	-1.698581e+01	-1.408652e+02
2.730000e-06	-2.481686e-06	-2.278853e-09	-1.763574e+01	-1.503677e+02
2.740000e-06	-2.572273e-06	-2.420313e-09	-1.827948e+01	-1.596263e+02
2.750000e-06	-2.661934e-06	-2.558366e-09	-1.891665e+01	-1.686174e+02
2.760000e-06	-2.750779e-06	-2.691117e-09	-1.954801e+01	-1.773222e+02
2.770000e-06	-2.838796e-06	-2.818590e-09	-2.017348e+01	-1.857271e+02
2.780000e-06	-2.925793e-06	-2.941830e-09	-2.079172e+01	-1.938233e+02
2.790000e-06	-3.011666e-06	-3.061351e-09	-2.140196e+01	-2.016072e+02
2.800000e-06	-3.096357e-06	-3.177889e-09	-2.200381e+01	-2.090796e+02
2.810000e-06	-3.179938e-06	-3.289249e-09	-2.259776e+01	-2.162451e+02
2.820000e-06	-3.262489e-06	-3.394863e-09	-2.318440e+01	-2.231119e+02
2.830000e-06	-3.343962e-06	-3.495964e-09	-2.376338e+01	-2.296908e+02
2.840000e-06	-3.424352e-06	-3.592763e-09	-2.433466e+01	-2.359945e+02
2.850000e-06	-3.503555e-06	-3.684342e-09	-2.489750e+01	-2.420371e+02
2.860000e-06	-3.581341e-06	-3.771014e-09	-2.545027e+01	-2.478331e+02
2.870000e-06	-3.657619e-06	-3.854645e-09	-2.599234e+01	-2.533973e+02
2.880000e-06	-3.732430e-06	-3.936292e-09	-2.652396e+01	-2.587437e+02
2.890000e-06	-3.805883e-06	-4.015802e-09	-2.704595e+01	-2.638859e+02
2.900000e-06	-3.878055e-06	-4.092388e-09	-2.755883e+01	-2.688359e+02
2.910000e-06	-3.948815e-06	-4.164480e-09	-2.806167e+01	-2.736043e+02
2.920000e-06	-4.018021e-06	-4.232574e-09	-2.855348e+01	-2.782001e+02
2.930000e-06	-4.085717e-06	-4.299253e-09	-2.903455e+01	-2.826301e+02
2.940000e-06	-4.151946e-06	-4.365193e-09	-2.950519e+01	-2.868996e+02
2.950000e-06	-4.216826e-06	-4.429779e-09	-2.996625e+01	-2.910117e+02
2.960000e-06	-4.280262e-06	-4.491749e-09	-3.041705e+01	-2.949679e+02
2.970000e-06	-4.341947e-06	-4.551011e-09	-3.085541e+01	-2.987683e+02
2.980000e-06	-4.401981e-06	-4.608158e-09	-3.128203e+01	-3.024118e+02
2.990000e-06	-4.460554e-06	-4.662191e-09	-3.169827e+01	-3.058968e+02
3.000000e-06	-4.517669e-06	-4.714483e-09	-3.210415e+01	-3.092216e+02
3.010000e-06	-4.573161e-06	-4.766079e-09	-3.249849e+01	-3.123850e+02
3.020000e-06	-4.626690e-06	-4.813942e-09	-3.287889e+01	-3.153867e+02
3.030000e-06	-4.678251e-06	-4.859371e-09	-3.324530e+01	-3.182280e+02
3.040000e-06	-4.727997e-06	-4.902290e-09	-3.359882e+01	-3.209120e+02
3.050000e-06	-4.775915e-06	-4.942870e-09	-3.393934e+01	-3.234433e+02
3.060000e-06	-4.822029e-06	-4.981313e-09	-3.426704e+01	-3.258284e+02
3.070000e-06	-4.866506e-06	-5.018398e-09	-3.458311e+01	-3.280752e+02
3.080000e-06	-4.909486e-06	-5.053657e-09	-3.488854e+01	-3.301923e+02
3.090000e-06	-4.950951e-06	-5.087391e-09	-3.518321e+01	-3.321887e+02
3.100000e-06	-4.990808e-06	-5.120154e-09	-3.546645e+01	-3.340728e+02
3.110000e-06	-5.028820e-06	-5.149587e-09	-3.573657e+01	-3.358519e+02
3.120000e-06	-5.064948e-06	-5.175675e-09	-3.599331e+01	-3.375319e+02
3.130000e-06	-5.099340e-06	-5.199875e-09	-3.623771e+01	-3.391165e+02
3.140000e-06	-5.132088e-06	-5.223244e-09	-3.647043e+01	-3.406075e+02
3.150000e-06	-5.163041e-06	-5.245422e-09	-3.669039e+01	-3.420049e+02
3.160000e-06	-5.192016e-06	-5.265335e-09	-3.689630e+01	-3.433071e+02
3.170000e-06	-5.219140e-06	-5.284346e-09	-3.708905e+01	-3.445118e+02
3.180000e-06	-5.244496e-06	-5.302002e-09	-3.726924e+01	-3.456163e+02
3.190000e-06	-5.267990e-06	-5.317369e-09	-3.743620e+01	-3.466186e+02
3.200000e-06	-5.289430e-06	-5.331844e-09	-3.758856e+01	-3.475176e+02
3.210000e-06	-5.308951e-06	-5.345056e-09	-3.772728e+01	-3.483141e+02
3.220000e-06	-5.326752e-06	-5.355533e-09	-3.785378e+01	-3.490103e+02
3.230000e-06	-5.342681e-06	-5.362545e-09	-3.796698e+01	-3.496101e+02
3.240000e-06	-5.356395e-06	-5.366894e-09	-3.806444e+01	-3.501190e+02
3.250000e-06	-5.367902e-06	-5.371421e-09	-3.814621e+01	-3.505428e+02
3.260000e-06	-5.377524e-06	-5.378532e-09	-3.821459e+01	-3.508877e+02
3.270000e-06	-5.385288e-06	-5.384955e-09	-3.826976e+01	-3.511592e+02
3.280000e-06	-5.391004e-06	-5.388291e-09	-3.831038e+01	-3.513614e+02
3.290000e-06	-5.394777e-06	-5.389403e-09	-3.833719e+01	-3.514967e+02
3.300000e-06	-5.396797e-06	-5.389872e-09	-3.835155e+01	-3.515656e+02
3.310000e-06	-5.397032e-06	-5.387558e-09	-3.835322e+01	-3.515666e+02
