# Temperatura_=_57.52
# Concentracion g/m^3_=_15000.0
# C_Vs_to_Am_M_A/Vsm_=_65563218390.804596
# pendiente_HvsI_1/m_=_3716.3
# ordenada_HvsI_A/m_=_1297.0
# frecuencia_Hz_=_301973.7626897155

Tiempo_(s)	Campo_(V.s)	Magnetizacion_(V.s)	Campo_(kA/m)	Magnetizacion_(A/m)
0.000000e+00	-6.865342e-06	-1.061548e-08	-4.746229e+01	-6.951525e+02
1.000000e-08	-6.861439e-06	-1.061291e-08	-4.743531e+01	-6.949130e+02
2.000000e-08	-6.855337e-06	-1.060672e-08	-4.739312e+01	-6.945550e+02
3.000000e-08	-6.847117e-06	-1.059929e-08	-4.733629e+01	-6.940706e+02
4.000000e-08	-6.836538e-06	-1.058857e-08	-4.726316e+01	-6.934533e+02
5.000000e-08	-6.823410e-06	-1.057503e-08	-4.717241e+01	-6.927006e+02
6.000000e-08	-6.807749e-06	-1.055750e-08	-4.706413e+01	-6.918162e+02
7.000000e-08	-6.789789e-06	-1.054316e-08	-4.693997e+01	-6.908112e+02
8.000000e-08	-6.769671e-06	-1.056178e-08	-4.680089e+01	-6.897034e+02
9.000000e-08	-6.747075e-06	-1.056565e-08	-4.664467e+01	-6.885159e+02
1.000000e-07	-6.721660e-06	-1.052002e-08	-4.646897e+01	-6.872731e+02
1.100000e-07	-6.693592e-06	-1.048177e-08	-4.627493e+01	-6.859968e+02
1.200000e-07	-6.663298e-06	-1.045316e-08	-4.606550e+01	-6.847017e+02
1.300000e-07	-6.631022e-06	-1.038153e-08	-4.584236e+01	-6.833915e+02
1.400000e-07	-6.596843e-06	-1.037787e-08	-4.560607e+01	-6.820576e+02
1.500000e-07	-6.560694e-06	-1.043389e-08	-4.535617e+01	-6.806785e+02
1.600000e-07	-6.522459e-06	-1.034886e-08	-4.509183e+01	-6.792230e+02
1.700000e-07	-6.482085e-06	-1.032400e-08	-4.481271e+01	-6.776535e+02
1.800000e-07	-6.439329e-06	-1.032695e-08	-4.451713e+01	-6.759322e+02
1.900000e-07	-6.394098e-06	-1.025251e-08	-4.420443e+01	-6.740260e+02
2.000000e-07	-6.346493e-06	-1.024510e-08	-4.387532e+01	-6.719116e+02
2.100000e-07	-6.296245e-06	-1.022277e-08	-4.352794e+01	-6.695779e+02
2.200000e-07	-6.243352e-06	-1.017929e-08	-4.316228e+01	-6.670274e+02
2.300000e-07	-6.188048e-06	-1.011658e-08	-4.277994e+01	-6.642740e+02
2.400000e-07	-6.130367e-06	-1.005641e-08	-4.238118e+01	-6.613401e+02
2.500000e-07	-6.070444e-06	-1.003678e-08	-4.196691e+01	-6.582518e+02
2.600000e-07	-6.008294e-06	-9.985433e-09	-4.153725e+01	-6.550336e+02
2.700000e-07	-5.943914e-06	-9.925286e-09	-4.109217e+01	-6.517051e+02
2.800000e-07	-5.877330e-06	-9.880836e-09	-4.063185e+01	-6.482775e+02
2.900000e-07	-5.808501e-06	-9.833933e-09	-4.015602e+01	-6.447528e+02
3.000000e-07	-5.737501e-06	-9.779247e-09	-3.966516e+01	-6.411246e+02
3.100000e-07	-5.664355e-06	-9.716610e-09	-3.915949e+01	-6.373805e+02
3.200000e-07	-5.588955e-06	-9.663336e-09	-3.863822e+01	-6.335051e+02
3.300000e-07	-5.511259e-06	-9.587209e-09	-3.810108e+01	-6.294833e+02
3.400000e-07	-5.431347e-06	-9.515235e-09	-3.754863e+01	-6.253029e+02
3.500000e-07	-5.349411e-06	-9.464463e-09	-3.698218e+01	-6.209564e+02
3.600000e-07	-5.265717e-06	-9.415119e-09	-3.640357e+01	-6.164413e+02
3.700000e-07	-5.180352e-06	-9.350058e-09	-3.581342e+01	-6.117595e+02
3.800000e-07	-5.093178e-06	-9.261328e-09	-3.521076e+01	-6.069152e+02
3.900000e-07	-5.004168e-06	-9.180091e-09	-3.459540e+01	-6.019135e+02
4.000000e-07	-4.913393e-06	-9.097921e-09	-3.396785e+01	-5.967578e+02
4.100000e-07	-4.820950e-06	-9.018458e-09	-3.332876e+01	-5.914492e+02
4.200000e-07	-4.726855e-06	-8.945306e-09	-3.267825e+01	-5.859856e+02
4.300000e-07	-4.631073e-06	-8.861920e-09	-3.201608e+01	-5.803622e+02
4.400000e-07	-4.533574e-06	-8.768398e-09	-3.134203e+01	-5.745727e+02
4.500000e-07	-4.434412e-06	-8.675163e-09	-3.065650e+01	-5.686104e+02
4.600000e-07	-4.333728e-06	-8.585736e-09	-2.996044e+01	-5.624699e+02
4.700000e-07	-4.231540e-06	-8.487386e-09	-2.925398e+01	-5.561480e+02
4.800000e-07	-4.127850e-06	-8.385326e-09	-2.853714e+01	-5.496437e+02
4.900000e-07	-4.022639e-06	-8.278772e-09	-2.780978e+01	-5.429580e+02
5.000000e-07	-3.915891e-06	-8.171058e-09	-2.707180e+01	-5.360927e+02
5.100000e-07	-3.807696e-06	-8.067894e-09	-2.632381e+01	-5.290489e+02
5.200000e-07	-3.698174e-06	-7.964004e-09	-2.556665e+01	-5.218258e+02
5.300000e-07	-3.587375e-06	-7.849614e-09	-2.480067e+01	-5.144193e+02
5.400000e-07	-3.475181e-06	-7.725769e-09	-2.402503e+01	-5.068222e+02
5.500000e-07	-3.361477e-06	-7.606284e-09	-2.323896e+01	-4.990237e+02
5.600000e-07	-3.246359e-06	-7.488342e-09	-2.244311e+01	-4.910113e+02
5.700000e-07	-3.129892e-06	-7.366540e-09	-2.163794e+01	-4.827720e+02
5.800000e-07	-3.012208e-06	-7.238328e-09	-2.082435e+01	-4.742936e+02
5.900000e-07	-2.893444e-06	-7.104186e-09	-2.000330e+01	-4.655669e+02
6.000000e-07	-2.773656e-06	-6.962232e-09	-1.917517e+01	-4.565859e+02
6.100000e-07	-2.652829e-06	-6.816909e-09	-1.833985e+01	-4.473485e+02
6.200000e-07	-2.530985e-06	-6.673989e-09	-1.749750e+01	-4.378551e+02
6.300000e-07	-2.408166e-06	-6.528486e-09	-1.664842e+01	-4.281083e+02
6.400000e-07	-2.284466e-06	-6.374424e-09	-1.579324e+01	-4.181103e+02
6.500000e-07	-2.159940e-06	-6.214506e-09	-1.493235e+01	-4.078619e+02
6.600000e-07	-2.034644e-06	-6.055240e-09	-1.406614e+01	-3.973606e+02
6.700000e-07	-1.908741e-06	-5.892542e-09	-1.319573e+01	-3.866004e+02
6.800000e-07	-1.782226e-06	-5.722256e-09	-1.232110e+01	-3.755715e+02
6.900000e-07	-1.655074e-06	-5.547355e-09	-1.144205e+01	-3.642606e+02
7.000000e-07	-1.527329e-06	-5.368931e-09	-1.055891e+01	-3.526525e+02
7.100000e-07	-1.399046e-06	-5.185826e-09	-9.672047e+00	-3.407309e+02
7.200000e-07	-1.270279e-06	-4.999969e-09	-8.781842e+00	-3.284797e+02
7.300000e-07	-1.141119e-06	-4.810590e-09	-7.888915e+00	-3.158840e+02
7.400000e-07	-1.011595e-06	-4.613873e-09	-6.993477e+00	-3.029301e+02
7.500000e-07	-8.817138e-07	-4.409180e-09	-6.095568e+00	-2.896058e+02
7.600000e-07	-7.515151e-07	-4.197141e-09	-5.195463e+00	-2.758997e+02
7.700000e-07	-6.210741e-07	-3.981145e-09	-4.293683e+00	-2.618006e+02
7.800000e-07	-4.904700e-07	-3.761921e-09	-3.390775e+00	-2.472968e+02
7.900000e-07	-3.596519e-07	-3.536479e-09	-2.486388e+00	-2.323754e+02
8.000000e-07	-2.286114e-07	-3.301889e-09	-1.580463e+00	-2.170218e+02
8.100000e-07	-9.743590e-08	-3.059976e-09	-6.736053e-01	-2.012188e+02
8.200000e-07	3.382337e-08	-2.812978e-09	2.338317e-01	-1.849460e+02
8.300000e-07	1.650442e-07	-2.559824e-09	1.141003e+00	-1.681793e+02
8.400000e-07	2.962392e-07	-2.299501e-09	2.047996e+00	-1.508900e+02
8.500000e-07	4.273956e-07	-2.030501e-09	2.954722e+00	-1.330443e+02
8.600000e-07	5.584054e-07	-1.750132e-09	3.860434e+00	-1.146033e+02
8.700000e-07	6.892865e-07	-1.455855e-09	4.765256e+00	-9.552503e+01
8.800000e-07	8.199216e-07	-1.150803e-09	5.668379e+00	-7.576640e+01
8.900000e-07	9.502221e-07	-8.381907e-10	6.569187e+00	-5.528848e+01
9.000000e-07	1.080181e-06	-5.161931e-10	7.467632e+00	-3.406259e+01
9.100000e-07	1.209759e-06	-1.822278e-10	8.363446e+00	-1.207793e+01
9.200000e-07	1.338904e-06	1.644580e-10	9.256267e+00	1.065058e+01
9.300000e-07	1.467528e-06	5.225007e-10	1.014549e+01	3.407528e+01
9.400000e-07	1.595610e-06	8.909044e-10	1.103096e+01	5.811108e+01
9.500000e-07	1.723155e-06	1.267040e-09	1.191272e+01	8.263406e+01
9.600000e-07	1.850024e-06	1.648773e-09	1.278980e+01	1.074844e+02
9.700000e-07	1.976168e-06	2.032827e-09	1.366188e+01	1.324739e+02
9.800000e-07	2.101718e-06	2.415693e-09	1.452984e+01	1.573968e+02
9.900000e-07	2.226618e-06	2.792818e-09	1.539332e+01	1.820441e+02
1.000000e-06	2.350776e-06	3.160191e-09	1.625166e+01	2.062183e+02
1.010000e-06	2.474049e-06	3.517777e-09	1.710389e+01	2.297468e+02
1.020000e-06	2.596267e-06	3.863058e-09	1.794882e+01	2.524932e+02
1.030000e-06	2.717466e-06	4.194692e-09	1.878671e+01	2.743630e+02
1.040000e-06	2.837668e-06	4.511925e-09	1.961770e+01	2.953051e+02
1.050000e-06	2.956814e-06	4.814751e-09	2.044140e+01	3.153077e+02
1.060000e-06	3.074903e-06	5.105165e-09	2.125778e+01	3.343909e+02
1.070000e-06	3.191916e-06	5.384511e-09	2.206673e+01	3.525961e+02
1.080000e-06	3.307691e-06	5.651800e-09	2.286712e+01	3.699753e+02
1.090000e-06	3.422022e-06	5.905802e-09	2.365752e+01	3.865816e+02
1.100000e-06	3.534930e-06	6.146953e-09	2.443809e+01	4.024626e+02
1.110000e-06	3.646574e-06	6.375006e-09	2.520992e+01	4.176563e+02
1.120000e-06	3.756998e-06	6.591686e-09	2.597332e+01	4.321917e+02
1.130000e-06	3.866241e-06	6.800815e-09	2.672855e+01	4.460907e+02
1.140000e-06	3.974339e-06	7.002607e-09	2.747587e+01	4.593724e+02
1.150000e-06	4.081026e-06	7.196443e-09	2.821343e+01	4.720570e+02
1.160000e-06	4.186079e-06	7.381022e-09	2.893969e+01	4.841689e+02
1.170000e-06	4.289534e-06	7.556438e-09	2.965491e+01	4.957378e+02
1.180000e-06	4.391518e-06	7.726027e-09	3.035996e+01	5.067982e+02
1.190000e-06	4.492107e-06	7.889019e-09	3.105536e+01	5.173863e+02
1.200000e-06	4.591082e-06	8.043668e-09	3.173961e+01	5.275370e+02
1.210000e-06	4.688274e-06	8.191519e-09	3.241153e+01	5.372799e+02
1.220000e-06	4.783690e-06	8.334648e-09	3.307117e+01	5.466372e+02
1.230000e-06	4.877410e-06	8.473122e-09	3.371908e+01	5.556220e+02
1.240000e-06	4.969575e-06	8.605697e-09	3.435625e+01	5.642392e+02
1.250000e-06	5.059980e-06	8.732945e-09	3.498125e+01	5.724879e+02
1.260000e-06	5.148441e-06	8.854785e-09	3.559281e+01	5.803645e+02
1.270000e-06	5.235027e-06	8.968427e-09	3.619140e+01	5.878663e+02
1.280000e-06	5.319835e-06	9.076139e-09	3.677771e+01	5.949942e+02
1.290000e-06	5.402848e-06	9.181129e-09	3.735160e+01	6.017551e+02
1.300000e-06	5.483838e-06	9.280122e-09	3.791151e+01	6.081623e+02
1.310000e-06	5.562769e-06	9.371606e-09	3.845719e+01	6.142344e+02
1.320000e-06	5.639707e-06	9.457915e-09	3.898909e+01	6.199940e+02
1.330000e-06	5.714444e-06	9.541398e-09	3.950577e+01	6.254652e+02
1.340000e-06	5.786928e-06	9.620898e-09	4.000687e+01	6.306716e+02
1.350000e-06	5.857304e-06	9.696161e-09	4.049340e+01	6.356339e+02
1.360000e-06	5.925660e-06	9.766511e-09	4.096597e+01	6.403700e+02
1.370000e-06	5.991937e-06	9.834046e-09	4.142417e+01	6.448935e+02
1.380000e-06	6.055991e-06	9.901398e-09	4.186699e+01	6.492150e+02
1.390000e-06	6.117953e-06	9.965747e-09	4.229535e+01	6.533419e+02
1.400000e-06	6.177897e-06	1.002740e-08	4.270977e+01	6.572796e+02
1.410000e-06	6.235682e-06	1.008498e-08	4.310925e+01	6.610317e+02
1.420000e-06	6.291258e-06	1.013696e-08	4.349347e+01	6.646005e+02
1.430000e-06	6.344530e-06	1.018609e-08	4.386175e+01	6.679871e+02
1.440000e-06	6.395139e-06	1.023580e-08	4.421163e+01	6.711911e+02
1.450000e-06	6.443125e-06	1.028415e-08	4.454337e+01	6.742113e+02
1.460000e-06	6.488873e-06	1.032836e-08	4.485964e+01	6.770459e+02
1.470000e-06	6.532471e-06	1.036839e-08	4.516104e+01	6.796929e+02
1.480000e-06	6.573693e-06	1.040543e-08	4.544603e+01	6.821510e+02
1.490000e-06	6.612476e-06	1.044083e-08	4.571415e+01	6.844202e+02
1.500000e-06	6.649054e-06	1.047319e-08	4.596703e+01	6.865020e+02
1.510000e-06	6.683399e-06	1.050174e-08	4.620446e+01	6.884000e+02
1.520000e-06	6.715330e-06	1.052595e-08	4.642521e+01	6.901192e+02
1.530000e-06	6.744935e-06	1.054586e-08	4.662988e+01	6.916657e+02
1.540000e-06	6.772201e-06	1.056479e-08	4.681838e+01	6.930458e+02
1.550000e-06	6.796902e-06	1.058306e-08	4.698914e+01	6.942657e+02
1.560000e-06	6.819076e-06	1.059771e-08	4.714244e+01	6.953313e+02
1.570000e-06	6.838941e-06	1.060866e-08	4.727977e+01	6.962478e+02
1.580000e-06	6.856399e-06	1.061823e-08	4.740046e+01	6.970205e+02
1.590000e-06	6.871290e-06	1.062862e-08	4.750341e+01	6.976550e+02
1.600000e-06	6.883591e-06	1.063902e-08	4.758845e+01	6.981575e+02
1.610000e-06	6.893188e-06	1.064671e-08	4.765480e+01	6.985348e+02
1.620000e-06	6.900177e-06	1.065120e-08	4.770312e+01	6.987939e+02
1.630000e-06	6.904823e-06	1.065443e-08	4.773524e+01	6.989410e+02
1.640000e-06	6.907067e-06	1.065806e-08	4.775075e+01	6.989803e+02
1.650000e-06	6.906801e-06	1.065852e-08	4.774891e+01	6.989132e+02
1.660000e-06	6.904243e-06	1.065129e-08	4.773123e+01	6.987373e+02
1.670000e-06	6.899462e-06	1.064210e-08	4.769817e+01	6.984470e+02
1.680000e-06	6.892324e-06	1.063348e-08	4.764883e+01	6.980349e+02
1.690000e-06	6.882934e-06	1.062668e-08	4.758391e+01	6.974933e+02
1.700000e-06	6.871304e-06	1.062028e-08	4.750351e+01	6.968170e+02
1.710000e-06	6.857267e-06	1.061680e-08	4.740647e+01	6.960061e+02
1.720000e-06	6.840957e-06	1.060901e-08	4.729371e+01	6.950674e+02
1.730000e-06	6.822560e-06	1.055067e-08	4.716653e+01	6.940148e+02
1.740000e-06	6.801538e-06	1.050841e-08	4.702119e+01	6.928690e+02
1.750000e-06	6.777225e-06	1.051535e-08	4.685311e+01	6.916539e+02
1.760000e-06	6.749925e-06	1.050015e-08	4.666438e+01	6.903936e+02
1.770000e-06	6.720235e-06	1.050759e-08	4.645912e+01	6.891071e+02
1.780000e-06	6.688614e-06	1.054394e-08	4.624051e+01	6.878048e+02
1.790000e-06	6.655560e-06	1.044924e-08	4.601200e+01	6.864854e+02
1.800000e-06	6.620743e-06	1.041899e-08	4.577130e+01	6.851345e+02
1.810000e-06	6.583399e-06	1.044180e-08	4.551313e+01	6.837261e+02
1.820000e-06	6.543766e-06	1.037472e-08	4.523913e+01	6.822255e+02
1.830000e-06	6.502011e-06	1.042151e-08	4.495047e+01	6.805946e+02
1.840000e-06	6.457950e-06	1.037625e-08	4.464586e+01	6.787967e+02
1.850000e-06	6.411632e-06	1.029343e-08	4.432565e+01	6.768026e+02
1.860000e-06	6.362859e-06	1.028907e-08	4.398846e+01	6.745938e+02
1.870000e-06	6.311764e-06	1.021522e-08	4.363523e+01	6.721652e+02
1.880000e-06	6.258264e-06	1.022265e-08	4.326537e+01	6.695246e+02
1.890000e-06	6.202138e-06	1.018560e-08	4.287735e+01	6.666899e+02
1.900000e-06	6.143652e-06	1.011638e-08	4.247302e+01	6.636857e+02
1.910000e-06	6.082818e-06	1.010588e-08	4.205245e+01	6.605380e+02
1.920000e-06	6.019652e-06	1.000751e-08	4.161577e+01	6.572697e+02
1.930000e-06	5.954338e-06	9.967711e-09	4.116423e+01	6.538970e+02
1.940000e-06	5.886910e-06	9.927290e-09	4.069808e+01	6.504271e+02
1.950000e-06	5.817243e-06	9.866320e-09	4.021645e+01	6.468584e+02
1.960000e-06	5.745168e-06	9.809359e-09	3.971817e+01	6.431814e+02
1.970000e-06	5.670923e-06	9.730608e-09	3.920489e+01	6.393821e+02
1.980000e-06	5.594530e-06	9.709070e-09	3.867676e+01	6.354447e+02
1.990000e-06	5.515883e-06	9.646821e-09	3.813305e+01	6.313553e+02
2.000000e-06	5.435212e-06	9.569079e-09	3.757535e+01	6.271034e+02
2.010000e-06	5.352673e-06	9.491111e-09	3.700473e+01	6.226838e+02
2.020000e-06	5.268309e-06	9.411734e-09	3.642149e+01	6.180960e+02
2.030000e-06	5.181973e-06	9.345660e-09	3.582462e+01	6.133430e+02
2.040000e-06	5.093694e-06	9.274226e-09	3.521432e+01	6.084298e+02
2.050000e-06	5.003709e-06	9.219232e-09	3.459223e+01	6.033608e+02
2.060000e-06	4.912176e-06	9.128546e-09	3.395943e+01	5.981388e+02
2.070000e-06	4.818908e-06	9.028554e-09	3.331464e+01	5.927633e+02
2.080000e-06	4.723789e-06	8.939053e-09	3.265705e+01	5.872310e+02
2.090000e-06	4.627027e-06	8.859272e-09	3.198810e+01	5.815363e+02
2.100000e-06	4.528717e-06	8.779891e-09	3.130846e+01	5.756726e+02
2.110000e-06	4.428852e-06	8.685789e-09	3.061806e+01	5.696336e+02
2.120000e-06	4.327385e-06	8.591826e-09	2.991659e+01	5.634147e+02
2.130000e-06	4.224318e-06	8.491798e-09	2.920405e+01	5.570138e+02
2.140000e-06	4.119666e-06	8.392733e-09	2.848056e+01	5.504306e+02
2.150000e-06	4.013597e-06	8.291006e-09	2.774727e+01	5.436668e+02
2.160000e-06	3.906233e-06	8.186774e-09	2.700503e+01	5.367241e+02
2.170000e-06	3.797513e-06	8.075505e-09	2.625341e+01	5.296028e+02
2.180000e-06	3.687353e-06	7.961805e-09	2.549184e+01	5.223009e+02
2.190000e-06	3.575729e-06	7.849825e-09	2.472015e+01	5.148129e+02
2.200000e-06	3.462759e-06	7.738298e-09	2.393916e+01	5.071300e+02
2.210000e-06	3.348421e-06	7.620512e-09	2.314870e+01	4.992406e+02
2.220000e-06	3.232700e-06	7.488924e-09	2.234868e+01	4.911316e+02
2.230000e-06	3.115648e-06	7.352645e-09	2.153946e+01	4.827902e+02
2.240000e-06	2.997321e-06	7.221007e-09	2.072144e+01	4.742055e+02
2.250000e-06	2.877838e-06	7.095885e-09	1.989541e+01	4.653694e+02
2.260000e-06	2.757245e-06	6.964419e-09	1.906171e+01	4.562777e+02
2.270000e-06	2.635680e-06	6.821232e-09	1.822129e+01	4.469295e+02
2.280000e-06	2.513255e-06	6.672092e-09	1.737493e+01	4.373263e+02
2.290000e-06	2.389931e-06	6.521217e-09	1.652235e+01	4.274707e+02
2.300000e-06	2.265765e-06	6.367191e-09	1.566395e+01	4.173645e+02
2.310000e-06	2.140910e-06	6.212532e-09	1.480079e+01	4.070073e+02
2.320000e-06	2.015356e-06	6.054475e-09	1.393280e+01	3.963952e+02
2.330000e-06	1.889020e-06	5.886197e-09	1.305940e+01	3.855203e+02
2.340000e-06	1.761945e-06	5.711526e-09	1.218088e+01	3.743714e+02
2.350000e-06	1.634253e-06	5.535985e-09	1.129811e+01	3.629342e+02
2.360000e-06	1.506000e-06	5.361075e-09	1.041145e+01	3.511929e+02
2.370000e-06	1.377249e-06	5.180806e-09	9.521357e+00	3.391310e+02
2.380000e-06	1.248076e-06	4.992912e-09	8.628346e+00	3.267330e+02
2.390000e-06	1.118526e-06	4.798959e-09	7.732729e+00	3.139845e+02
2.400000e-06	9.886514e-07	4.599033e-09	6.834861e+00	3.008724e+02
2.410000e-06	8.585224e-07	4.393249e-09	5.935238e+00	2.873849e+02
2.420000e-06	7.281838e-07	4.180025e-09	5.034166e+00	2.735108e+02
2.430000e-06	5.976030e-07	3.959945e-09	4.131419e+00	2.592389e+02
2.440000e-06	4.668099e-07	3.733545e-09	3.227205e+00	2.445569e+02
2.450000e-06	3.358223e-07	3.500650e-09	2.321646e+00	2.294513e+02
2.460000e-06	2.046743e-07	3.263315e-09	1.414979e+00	2.139065e+02
2.470000e-06	7.345605e-08	3.021823e-09	5.078250e-01	1.979039e+02
2.480000e-06	-5.777979e-08	2.775812e-09	-3.994501e-01	1.814218e+02
2.490000e-06	-1.890063e-07	2.518763e-09	-1.306661e+00	1.644340e+02
2.500000e-06	-3.201610e-07	2.246670e-09	-2.213375e+00	1.469098e+02
2.510000e-06	-4.511810e-07	1.963790e-09	-3.119158e+00	1.288130e+02
2.520000e-06	-5.820627e-07	1.674668e-09	-4.023984e+00	1.101033e+02
2.530000e-06	-7.128004e-07	1.380498e-09	-4.927816e+00	9.073770e+01
2.540000e-06	-8.432942e-07	1.076221e-09	-5.829960e+00	7.067424e+01
2.550000e-06	-9.735260e-07	7.623076e-10	-6.730294e+00	4.987751e+01
2.560000e-06	-1.103505e-06	4.370248e-10	-7.628878e+00	2.832553e+01
2.570000e-06	-1.233131e-06	9.866849e-11	-8.525025e+00	6.017581e+00
2.580000e-06	-1.362356e-06	-2.510355e-10	-9.418401e+00	-1.701814e+01
2.590000e-06	-1.491135e-06	-6.123084e-10	-1.030869e+01	-4.071835e+01
2.600000e-06	-1.619419e-06	-9.849428e-10	-1.119556e+01	-6.498122e+01
2.610000e-06	-1.747162e-06	-1.364057e-09	-1.207868e+01	-8.966686e+01
2.620000e-06	-1.874137e-06	-1.742306e-09	-1.295650e+01	-1.146021e+02
2.630000e-06	-2.000232e-06	-2.117764e-09	-1.382824e+01	-1.395896e+02
2.640000e-06	-2.125573e-06	-2.491624e-09	-1.469476e+01	-1.644206e+02
2.650000e-06	-2.250148e-06	-2.863050e-09	-1.555599e+01	-1.888891e+02
2.660000e-06	-2.373816e-06	-3.229048e-09	-1.641094e+01	-2.128067e+02
2.670000e-06	-2.496464e-06	-3.584665e-09	-1.725885e+01	-2.360153e+02
2.680000e-06	-2.618159e-06	-3.928500e-09	-1.810016e+01	-2.583959e+02
2.690000e-06	-2.738980e-06	-4.259456e-09	-1.893544e+01	-2.798728e+02
2.700000e-06	-2.858849e-06	-4.572683e-09	-1.976413e+01	-3.004125e+02
2.710000e-06	-2.977602e-06	-4.869664e-09	-2.058511e+01	-3.200180e+02
2.720000e-06	-3.095160e-06	-5.153783e-09	-2.139782e+01	-3.387199e+02
2.730000e-06	-3.211540e-06	-5.426528e-09	-2.220239e+01	-3.565654e+02
2.740000e-06	-3.326618e-06	-5.689071e-09	-2.299796e+01	-3.736080e+02
2.750000e-06	-3.440270e-06	-5.940874e-09	-2.378368e+01	-3.898990e+02
2.760000e-06	-3.552495e-06	-6.180181e-09	-2.455953e+01	-4.054823e+02
2.770000e-06	-3.663374e-06	-6.408353e-09	-2.532607e+01	-4.203917e+02
2.780000e-06	-3.772977e-06	-6.626884e-09	-2.608379e+01	-4.346529e+02
2.790000e-06	-3.881325e-06	-6.836402e-09	-2.683283e+01	-4.482859e+02
2.800000e-06	-3.988415e-06	-7.036192e-09	-2.757318e+01	-4.613099e+02
2.810000e-06	-4.094171e-06	-7.225818e-09	-2.830430e+01	-4.737467e+02
2.820000e-06	-4.198478e-06	-7.407478e-09	-2.902542e+01	-4.856228e+02
2.830000e-06	-4.301164e-06	-7.582121e-09	-2.973531e+01	-4.969703e+02
2.840000e-06	-4.402217e-06	-7.750235e-09	-3.043393e+01	-5.078247e+02
2.850000e-06	-4.501706e-06	-7.909881e-09	-3.112173e+01	-5.182222e+02
2.860000e-06	-4.599633e-06	-8.061665e-09	-3.179873e+01	-5.281958e+02
2.870000e-06	-4.696026e-06	-8.207727e-09	-3.246512e+01	-5.377722e+02
2.880000e-06	-4.790703e-06	-8.346721e-09	-3.311965e+01	-5.469696e+02
2.890000e-06	-4.883608e-06	-8.478812e-09	-3.376193e+01	-5.557976e+02
2.900000e-06	-4.974842e-06	-8.605445e-09	-3.439266e+01	-5.642581e+02
2.910000e-06	-5.064386e-06	-8.726396e-09	-3.501171e+01	-5.723487e+02
2.920000e-06	-5.152099e-06	-8.842781e-09	-3.561810e+01	-5.800658e+02
2.930000e-06	-5.237773e-06	-8.955895e-09	-3.621039e+01	-5.874078e+02
2.940000e-06	-5.321481e-06	-9.064796e-09	-3.678909e+01	-5.943781e+02
2.950000e-06	-5.403377e-06	-9.166055e-09	-3.735526e+01	-6.009863e+02
2.960000e-06	-5.483387e-06	-9.260448e-09	-3.790840e+01	-6.072482e+02
2.970000e-06	-5.561262e-06	-9.350785e-09	-3.844677e+01	-6.131844e+02
2.980000e-06	-5.636905e-06	-9.437289e-09	-3.896972e+01	-6.188184e+02
2.990000e-06	-5.710450e-06	-9.520504e-09	-3.947815e+01	-6.241742e+02
3.000000e-06	-5.781897e-06	-9.599591e-09	-3.997209e+01	-6.292745e+02
3.010000e-06	-5.851202e-06	-9.672265e-09	-4.045122e+01	-6.341389e+02
3.020000e-06	-5.918380e-06	-9.741554e-09	-4.091564e+01	-6.387833e+02
3.030000e-06	-5.983577e-06	-9.810009e-09	-4.136637e+01	-6.432200e+02
3.040000e-06	-6.046730e-06	-9.877396e-09	-4.180297e+01	-6.474582e+02
3.050000e-06	-6.107660e-06	-9.941763e-09	-4.222419e+01	-6.515044e+02
3.060000e-06	-6.166371e-06	-1.000084e-08	-4.263008e+01	-6.553631e+02
3.070000e-06	-6.222970e-06	-1.005623e-08	-4.302137e+01	-6.590373e+02
3.080000e-06	-6.277349e-06	-1.010997e-08	-4.339731e+01	-6.625289e+02
3.090000e-06	-6.329209e-06	-1.016032e-08	-4.375583e+01	-6.658382e+02
3.100000e-06	-6.378440e-06	-1.020678e-08	-4.409618e+01	-6.689646e+02
3.110000e-06	-6.425133e-06	-1.024943e-08	-4.441899e+01	-6.719064e+02
3.120000e-06	-6.469656e-06	-1.029052e-08	-4.472679e+01	-6.746617e+02
3.130000e-06	-6.512109e-06	-1.032995e-08	-4.502028e+01	-6.772288e+02
3.140000e-06	-6.552443e-06	-1.036638e-08	-4.529912e+01	-6.796067e+02
3.150000e-06	-6.590496e-06	-1.040098e-08	-4.556219e+01	-6.817961e+02
3.160000e-06	-6.626114e-06	-1.043283e-08	-4.580843e+01	-6.837996e+02
3.170000e-06	-6.659412e-06	-1.046272e-08	-4.603863e+01	-6.856212e+02
3.180000e-06	-6.690317e-06	-1.048976e-08	-4.625229e+01	-6.872665e+02
3.190000e-06	-6.718806e-06	-1.051343e-08	-4.644924e+01	-6.887418e+02
3.200000e-06	-6.744901e-06	-1.053335e-08	-4.662964e+01	-6.900534e+02
3.210000e-06	-6.768544e-06	-1.055061e-08	-4.679310e+01	-6.912074e+02
3.220000e-06	-6.789702e-06	-1.056528e-08	-4.693937e+01	-6.922093e+02
3.230000e-06	-6.808452e-06	-1.057941e-08	-4.706899e+01	-6.930645e+02
3.240000e-06	-6.824841e-06	-1.059323e-08	-4.718229e+01	-6.937781e+02
3.250000e-06	-6.838581e-06	-1.060401e-08	-4.727728e+01	-6.943561e+02
3.260000e-06	-6.849593e-06	-1.061062e-08	-4.735342e+01	-6.948050e+02
3.270000e-06	-6.858115e-06	-1.061368e-08	-4.741233e+01	-6.951317e+02
3.280000e-06	-6.864167e-06	-1.061422e-08	-4.745417e+01	-6.953431e+02
3.290000e-06	-6.867766e-06	-1.061336e-08	-4.747905e+01	-6.954445e+02
3.300000e-06	-6.869002e-06	-1.061061e-08	-4.748760e+01	-6.954392e+02
3.310000e-06	-6.867864e-06	-1.061076e-08	-4.747973e+01	-6.953268e+02
