1.439412e+02
1.413456e+02
1.400610e+02
1.420198e+02
1.408567e+02
1.438105e+02
1.375615e+02
1.400032e+02
1.412851e+02
1.435487e+02
1.403492e+02
1.421538e+02
1.410193e+02
1.426020e+02
1.462320e+02
1.428085e+02
1.404390e+02
1.423687e+02
1.443797e+02
1.448667e+02
1.404265e+02
1.416154e+02
1.418847e+02
1.395816e+02
1.442072e+02
1.492612e+02
1.429146e+02
1.453458e+02
1.445834e+02
1.424625e+02
1.376313e+02
1.436805e+02
1.430186e+02
1.452041e+02
1.422949e+02
1.415942e+02
1.424615e+02
1.435625e+02
1.430967e+02
1.445305e+02
1.423357e+02
1.426329e+02
1.414613e+02
1.438013e+02
1.391513e+02
1.397594e+02
1.434451e+02
1.432589e+02
1.413089e+02
1.462647e+02
1.404817e+02
1.439698e+02
1.436821e+02
1.429595e+02
1.449891e+02
1.418835e+02
1.436858e+02
1.453388e+02
1.429210e+02
1.459644e+02
1.460744e+02
1.456956e+02
1.426631e+02
1.440953e+02
1.413674e+02
1.452700e+02
1.421265e+02
1.414831e+02
1.435547e+02
1.434437e+02
1.439558e+02
1.438852e+02
1.363583e+02
1.448760e+02
1.452677e+02
1.456293e+02
1.415324e+02
1.440566e+02
1.456795e+02
1.401465e+02
1.430574e+02
1.411400e+02
1.429157e+02
1.417644e+02
1.366727e+02
1.430914e+02
1.409256e+02
1.438975e+02
1.431742e+02
1.453535e+02
1.425882e+02
1.484677e+02
1.431006e+02
1.417593e+02
1.433962e+02
1.417897e+02
1.384274e+02
1.420733e+02
1.428099e+02
1.429574e+02
1.408069e+02
1.446000e+02
1.437580e+02
1.440622e+02
1.436271e+02
1.424037e+02
1.460124e+02
1.417562e+02
1.429282e+02
1.418897e+02
1.405559e+02
1.423372e+02
1.442536e+02
1.430988e+02
1.445101e+02
1.453749e+02
1.399922e+02
1.446371e+02
1.448623e+02
1.423832e+02
1.434849e+02
1.448722e+02
1.424120e+02
1.452237e+02
1.412369e+02
1.408361e+02
1.453222e+02
1.434547e+02
1.411512e+02
1.403840e+02
1.468870e+02
1.443980e+02
1.414857e+02
1.464710e+02
1.488168e+02
1.430137e+02
1.423584e+02
1.420505e+02
1.478151e+02
1.429175e+02
1.440044e+02
1.428371e+02
1.398823e+02
1.443507e+02
1.419685e+02
1.429444e+02
1.414929e+02
1.443797e+02
1.416002e+02
1.435500e+02
1.417840e+02
1.426117e+02
1.461175e+02
1.438054e+02
1.412750e+02
1.437385e+02
1.448123e+02
1.429487e+02
1.489003e+02
1.423464e+02
1.410907e+02
1.439928e+02
1.430845e+02
1.455157e+02
1.479799e+02
1.475075e+02
1.449957e+02
1.420610e+02
1.418138e+02
1.426667e+02
1.461989e+02
1.420243e+02
1.451840e+02
1.430403e+02
1.433500e+02
1.411659e+02
1.418847e+02
1.471445e+02
1.432208e+02
1.414580e+02
1.440114e+02
1.426061e+02
1.433818e+02
1.461802e+02
1.428580e+02
1.462057e+02
1.427332e+02
1.461768e+02
1.471097e+02
1.446160e+02
1.437987e+02
1.435827e+02
1.474615e+02
1.450811e+02
1.411681e+02
1.441168e+02
1.458146e+02
1.435726e+02
1.399823e+02
1.429530e+02
1.461371e+02
1.400364e+02
1.422766e+02
1.446795e+02
1.448778e+02
1.438811e+02
1.443310e+02
1.415772e+02
1.445361e+02
1.442195e+02
1.435530e+02
1.419929e+02
1.423581e+02
1.435559e+02
1.458508e+02
1.438121e+02
1.463086e+02
1.451532e+02
1.452870e+02
1.457860e+02
1.457144e+02
1.453202e+02
1.442791e+02
1.436768e+02
1.466556e+02
1.496644e+02
1.532942e+02
1.580699e+02
1.547989e+02
1.584106e+02
1.598384e+02
1.592305e+02
1.739850e+02
1.753311e+02
1.735494e+02
1.720942e+02
1.725126e+02
1.704109e+02
1.773761e+02
1.813639e+02
1.755611e+02
1.777244e+02
1.789684e+02
1.801298e+02
1.806839e+02
1.777304e+02
1.777606e+02
1.799704e+02
1.815878e+02
1.835966e+02
1.841925e+02
1.791409e+02
1.849653e+02
1.796343e+02
1.778637e+02
1.807569e+02
1.799338e+02
1.807769e+02
1.784090e+02
1.794863e+02
1.798905e+02
1.833503e+02
