# Temperatura_=_35.3
# Concentracion g/m^3_=_15000.0
# C_Vs_to_Am_M_A/Vsm_=_65563218390.804596
# pendiente_HvsI_1/m_=_3716.3
# ordenada_HvsI_A/m_=_1297.0
# frecuencia_Hz_=_301964.3698122829

Tiempo_(s)	Campo_(V.s)	Magnetizacion_(V.s)	Campo_(kA/m)	Magnetizacion_(A/m)
0.000000e+00	-6.908673e-06	-1.017280e-08	-4.746735e+01	-6.657427e+02
1.000000e-08	-6.904758e-06	-1.016998e-08	-4.744045e+01	-6.654866e+02
2.000000e-08	-6.898595e-06	-1.016290e-08	-4.739811e+01	-6.650876e+02
3.000000e-08	-6.890262e-06	-1.015950e-08	-4.734086e+01	-6.645518e+02
4.000000e-08	-6.879523e-06	-1.015341e-08	-4.726707e+01	-6.638904e+02
5.000000e-08	-6.866229e-06	-1.014397e-08	-4.717573e+01	-6.631184e+02
6.000000e-08	-6.850476e-06	-1.012320e-08	-4.706750e+01	-6.622539e+02
7.000000e-08	-6.832424e-06	-1.010466e-08	-4.694347e+01	-6.613151e+02
8.000000e-08	-6.812238e-06	-1.014538e-08	-4.680477e+01	-6.603194e+02
9.000000e-08	-6.789516e-06	-1.015575e-08	-4.664866e+01	-6.592806e+02
1.000000e-07	-6.763869e-06	-1.007977e-08	-4.647245e+01	-6.582079e+02
1.100000e-07	-6.735567e-06	-1.003761e-08	-4.627799e+01	-6.571047e+02
1.200000e-07	-6.705061e-06	-1.003020e-08	-4.606839e+01	-6.559681e+02
1.300000e-07	-6.672545e-06	-9.951049e-09	-4.584499e+01	-6.547894e+02
1.400000e-07	-6.638100e-06	-9.933473e-09	-4.560833e+01	-6.535550e+02
1.500000e-07	-6.601732e-06	-1.004952e-08	-4.535845e+01	-6.522473e+02
1.600000e-07	-6.563271e-06	-9.891853e-09	-4.509420e+01	-6.508470e+02
1.700000e-07	-6.522622e-06	-9.875719e-09	-4.481492e+01	-6.493343e+02
1.800000e-07	-6.479478e-06	-9.945540e-09	-4.451848e+01	-6.476907e+02
1.900000e-07	-6.433843e-06	-9.825988e-09	-4.420494e+01	-6.459005e+02
2.000000e-07	-6.385919e-06	-9.902982e-09	-4.387567e+01	-6.439515e+02
2.100000e-07	-6.335284e-06	-9.866302e-09	-4.352777e+01	-6.418357e+02
2.200000e-07	-6.281956e-06	-9.776610e-09	-4.316137e+01	-6.395495e+02
2.300000e-07	-6.226280e-06	-9.726982e-09	-4.277884e+01	-6.370933e+02
2.400000e-07	-6.168213e-06	-9.644742e-09	-4.237988e+01	-6.344708e+02
2.500000e-07	-6.107842e-06	-9.645379e-09	-4.196509e+01	-6.316882e+02
2.600000e-07	-6.045371e-06	-9.613336e-09	-4.153587e+01	-6.287536e+02
2.700000e-07	-5.980643e-06	-9.550151e-09	-4.109115e+01	-6.256757e+02
2.800000e-07	-5.913548e-06	-9.477985e-09	-4.063015e+01	-6.224631e+02
2.900000e-07	-5.844217e-06	-9.428209e-09	-4.015380e+01	-6.191236e+02
3.000000e-07	-5.772809e-06	-9.409372e-09	-3.966318e+01	-6.156637e+02
3.100000e-07	-5.699113e-06	-9.339442e-09	-3.915684e+01	-6.120881e+02
3.200000e-07	-5.623071e-06	-9.318598e-09	-3.863438e+01	-6.083996e+02
3.300000e-07	-5.544827e-06	-9.245153e-09	-3.809679e+01	-6.045990e+02
3.400000e-07	-5.464377e-06	-9.158434e-09	-3.754404e+01	-6.006849e+02
3.500000e-07	-5.381950e-06	-9.117245e-09	-3.697771e+01	-5.966543e+02
3.600000e-07	-5.297766e-06	-9.060366e-09	-3.639931e+01	-5.925026e+02
3.700000e-07	-5.211897e-06	-8.997018e-09	-3.580933e+01	-5.882238e+02
3.800000e-07	-5.124257e-06	-8.898936e-09	-3.520718e+01	-5.838111e+02
3.900000e-07	-5.034700e-06	-8.832852e-09	-3.459186e+01	-5.792575e+02
4.000000e-07	-4.943239e-06	-8.771113e-09	-3.396346e+01	-5.745559e+02
4.100000e-07	-4.850114e-06	-8.712649e-09	-3.332363e+01	-5.697000e+02
4.200000e-07	-4.755465e-06	-8.633899e-09	-3.267333e+01	-5.646845e+02
4.300000e-07	-4.659108e-06	-8.537826e-09	-3.201129e+01	-5.595054e+02
4.400000e-07	-4.560936e-06	-8.449376e-09	-3.133678e+01	-5.541603e+02
4.500000e-07	-4.461066e-06	-8.356333e-09	-3.065060e+01	-5.486482e+02
4.600000e-07	-4.359684e-06	-8.284429e-09	-2.995403e+01	-5.429693e+02
4.700000e-07	-4.256914e-06	-8.207006e-09	-2.924793e+01	-5.371248e+02
4.800000e-07	-4.152592e-06	-8.113296e-09	-2.853117e+01	-5.311154e+02
4.900000e-07	-4.046667e-06	-8.005704e-09	-2.780339e+01	-5.249418e+02
5.000000e-07	-3.939226e-06	-7.907173e-09	-2.706520e+01	-5.186031e+02
5.100000e-07	-3.830365e-06	-7.815465e-09	-2.631725e+01	-5.120966e+02
5.200000e-07	-3.720238e-06	-7.718531e-09	-2.556060e+01	-5.054173e+02
5.300000e-07	-3.608795e-06	-7.609396e-09	-2.479491e+01	-4.985580e+02
5.400000e-07	-3.495858e-06	-7.489202e-09	-2.401896e+01	-4.915096e+02
5.500000e-07	-3.381344e-06	-7.373877e-09	-2.323216e+01	-4.842613e+02
5.600000e-07	-3.265339e-06	-7.262742e-09	-2.243513e+01	-4.768018e+02
5.700000e-07	-3.148064e-06	-7.155731e-09	-2.162937e+01	-4.691199e+02
5.800000e-07	-3.029716e-06	-7.036323e-09	-2.081624e+01	-4.612059e+02
5.900000e-07	-2.910326e-06	-6.909057e-09	-1.999595e+01	-4.530515e+02
6.000000e-07	-2.789806e-06	-6.779416e-09	-1.916789e+01	-4.446511e+02
6.100000e-07	-2.668186e-06	-6.652636e-09	-1.833228e+01	-4.360014e+02
6.200000e-07	-2.545575e-06	-6.519058e-09	-1.748985e+01	-4.271012e+02
6.300000e-07	-2.421894e-06	-6.371418e-09	-1.664008e+01	-4.179503e+02
6.400000e-07	-2.297264e-06	-6.218496e-09	-1.578379e+01	-4.085490e+02
6.500000e-07	-2.171937e-06	-6.065391e-09	-1.492270e+01	-3.988963e+02
6.600000e-07	-2.045986e-06	-5.915429e-09	-1.405733e+01	-3.889890e+02
6.700000e-07	-1.919421e-06	-5.766533e-09	-1.318775e+01	-3.788208e+02
6.800000e-07	-1.792203e-06	-5.614268e-09	-1.231367e+01	-3.683815e+02
6.900000e-07	-1.664298e-06	-5.449228e-09	-1.143487e+01	-3.576573e+02
7.000000e-07	-1.535718e-06	-5.276317e-09	-1.055144e+01	-3.466313e+02
7.100000e-07	-1.406571e-06	-5.104326e-09	-9.664111e+00	-3.352849e+02
7.200000e-07	-1.276965e-06	-4.932939e-09	-8.773633e+00	-3.235986e+02
7.300000e-07	-1.146984e-06	-4.751279e-09	-7.880575e+00	-3.115546e+02
7.400000e-07	-1.016628e-06	-4.555955e-09	-6.984937e+00	-2.991376e+02
7.500000e-07	-8.859231e-07	-4.355816e-09	-6.086903e+00	-2.863361e+02
7.600000e-07	-7.548916e-07	-4.153912e-09	-5.186626e+00	-2.731432e+02
7.700000e-07	-6.235526e-07	-3.948771e-09	-4.284236e+00	-2.595556e+02
7.800000e-07	-4.920379e-07	-3.738552e-09	-3.380640e+00	-2.455728e+02
7.900000e-07	-3.603782e-07	-3.522905e-09	-2.476047e+00	-2.311948e+02
8.000000e-07	-2.285727e-07	-3.298933e-09	-1.570452e+00	-2.164197e+02
8.100000e-07	-9.665436e-08	-3.067766e-09	-6.640822e-01	-2.012406e+02
8.200000e-07	3.534783e-08	-2.831463e-09	2.428640e-01	-1.856434e+02
8.300000e-07	1.673840e-07	-2.586605e-09	1.150043e+00	-1.696045e+02
8.400000e-07	2.993905e-07	-2.333144e-09	2.057020e+00	-1.530905e+02
8.500000e-07	4.313164e-07	-2.072456e-09	2.963441e+00	-1.360588e+02
8.600000e-07	5.631301e-07	-1.804238e-09	3.869092e+00	-1.184599e+02
8.700000e-07	6.947763e-07	-1.524175e-09	4.773592e+00	-1.002416e+02
8.800000e-07	8.262096e-07	-1.234236e-09	5.676630e+00	-8.135425e+01
8.900000e-07	9.573168e-07	-9.355825e-10	6.577427e+00	-6.175704e+01
9.000000e-07	1.088066e-06	-6.249243e-10	7.475761e+00	-4.142476e+01
9.100000e-07	1.218522e-06	-3.017116e-10	8.372084e+00	-2.035401e+01
9.200000e-07	1.348592e-06	3.035003e-11	9.265759e+00	1.431551e+00
9.300000e-07	1.478179e-06	3.709014e-10	1.015611e+01	2.387777e+01
9.400000e-07	1.607164e-06	7.207738e-10	1.104233e+01	4.689875e+01
9.500000e-07	1.735423e-06	1.078427e-09	1.192355e+01	7.037813e+01
9.600000e-07	1.862999e-06	1.445420e-09	1.280009e+01	9.417299e+01
9.700000e-07	1.989926e-06	1.817613e-09	1.367217e+01	1.181200e+02
9.800000e-07	2.116164e-06	2.189873e-09	1.453950e+01	1.420434e+02
9.900000e-07	2.241685e-06	2.554622e-09	1.540193e+01	1.657642e+02
1.000000e-06	2.366436e-06	2.908531e-09	1.625905e+01	1.891096e+02
1.010000e-06	2.490383e-06	3.253605e-09	1.711065e+01	2.119218e+02
1.020000e-06	2.613460e-06	3.588182e-09	1.795627e+01	2.340659e+02
1.030000e-06	2.735517e-06	3.914539e-09	1.879489e+01	2.554352e+02
1.040000e-06	2.856465e-06	4.228669e-09	1.962589e+01	2.759542e+02
1.050000e-06	2.976298e-06	4.527876e-09	2.044922e+01	2.955797e+02
1.060000e-06	3.095077e-06	4.811306e-09	2.126531e+01	3.142987e+02
1.070000e-06	3.212845e-06	5.081974e-09	2.207446e+01	3.321242e+02
1.080000e-06	3.329459e-06	5.339209e-09	2.287568e+01	3.490900e+02
1.090000e-06	3.444698e-06	5.581102e-09	2.366745e+01	3.652442e+02
1.100000e-06	3.558471e-06	5.812511e-09	2.444915e+01	3.806423e+02
1.110000e-06	3.670808e-06	6.036596e-09	2.522098e+01	3.953417e+02
1.120000e-06	3.781847e-06	6.252399e-09	2.598390e+01	4.093961e+02
1.130000e-06	3.891701e-06	6.458768e-09	2.673867e+01	4.228525e+02
1.140000e-06	4.000343e-06	6.657712e-09	2.748512e+01	4.357492e+02
1.150000e-06	4.107640e-06	6.848622e-09	2.822232e+01	4.481152e+02
1.160000e-06	4.213436e-06	7.028750e-09	2.894921e+01	4.599713e+02
1.170000e-06	4.317578e-06	7.197168e-09	2.966474e+01	4.713323e+02
1.180000e-06	4.420181e-06	7.358692e-09	3.036969e+01	4.822089e+02
1.190000e-06	4.521359e-06	7.512958e-09	3.106486e+01	4.926108e+02
1.200000e-06	4.620931e-06	7.660875e-09	3.174899e+01	5.025483e+02
1.210000e-06	4.718753e-06	7.804195e-09	3.242109e+01	5.120341e+02
1.220000e-06	4.814761e-06	7.942960e-09	3.308073e+01	5.210839e+02
1.230000e-06	4.909034e-06	8.077679e-09	3.372845e+01	5.297160e+02
1.240000e-06	5.001636e-06	8.209878e-09	3.436469e+01	5.379510e+02
1.250000e-06	5.092580e-06	8.337968e-09	3.498954e+01	5.458099e+02
1.260000e-06	5.181630e-06	8.457078e-09	3.560137e+01	5.533132e+02
1.270000e-06	5.268712e-06	8.566083e-09	3.619969e+01	5.604794e+02
1.280000e-06	5.353993e-06	8.668731e-09	3.678562e+01	5.673243e+02
1.290000e-06	5.437395e-06	8.766484e-09	3.735866e+01	5.738604e+02
1.300000e-06	5.518769e-06	8.856902e-09	3.791775e+01	5.800973e+02
1.310000e-06	5.598115e-06	8.941608e-09	3.846291e+01	5.860424e+02
1.320000e-06	5.675469e-06	9.025114e-09	3.899439e+01	5.917023e+02
1.330000e-06	5.750704e-06	9.107982e-09	3.951131e+01	5.970837e+02
1.340000e-06	5.823671e-06	9.186561e-09	4.001264e+01	6.021951e+02
1.350000e-06	5.894431e-06	9.261240e-09	4.049881e+01	6.070472e+02
1.360000e-06	5.963190e-06	9.330819e-09	4.097123e+01	6.116534e+02
1.370000e-06	6.029858e-06	9.396532e-09	4.142929e+01	6.160298e+02
1.380000e-06	6.094292e-06	9.460876e-09	4.187199e+01	6.201938e+02
1.390000e-06	6.156632e-06	9.522625e-09	4.230031e+01	6.241633e+02
1.400000e-06	6.216974e-06	9.581558e-09	4.271490e+01	6.279549e+02
1.410000e-06	6.275136e-06	9.636491e-09	4.311451e+01	6.315824e+02
1.420000e-06	6.331019e-06	9.688678e-09	4.349847e+01	6.350552e+02
1.430000e-06	6.384605e-06	9.740307e-09	4.386664e+01	6.383777e+02
1.440000e-06	6.435614e-06	9.790032e-09	4.421711e+01	6.415490e+02
1.450000e-06	6.484002e-06	9.836738e-09	4.454957e+01	6.445634e+02
1.460000e-06	6.530042e-06	9.878464e-09	4.486590e+01	6.474113e+02
1.470000e-06	6.573930e-06	9.917205e-09	4.516744e+01	6.500815e+02
1.480000e-06	6.615458e-06	9.953871e-09	4.545276e+01	6.525624e+02
1.490000e-06	6.654470e-06	9.987921e-09	4.572080e+01	6.548446e+02
1.500000e-06	6.691255e-06	1.001796e-08	4.597354e+01	6.569224e+02
1.510000e-06	6.725740e-06	1.004327e-08	4.621047e+01	6.587948e+02
1.520000e-06	6.757746e-06	1.006715e-08	4.643038e+01	6.604665e+02
1.530000e-06	6.787410e-06	1.008974e-08	4.663419e+01	6.619472e+02
1.540000e-06	6.814784e-06	1.011120e-08	4.682227e+01	6.632511e+02
1.550000e-06	6.839587e-06	1.013035e-08	4.699268e+01	6.643949e+02
1.560000e-06	6.861804e-06	1.014550e-08	4.714533e+01	6.653960e+02
1.570000e-06	6.881753e-06	1.015756e-08	4.728239e+01	6.662709e+02
1.580000e-06	6.899263e-06	1.016889e-08	4.740270e+01	6.670325e+02
1.590000e-06	6.914203e-06	1.017867e-08	4.750535e+01	6.676898e+02
1.600000e-06	6.926612e-06	1.018652e-08	4.759061e+01	6.682463e+02
1.610000e-06	6.936222e-06	1.019224e-08	4.765663e+01	6.687005e+02
1.620000e-06	6.943157e-06	1.019550e-08	4.770428e+01	6.690467e+02
1.630000e-06	6.947786e-06	1.019791e-08	4.773608e+01	6.692762e+02
1.640000e-06	6.949921e-06	1.020112e-08	4.775075e+01	6.693790e+02
1.650000e-06	6.949556e-06	1.020531e-08	4.774824e+01	6.693461e+02
1.660000e-06	6.947015e-06	1.019746e-08	4.773078e+01	6.691714e+02
1.670000e-06	6.942273e-06	1.019217e-08	4.769821e+01	6.688528e+02
1.680000e-06	6.935148e-06	1.018435e-08	4.764925e+01	6.683932e+02
1.690000e-06	6.925711e-06	1.017326e-08	4.758441e+01	6.678011e+02
1.700000e-06	6.914008e-06	1.016463e-08	4.750400e+01	6.670893e+02
1.710000e-06	6.899845e-06	1.015859e-08	4.740669e+01	6.662745e+02
1.720000e-06	6.883379e-06	1.015801e-08	4.729356e+01	6.653750e+02
1.730000e-06	6.864876e-06	1.007871e-08	4.716643e+01	6.644090e+02
1.740000e-06	6.843729e-06	1.003041e-08	4.702114e+01	6.633925e+02
1.750000e-06	6.819159e-06	1.008060e-08	4.685233e+01	6.623375e+02
1.760000e-06	6.791544e-06	1.006946e-08	4.666259e+01	6.612507e+02
1.770000e-06	6.761564e-06	1.004938e-08	4.645661e+01	6.601330e+02
1.780000e-06	6.729803e-06	1.013098e-08	4.623839e+01	6.589789e+02
1.790000e-06	6.696714e-06	1.000497e-08	4.601105e+01	6.577773e+02
1.800000e-06	6.661710e-06	9.951492e-09	4.577054e+01	6.565129e+02
1.810000e-06	6.623972e-06	1.007708e-08	4.551126e+01	6.551670e+02
1.820000e-06	6.584054e-06	9.934379e-09	4.523699e+01	6.537200e+02
1.830000e-06	6.542092e-06	9.989638e-09	4.494868e+01	6.521525e+02
1.840000e-06	6.497672e-06	9.930387e-09	4.464349e+01	6.504469e+02
1.850000e-06	6.450954e-06	9.765354e-09	4.432250e+01	6.485890e+02
1.860000e-06	6.401804e-06	9.878316e-09	4.398481e+01	6.465683e+02
1.870000e-06	6.350398e-06	9.770258e-09	4.363161e+01	6.443788e+02
1.880000e-06	6.296488e-06	9.827184e-09	4.326121e+01	6.420186e+02
1.890000e-06	6.239867e-06	9.820966e-09	4.287219e+01	6.394896e+02
1.900000e-06	6.181034e-06	9.656877e-09	4.246797e+01	6.367967e+02
1.910000e-06	6.119784e-06	9.686373e-09	4.204714e+01	6.339470e+02
1.920000e-06	6.056192e-06	9.559811e-09	4.161022e+01	6.309490e+02
1.930000e-06	5.990458e-06	9.594415e-09	4.115858e+01	6.278115e+02
1.940000e-06	5.922501e-06	9.561728e-09	4.069167e+01	6.245427e+02
1.950000e-06	5.852263e-06	9.466515e-09	4.020908e+01	6.211500e+02
1.960000e-06	5.779600e-06	9.445678e-09	3.970984e+01	6.176392e+02
1.970000e-06	5.704866e-06	9.296304e-09	3.919636e+01	6.140141e+02
1.980000e-06	5.627872e-06	9.319520e-09	3.866736e+01	6.102766e+02
1.990000e-06	5.548535e-06	9.248101e-09	3.812226e+01	6.064267e+02
2.000000e-06	5.467257e-06	9.188746e-09	3.756383e+01	6.024623e+02
2.010000e-06	5.384247e-06	9.137104e-09	3.699349e+01	5.983796e+02
2.020000e-06	5.299395e-06	9.038974e-09	3.641050e+01	5.941733e+02
2.030000e-06	5.212405e-06	9.002269e-09	3.581282e+01	5.898371e+02
2.040000e-06	5.123547e-06	8.906139e-09	3.520230e+01	5.853640e+02
2.050000e-06	5.033090e-06	8.859608e-09	3.458080e+01	5.807469e+02
2.060000e-06	4.941012e-06	8.759058e-09	3.394816e+01	5.759790e+02
2.070000e-06	4.847107e-06	8.688950e-09	3.330297e+01	5.710543e+02
2.080000e-06	4.751360e-06	8.624985e-09	3.264512e+01	5.659682e+02
2.090000e-06	4.654023e-06	8.567724e-09	3.197635e+01	5.607172e+02
2.100000e-06	4.555200e-06	8.500207e-09	3.129737e+01	5.552997e+02
2.110000e-06	4.454833e-06	8.382762e-09	3.060777e+01	5.497152e+02
2.120000e-06	4.352764e-06	8.287582e-09	2.990649e+01	5.439643e+02
2.130000e-06	4.249042e-06	8.184331e-09	2.919385e+01	5.380481e+02
2.140000e-06	4.143785e-06	8.111697e-09	2.847066e+01	5.319675e+02
2.150000e-06	4.037180e-06	8.024221e-09	2.773821e+01	5.257224e+02
2.160000e-06	3.929219e-06	7.936616e-09	2.699645e+01	5.193113e+02
2.170000e-06	3.819817e-06	7.826537e-09	2.624478e+01	5.127306e+02
2.180000e-06	3.708939e-06	7.716123e-09	2.548297e+01	5.059742e+02
2.190000e-06	3.596576e-06	7.615140e-09	2.471096e+01	4.990342e+02
2.200000e-06	3.482892e-06	7.516834e-09	2.392987e+01	4.919006e+02
2.210000e-06	3.367854e-06	7.406850e-09	2.313948e+01	4.845623e+02
2.220000e-06	3.251309e-06	7.275075e-09	2.233873e+01	4.770079e+02
2.230000e-06	3.133328e-06	7.146877e-09	2.152813e+01	4.692268e+02
2.240000e-06	3.014187e-06	7.020611e-09	2.070954e+01	4.612097e+02
2.250000e-06	2.893893e-06	6.906940e-09	1.988304e+01	4.529495e+02
2.260000e-06	2.772545e-06	6.782145e-09	1.904930e+01	4.444417e+02
2.270000e-06	2.650288e-06	6.654303e-09	1.820930e+01	4.356838e+02
2.280000e-06	2.527128e-06	6.517796e-09	1.736311e+01	4.266752e+02
2.290000e-06	2.402980e-06	6.381440e-09	1.651013e+01	4.174161e+02
2.300000e-06	2.277897e-06	6.242823e-09	1.565072e+01	4.079064e+02
2.310000e-06	2.152121e-06	6.097614e-09	1.478655e+01	3.981443e+02
2.320000e-06	2.025687e-06	5.936657e-09	1.391787e+01	3.881252e+02
2.330000e-06	1.898532e-06	5.765353e-09	1.304423e+01	3.778414e+02
2.340000e-06	1.770640e-06	5.598305e-09	1.216552e+01	3.672810e+02
2.350000e-06	1.642088e-06	5.436972e-09	1.128228e+01	3.564288e+02
2.360000e-06	1.512988e-06	5.277772e-09	1.039527e+01	3.452669e+02
2.370000e-06	1.383460e-06	5.104442e-09	9.505324e+00	3.337763e+02
2.380000e-06	1.253599e-06	4.920907e-09	8.613093e+00	3.219379e+02
2.390000e-06	1.123466e-06	4.731002e-09	7.718983e+00	3.097347e+02
2.400000e-06	9.929756e-07	4.538965e-09	6.822428e+00	2.971532e+02
2.410000e-06	8.621416e-07	4.346802e-09	5.923507e+00	2.841837e+02
2.420000e-06	7.310298e-07	4.145038e-09	5.022679e+00	2.708209e+02
2.430000e-06	5.997074e-07	3.930618e-09	4.120404e+00	2.570630e+02
2.440000e-06	4.681986e-07	3.708023e-09	3.216848e+00	2.429100e+02
2.450000e-06	3.364936e-07	3.483017e-09	2.311943e+00	2.283614e+02
2.460000e-06	2.046677e-07	3.258556e-09	1.406208e+00	2.134135e+02
2.470000e-06	7.274454e-08	3.029904e-09	4.998052e-01	1.980565e+02
2.480000e-06	-5.924152e-08	2.792083e-09	-4.070301e-01	1.822726e+02
2.490000e-06	-1.912259e-07	2.542352e-09	-1.313854e+00	1.660338e+02
2.500000e-06	-3.231365e-07	2.281092e-09	-2.220171e+00	1.493027e+02
2.510000e-06	-4.549245e-07	2.011709e-09	-3.125645e+00	1.320334e+02
2.520000e-06	-5.865645e-07	1.736742e-09	-4.030103e+00	1.141745e+02
2.530000e-06	-7.180386e-07	1.452863e-09	-4.933421e+00	9.567430e+01
2.540000e-06	-8.493090e-07	1.158334e-09	-5.835339e+00	7.648606e+01
2.550000e-06	-9.802721e-07	8.581152e-10	-6.735145e+00	5.657487e+01
2.560000e-06	-1.110855e-06	5.513111e-10	-7.632338e+00	3.592415e+01
2.570000e-06	-1.241074e-06	2.336369e-10	-8.527034e+00	1.454154e+01
2.580000e-06	-1.370949e-06	-9.732628e-11	-9.419365e+00	-7.536545e+00
2.590000e-06	-1.500425e-06	-4.429014e-10	-1.030896e+01	-3.024234e+01
2.600000e-06	-1.629369e-06	-8.000659e-10	-1.119489e+01	-5.347659e+01
2.610000e-06	-1.757719e-06	-1.164723e-09	-1.207674e+01	-7.711093e+01
2.620000e-06	-1.885363e-06	-1.532112e-09	-1.295375e+01	-1.009928e+02
2.630000e-06	-2.012260e-06	-1.897297e-09	-1.382561e+01	-1.249525e+02
2.640000e-06	-2.138521e-06	-2.260458e-09	-1.469311e+01	-1.488118e+02
2.650000e-06	-2.263953e-06	-2.622115e-09	-1.555492e+01	-1.723930e+02
2.660000e-06	-2.388417e-06	-2.976321e-09	-1.641008e+01	-1.955290e+02
2.670000e-06	-2.511930e-06	-3.318152e-09	-1.725869e+01	-2.180708e+02
2.680000e-06	-2.634456e-06	-3.646259e-09	-1.810053e+01	-2.398950e+02
2.690000e-06	-2.756036e-06	-3.962668e-09	-1.893587e+01	-2.609080e+02
2.700000e-06	-2.876606e-06	-4.266714e-09	-1.976427e+01	-2.810485e+02
2.710000e-06	-2.996095e-06	-4.558048e-09	-2.058524e+01	-3.002864e+02
2.720000e-06	-3.114441e-06	-4.839560e-09	-2.139836e+01	-3.186204e+02
2.730000e-06	-3.231489e-06	-5.110394e-09	-2.220256e+01	-3.360733e+02
2.740000e-06	-3.347183e-06	-5.368875e-09	-2.299746e+01	-3.526857e+02
2.750000e-06	-3.461579e-06	-5.613034e-09	-2.378344e+01	-3.685097e+02
2.760000e-06	-3.574652e-06	-5.842593e-09	-2.456033e+01	-3.836023e+02
2.770000e-06	-3.686330e-06	-6.061540e-09	-2.532763e+01	-3.980199e+02
2.780000e-06	-3.796575e-06	-6.270530e-09	-2.608509e+01	-4.118137e+02
2.790000e-06	-3.905479e-06	-6.471920e-09	-2.683334e+01	-4.250270e+02
2.800000e-06	-4.013158e-06	-6.667424e-09	-2.757317e+01	-4.376941e+02
2.810000e-06	-4.119577e-06	-6.857920e-09	-2.830434e+01	-4.498403e+02
2.820000e-06	-4.224561e-06	-7.041120e-09	-2.902565e+01	-4.614836e+02
2.830000e-06	-4.327984e-06	-7.212650e-09	-2.973623e+01	-4.726367e+02
2.840000e-06	-4.429765e-06	-7.373293e-09	-3.043554e+01	-4.833096e+02
2.850000e-06	-4.529888e-06	-7.525610e-09	-3.112345e+01	-4.935119e+02
2.860000e-06	-4.628459e-06	-7.672589e-09	-3.180070e+01	-5.032551e+02
2.870000e-06	-4.725500e-06	-7.812911e-09	-3.246744e+01	-5.125528e+02
2.880000e-06	-4.820928e-06	-7.945363e-09	-3.312310e+01	-5.214221e+02
2.890000e-06	-4.914500e-06	-8.073242e-09	-3.376600e+01	-5.298824e+02
2.900000e-06	-5.006236e-06	-8.196886e-09	-3.439630e+01	-5.379544e+02
2.910000e-06	-5.096265e-06	-8.315886e-09	-3.501486e+01	-5.456594e+02
2.920000e-06	-5.184468e-06	-8.428939e-09	-3.562087e+01	-5.530170e+02
2.930000e-06	-5.270683e-06	-8.536365e-09	-3.621323e+01	-5.600447e+02
2.940000e-06	-5.354896e-06	-8.640944e-09	-3.679183e+01	-5.667568e+02
2.950000e-06	-5.437304e-06	-8.740381e-09	-3.735803e+01	-5.731645e+02
2.960000e-06	-5.517843e-06	-8.833278e-09	-3.791139e+01	-5.792764e+02
2.970000e-06	-5.596220e-06	-8.918785e-09	-3.844989e+01	-5.850994e+02
2.980000e-06	-5.672314e-06	-9.000448e-09	-3.897271e+01	-5.906400e+02
2.990000e-06	-5.746327e-06	-9.079883e-09	-3.948123e+01	-5.959054e+02
3.000000e-06	-5.818360e-06	-9.156722e-09	-3.997615e+01	-6.009051e+02
3.010000e-06	-5.888169e-06	-9.231482e-09	-4.045579e+01	-6.056509e+02
3.020000e-06	-5.955714e-06	-9.301309e-09	-4.091986e+01	-6.101575e+02
3.030000e-06	-6.021235e-06	-9.367038e-09	-4.137004e+01	-6.144415e+02
3.040000e-06	-6.084806e-06	-9.429793e-09	-4.180682e+01	-6.185209e+02
3.050000e-06	-6.146135e-06	-9.488111e-09	-4.222819e+01	-6.224132e+02
3.060000e-06	-6.205133e-06	-9.544466e-09	-4.263354e+01	-6.261339e+02
3.070000e-06	-6.262043e-06	-9.597934e-09	-4.302456e+01	-6.296951e+02
3.080000e-06	-6.316772e-06	-9.650620e-09	-4.340058e+01	-6.331042e+02
3.090000e-06	-6.368998e-06	-9.702315e-09	-4.375941e+01	-6.363632e+02
3.100000e-06	-6.418574e-06	-9.750716e-09	-4.410004e+01	-6.394691e+02
3.110000e-06	-6.465573e-06	-9.796612e-09	-4.442294e+01	-6.424144e+02
3.120000e-06	-6.510364e-06	-9.840081e-09	-4.473069e+01	-6.451885e+02
3.130000e-06	-6.553104e-06	-9.878873e-09	-4.502434e+01	-6.477797e+02
3.140000e-06	-6.593682e-06	-9.914401e-09	-4.530314e+01	-6.501774e+02
3.150000e-06	-6.631911e-06	-9.946161e-09	-4.556581e+01	-6.523733e+02
3.160000e-06	-6.667716e-06	-9.975229e-09	-4.581181e+01	-6.543637e+02
3.170000e-06	-6.701240e-06	-1.000299e-08	-4.604214e+01	-6.561501e+02
3.180000e-06	-6.732350e-06	-1.002996e-08	-4.625589e+01	-6.577394e+02
3.190000e-06	-6.760961e-06	-1.005370e-08	-4.645247e+01	-6.591433e+02
3.200000e-06	-6.787197e-06	-1.007593e-08	-4.663272e+01	-6.603774e+02
3.210000e-06	-6.811058e-06	-1.009710e-08	-4.679667e+01	-6.614588e+02
3.220000e-06	-6.832364e-06	-1.011456e-08	-4.694305e+01	-6.624049e+02
3.230000e-06	-6.851246e-06	-1.012936e-08	-4.707279e+01	-6.632307e+02
3.240000e-06	-6.867793e-06	-1.014089e-08	-4.718648e+01	-6.639477e+02
3.250000e-06	-6.881599e-06	-1.014940e-08	-4.728134e+01	-6.645626e+02
3.260000e-06	-6.892659e-06	-1.015281e-08	-4.735732e+01	-6.650766e+02
3.270000e-06	-6.901316e-06	-1.015462e-08	-4.741680e+01	-6.654864e+02
3.280000e-06	-6.907453e-06	-1.015599e-08	-4.745897e+01	-6.657846e+02
3.290000e-06	-6.911029e-06	-1.015700e-08	-4.748354e+01	-6.659619e+02
3.300000e-06	-6.912290e-06	-1.015663e-08	-4.749220e+01	-6.660084e+02
3.310000e-06	-6.911211e-06	-1.016177e-08	-4.748478e+01	-6.659162e+02
