# Temperatura_=_27.39
# Concentracion g/m^3_=_15000.0
# C_Vs_to_Am_M_A/Vsm_=_65563218390.804596
# pendiente_HvsI_1/m_=_3716.3
# ordenada_HvsI_A/m_=_1297.0
# frecuencia_Hz_=_302361.01234524447

Tiempo_(s)	Campo_(V.s)	Magnetizacion_(V.s)	Campo_(kA/m)	Magnetizacion_(A/m)
0.000000e+00	-8.123309e-06	-8.612532e-09	-5.689643e+01	-5.629076e+02
1.000000e-08	-8.118642e-06	-8.610258e-09	-5.686375e+01	-5.626427e+02
2.000000e-08	-8.111425e-06	-8.604802e-09	-5.681319e+01	-5.622977e+02
3.000000e-08	-8.101446e-06	-8.596513e-09	-5.674330e+01	-5.618835e+02
4.000000e-08	-8.088516e-06	-8.588765e-09	-5.665274e+01	-5.614109e+02
5.000000e-08	-8.072631e-06	-8.580207e-09	-5.654148e+01	-5.608892e+02
6.000000e-08	-8.054153e-06	-8.569996e-09	-5.641205e+01	-5.603250e+02
7.000000e-08	-8.033384e-06	-8.560033e-09	-5.626659e+01	-5.597215e+02
8.000000e-08	-8.009953e-06	-8.556623e-09	-5.610248e+01	-5.590783e+02
9.000000e-08	-7.983403e-06	-8.573633e-09	-5.591652e+01	-5.583913e+02
1.000000e-07	-7.953697e-06	-8.560456e-09	-5.570845e+01	-5.576538e+02
1.100000e-07	-7.921021e-06	-8.520767e-09	-5.547959e+01	-5.568568e+02
1.200000e-07	-7.885441e-06	-8.491578e-09	-5.523038e+01	-5.559910e+02
1.300000e-07	-7.847291e-06	-8.464732e-09	-5.496318e+01	-5.550472e+02
1.400000e-07	-7.806810e-06	-8.448284e-09	-5.467964e+01	-5.540177e+02
1.500000e-07	-7.763891e-06	-8.431659e-09	-5.437903e+01	-5.528966e+02
1.600000e-07	-7.718438e-06	-8.423785e-09	-5.406068e+01	-5.516802e+02
1.700000e-07	-7.670184e-06	-8.402806e-09	-5.372270e+01	-5.503669e+02
1.800000e-07	-7.618988e-06	-8.355340e-09	-5.336412e+01	-5.489568e+02
1.900000e-07	-7.564945e-06	-8.356648e-09	-5.298560e+01	-5.474508e+02
2.000000e-07	-7.508053e-06	-8.318913e-09	-5.258712e+01	-5.458498e+02
2.100000e-07	-7.448421e-06	-8.286995e-09	-5.216945e+01	-5.441547e+02
2.200000e-07	-7.386173e-06	-8.280632e-09	-5.173346e+01	-5.423652e+02
2.300000e-07	-7.321162e-06	-8.231116e-09	-5.127812e+01	-5.404799e+02
2.400000e-07	-7.253315e-06	-8.208068e-09	-5.080291e+01	-5.384966e+02
2.500000e-07	-7.182777e-06	-8.175584e-09	-5.030886e+01	-5.364124e+02
2.600000e-07	-7.109391e-06	-8.147918e-09	-4.979485e+01	-5.342246e+02
2.700000e-07	-7.033081e-06	-8.102155e-09	-4.926037e+01	-5.319309e+02
2.800000e-07	-6.953972e-06	-8.065850e-09	-4.870629e+01	-5.295303e+02
2.900000e-07	-6.872235e-06	-8.026998e-09	-4.813379e+01	-5.270229e+02
3.000000e-07	-6.788208e-06	-7.980769e-09	-4.754526e+01	-5.244104e+02
3.100000e-07	-6.701871e-06	-7.948385e-09	-4.694055e+01	-5.216955e+02
3.200000e-07	-6.613006e-06	-7.898640e-09	-4.631813e+01	-5.188813e+02
3.300000e-07	-6.521675e-06	-7.862369e-09	-4.567844e+01	-5.159710e+02
3.400000e-07	-6.428051e-06	-7.823778e-09	-4.502269e+01	-5.129662e+02
3.500000e-07	-6.332078e-06	-7.774662e-09	-4.435048e+01	-5.098670e+02
3.600000e-07	-6.233732e-06	-7.717119e-09	-4.366165e+01	-5.066712e+02
3.700000e-07	-6.133187e-06	-7.662173e-09	-4.295743e+01	-5.033741e+02
3.800000e-07	-6.030455e-06	-7.613457e-09	-4.223788e+01	-4.999687e+02
3.900000e-07	-5.925498e-06	-7.563384e-09	-4.150275e+01	-4.964466e+02
4.000000e-07	-5.818459e-06	-7.512341e-09	-4.075304e+01	-4.927983e+02
4.100000e-07	-5.709505e-06	-7.451823e-09	-3.998992e+01	-4.890149e+02
4.200000e-07	-5.598529e-06	-7.392938e-09	-3.921263e+01	-4.850885e+02
4.300000e-07	-5.485353e-06	-7.325821e-09	-3.841994e+01	-4.810131e+02
4.400000e-07	-5.370008e-06	-7.255205e-09	-3.761205e+01	-4.767850e+02
4.500000e-07	-5.252604e-06	-7.188611e-09	-3.678974e+01	-4.724032e+02
4.600000e-07	-5.133305e-06	-7.123168e-09	-3.595416e+01	-4.678681e+02
4.700000e-07	-5.012230e-06	-7.049700e-09	-3.510614e+01	-4.631816e+02
4.800000e-07	-4.889270e-06	-6.976816e-09	-3.424492e+01	-4.583454e+02
4.900000e-07	-4.764499e-06	-6.903960e-09	-3.337100e+01	-4.533599e+02
5.000000e-07	-4.638105e-06	-6.822521e-09	-3.248573e+01	-4.482238e+02
5.100000e-07	-4.510039e-06	-6.738328e-09	-3.158874e+01	-4.429327e+02
5.200000e-07	-4.380265e-06	-6.656352e-09	-3.067980e+01	-4.374793e+02
5.300000e-07	-4.248818e-06	-6.574936e-09	-2.975913e+01	-4.318536e+02
5.400000e-07	-4.115837e-06	-6.483699e-09	-2.882771e+01	-4.260438e+02
5.500000e-07	-3.981345e-06	-6.390215e-09	-2.788572e+01	-4.200374e+02
5.600000e-07	-3.845355e-06	-6.293625e-09	-2.693323e+01	-4.138225e+02
5.700000e-07	-3.707932e-06	-6.188591e-09	-2.597071e+01	-4.073889e+02
5.800000e-07	-3.568880e-06	-6.079658e-09	-2.499678e+01	-4.007295e+02
5.900000e-07	-3.428202e-06	-5.975460e-09	-2.401145e+01	-3.938404e+02
6.000000e-07	-3.286203e-06	-5.871661e-09	-2.301688e+01	-3.867209e+02
6.100000e-07	-3.142973e-06	-5.762191e-09	-2.201368e+01	-3.793725e+02
6.200000e-07	-2.998474e-06	-5.649958e-09	-2.100160e+01	-3.717977e+02
6.300000e-07	-2.852789e-06	-5.535341e-09	-1.998121e+01	-3.639982e+02
6.400000e-07	-2.706123e-06	-5.411610e-09	-1.895394e+01	-3.559732e+02
6.500000e-07	-2.558628e-06	-5.278867e-09	-1.792087e+01	-3.477172e+02
6.600000e-07	-2.410324e-06	-5.146691e-09	-1.688214e+01	-3.392197e+02
6.700000e-07	-2.261211e-06	-5.012012e-09	-1.583774e+01	-3.304644e+02
6.800000e-07	-2.111434e-06	-4.872094e-09	-1.478868e+01	-3.214299e+02
6.900000e-07	-1.960952e-06	-4.730179e-09	-1.373470e+01	-3.120908e+02
7.000000e-07	-1.809716e-06	-4.585040e-09	-1.267543e+01	-3.024205e+02
7.100000e-07	-1.657860e-06	-4.430180e-09	-1.161181e+01	-2.923930e+02
7.200000e-07	-1.505487e-06	-4.267732e-09	-1.054458e+01	-2.819859e+02
7.300000e-07	-1.352617e-06	-4.104282e-09	-9.473861e+00	-2.711824e+02
7.400000e-07	-1.199246e-06	-3.935412e-09	-8.399635e+00	-2.599724e+02
7.500000e-07	-1.045431e-06	-3.758463e-09	-7.322297e+00	-2.483529e+02
7.600000e-07	-8.912027e-07	-3.575068e-09	-6.242068e+00	-2.363268e+02
7.700000e-07	-7.366623e-07	-3.388295e-09	-5.159653e+00	-2.239002e+02
7.800000e-07	-5.818628e-07	-3.194753e-09	-4.075423e+00	-2.110793e+02
7.900000e-07	-4.268769e-07	-2.994271e-09	-2.989886e+00	-1.978663e+02
8.000000e-07	-2.718003e-07	-2.788741e-09	-1.903715e+00	-1.842555e+02
8.100000e-07	-1.165819e-07	-2.574722e-09	-8.165506e-01	-1.702299e+02
8.200000e-07	3.875046e-08	-2.351351e-09	2.714119e-01	-1.557594e+02
8.300000e-07	1.941151e-07	-2.121233e-09	1.359600e+00	-1.408006e+02
8.400000e-07	3.494035e-07	-1.884874e-09	2.447256e+00	-1.252988e+02
8.500000e-07	5.045223e-07	-1.637745e-09	3.533722e+00	-1.091921e+02
8.600000e-07	6.595261e-07	-1.378782e-09	4.619384e+00	-9.241799e+01
8.700000e-07	8.144043e-07	-1.112692e-09	5.704166e+00	-7.492066e+01
8.800000e-07	9.690596e-07	-8.395604e-10	6.787386e+00	-5.665949e+01
8.900000e-07	1.123428e-06	-5.543812e-10	7.868600e+00	-3.761724e+01
9.000000e-07	1.277390e-06	-2.568927e-10	8.946959e+00	-1.780712e+01
9.100000e-07	1.430763e-06	5.330073e-11	1.002120e+01	2.722321e+00
9.200000e-07	1.583563e-06	3.759629e-10	1.109142e+01	2.388491e+01
9.300000e-07	1.735848e-06	7.096822e-10	1.215805e+01	4.555785e+01
9.400000e-07	1.887577e-06	1.048731e-09	1.322077e+01	6.758600e+01
9.500000e-07	2.038611e-06	1.390379e-09	1.427863e+01	8.978917e+01
9.600000e-07	2.188875e-06	1.733207e-09	1.533109e+01	1.119718e+02
9.700000e-07	2.338303e-06	2.072586e-09	1.637769e+01	1.339342e+02
9.800000e-07	2.486733e-06	2.402846e-09	1.741731e+01	1.554844e+02
9.900000e-07	2.634219e-06	2.719673e-09	1.845032e+01	1.764486e+02
1.000000e-06	2.780861e-06	3.024932e-09	1.947741e+01	1.966815e+02
1.010000e-06	2.926482e-06	3.317118e-09	2.049736e+01	2.160718e+02
1.020000e-06	3.070957e-06	3.593248e-09	2.150928e+01	2.345470e+02
1.030000e-06	3.214288e-06	3.854702e-09	2.251318e+01	2.520728e+02
1.040000e-06	3.356377e-06	4.105254e-09	2.350838e+01	2.686507e+02
1.050000e-06	3.497135e-06	4.345787e-09	2.449427e+01	2.843120e+02
1.060000e-06	3.636516e-06	4.572481e-09	2.547051e+01	2.991108e+02
1.070000e-06	3.774554e-06	4.786118e-09	2.643734e+01	3.131150e+02
1.080000e-06	3.911176e-06	4.987709e-09	2.739425e+01	3.263977e+02
1.090000e-06	4.046273e-06	5.178328e-09	2.834048e+01	3.390299e+02
1.100000e-06	4.179879e-06	5.360387e-09	2.927627e+01	3.510741e+02
1.110000e-06	4.311959e-06	5.534001e-09	3.020137e+01	3.625801e+02
1.120000e-06	4.442544e-06	5.700971e-09	3.111600e+01	3.735838e+02
1.130000e-06	4.571670e-06	5.860878e-09	3.202041e+01	3.841075e+02
1.140000e-06	4.699176e-06	6.013403e-09	3.291348e+01	3.941619e+02
1.150000e-06	4.825013e-06	6.158857e-09	3.379485e+01	4.037501e+02
1.160000e-06	4.949187e-06	6.298090e-09	3.466458e+01	4.128719e+02
1.170000e-06	5.071694e-06	6.430241e-09	3.552263e+01	4.215273e+02
1.180000e-06	5.192480e-06	6.553438e-09	3.636863e+01	4.297209e+02
1.190000e-06	5.311347e-06	6.667584e-09	3.720118e+01	4.374635e+02
1.200000e-06	5.428172e-06	6.776065e-09	3.801944e+01	4.447737e+02
1.210000e-06	5.542954e-06	6.881729e-09	3.882338e+01	4.516774e+02
1.220000e-06	5.655660e-06	6.984322e-09	3.961278e+01	4.582063e+02
1.230000e-06	5.766212e-06	7.081839e-09	4.038710e+01	4.643957e+02
1.240000e-06	5.874605e-06	7.172099e-09	4.114630e+01	4.702816e+02
1.250000e-06	5.980938e-06	7.256022e-09	4.189106e+01	4.758981e+02
1.260000e-06	6.085086e-06	7.335293e-09	4.262052e+01	4.812747e+02
1.270000e-06	6.186912e-06	7.411015e-09	4.333372e+01	4.864354e+02
1.280000e-06	6.286497e-06	7.485283e-09	4.403123e+01	4.913973e+02
1.290000e-06	6.383755e-06	7.557646e-09	4.471243e+01	4.961709e+02
1.300000e-06	6.478624e-06	7.626667e-09	4.537690e+01	5.007617e+02
1.310000e-06	6.571193e-06	7.694287e-09	4.602527e+01	5.051708e+02
1.320000e-06	6.661506e-06	7.760371e-09	4.665783e+01	5.093972e+02
1.330000e-06	6.749412e-06	7.822484e-09	4.727352e+01	5.134396e+02
1.340000e-06	6.834880e-06	7.880123e-09	4.787215e+01	5.172974e+02
1.350000e-06	6.917983e-06	7.933956e-09	4.845422e+01	5.209718e+02
1.360000e-06	6.998566e-06	7.984514e-09	4.901862e+01	5.244660e+02
1.370000e-06	7.076549e-06	8.034320e-09	4.956483e+01	5.277848e+02
1.380000e-06	7.151922e-06	8.084446e-09	5.009274e+01	5.309343e+02
1.390000e-06	7.224595e-06	8.131981e-09	5.060175e+01	5.339204e+02
1.400000e-06	7.294683e-06	8.175146e-09	5.109266e+01	5.367482e+02
1.410000e-06	7.362245e-06	8.213951e-09	5.156587e+01	5.394211e+02
1.420000e-06	7.427142e-06	8.249844e-09	5.202041e+01	5.419407e+02
1.430000e-06	7.489434e-06	8.285845e-09	5.245671e+01	5.443064e+02
1.440000e-06	7.549207e-06	8.320047e-09	5.287536e+01	5.465163e+02
1.450000e-06	7.606328e-06	8.349435e-09	5.327545e+01	5.485682e+02
1.460000e-06	7.660677e-06	8.375335e-09	5.365611e+01	5.504602e+02
1.470000e-06	7.712090e-06	8.398317e-09	5.401622e+01	5.521922e+02
1.480000e-06	7.760398e-06	8.420528e-09	5.435457e+01	5.537668e+02
1.490000e-06	7.805762e-06	8.443755e-09	5.467230e+01	5.551894e+02
1.500000e-06	7.848383e-06	8.464408e-09	5.497082e+01	5.564688e+02
1.510000e-06	7.888178e-06	8.481344e-09	5.524956e+01	5.576159e+02
1.520000e-06	7.925173e-06	8.496221e-09	5.550867e+01	5.586437e+02
1.530000e-06	7.959409e-06	8.512094e-09	5.574846e+01	5.595651e+02
1.540000e-06	7.990783e-06	8.526998e-09	5.596821e+01	5.603923e+02
1.550000e-06	8.019339e-06	8.538602e-09	5.616821e+01	5.611351e+02
1.560000e-06	8.045006e-06	8.548134e-09	5.634799e+01	5.618000e+02
1.570000e-06	8.067740e-06	8.555653e-09	5.650722e+01	5.623900e+02
1.580000e-06	8.087676e-06	8.563346e-09	5.664686e+01	5.629042e+02
1.590000e-06	8.104711e-06	8.570270e-09	5.676617e+01	5.633389e+02
1.600000e-06	8.118686e-06	8.576766e-09	5.686405e+01	5.636882e+02
1.610000e-06	8.129511e-06	8.582453e-09	5.693987e+01	5.639458e+02
1.620000e-06	8.137222e-06	8.586347e-09	5.699388e+01	5.641059e+02
1.630000e-06	8.142060e-06	8.589794e-09	5.702777e+01	5.641650e+02
1.640000e-06	8.144021e-06	8.591320e-09	5.704150e+01	5.641223e+02
1.650000e-06	8.143079e-06	8.589593e-09	5.703490e+01	5.639808e+02
1.660000e-06	8.139445e-06	8.583666e-09	5.700945e+01	5.637466e+02
1.670000e-06	8.133118e-06	8.578479e-09	5.696514e+01	5.634287e+02
1.680000e-06	8.124047e-06	8.574190e-09	5.690160e+01	5.630376e+02
1.690000e-06	8.112168e-06	8.569536e-09	5.681840e+01	5.625844e+02
1.700000e-06	8.097431e-06	8.565260e-09	5.671518e+01	5.620790e+02
1.710000e-06	8.080085e-06	8.561695e-09	5.659369e+01	5.615291e+02
1.720000e-06	8.060418e-06	8.553234e-09	5.645594e+01	5.609391e+02
1.730000e-06	8.038212e-06	8.530222e-09	5.630040e+01	5.603101e+02
1.740000e-06	8.012735e-06	8.487942e-09	5.612196e+01	5.596391e+02
1.750000e-06	7.983463e-06	8.489056e-09	5.591694e+01	5.589202e+02
1.760000e-06	7.950746e-06	8.496879e-09	5.568778e+01	5.581452e+02
1.770000e-06	7.915572e-06	8.494352e-09	5.544142e+01	5.573047e+02
1.780000e-06	7.878113e-06	8.491173e-09	5.517906e+01	5.563894e+02
1.790000e-06	7.838332e-06	8.492100e-09	5.490043e+01	5.553910e+02
1.800000e-06	7.796562e-06	8.467955e-09	5.460786e+01	5.543028e+02
1.810000e-06	7.752332e-06	8.408756e-09	5.429807e+01	5.531204e+02
1.820000e-06	7.705240e-06	8.430787e-09	5.396824e+01	5.518414e+02
1.830000e-06	7.655415e-06	8.392333e-09	5.361926e+01	5.504655e+02
1.840000e-06	7.602474e-06	8.388280e-09	5.324845e+01	5.489933e+02
1.850000e-06	7.546525e-06	8.366223e-09	5.285658e+01	5.474258e+02
1.860000e-06	7.487980e-06	8.292512e-09	5.244652e+01	5.457640e+02
1.870000e-06	7.426664e-06	8.305562e-09	5.201707e+01	5.440079e+02
1.880000e-06	7.362566e-06	8.272468e-09	5.156811e+01	5.421567e+02
1.890000e-06	7.295718e-06	8.258975e-09	5.109991e+01	5.402084e+02
1.900000e-06	7.225982e-06	8.211897e-09	5.061147e+01	5.381602e+02
1.910000e-06	7.153320e-06	8.163337e-09	5.010253e+01	5.360094e+02
1.920000e-06	7.077914e-06	8.132368e-09	4.957438e+01	5.337534e+02
1.930000e-06	6.999741e-06	8.094309e-09	4.902686e+01	5.313907e+02
1.940000e-06	6.918883e-06	8.099394e-09	4.846051e+01	5.289210e+02
1.950000e-06	6.835609e-06	8.046381e-09	4.787726e+01	5.263454e+02
1.960000e-06	6.749731e-06	8.001301e-09	4.727576e+01	5.236664e+02
1.970000e-06	6.661217e-06	7.950551e-09	4.665580e+01	5.208870e+02
1.980000e-06	6.570345e-06	7.895027e-09	4.601933e+01	5.180104e+02
1.990000e-06	6.477229e-06	7.860022e-09	4.536713e+01	5.150389e+02
2.000000e-06	6.381796e-06	7.813122e-09	4.469871e+01	5.119732e+02
2.010000e-06	6.284093e-06	7.774659e-09	4.401439e+01	5.088120e+02
2.020000e-06	6.184229e-06	7.715760e-09	4.331493e+01	5.055515e+02
2.030000e-06	6.082000e-06	7.664925e-09	4.259891e+01	5.021853e+02
2.040000e-06	5.977500e-06	7.609981e-09	4.186698e+01	4.987056e+02
2.050000e-06	5.871003e-06	7.558603e-09	4.112107e+01	4.951031e+02
2.060000e-06	5.762561e-06	7.492334e-09	4.036153e+01	4.913687e+02
2.070000e-06	5.652060e-06	7.429296e-09	3.958757e+01	4.874938e+02
2.080000e-06	5.539480e-06	7.380159e-09	3.879905e+01	4.834718e+02
2.090000e-06	5.424839e-06	7.322745e-09	3.799609e+01	4.792982e+02
2.100000e-06	5.308128e-06	7.256492e-09	3.717864e+01	4.749709e+02
2.110000e-06	5.189326e-06	7.184562e-09	3.634654e+01	4.704901e+02
2.120000e-06	5.068558e-06	7.111813e-09	3.550066e+01	4.658572e+02
2.130000e-06	4.946054e-06	7.031940e-09	3.464264e+01	4.610739e+02
2.140000e-06	4.821789e-06	6.965102e-09	3.377227e+01	4.561415e+02
2.150000e-06	4.695772e-06	6.898299e-09	3.288964e+01	4.510592e+02
2.160000e-06	4.567959e-06	6.820833e-09	3.199442e+01	4.458237e+02
2.170000e-06	4.438428e-06	6.729134e-09	3.108717e+01	4.404290e+02
2.180000e-06	4.307330e-06	6.639060e-09	3.016895e+01	4.348658e+02
2.190000e-06	4.174692e-06	6.549261e-09	2.923994e+01	4.291229e+02
2.200000e-06	4.040525e-06	6.457398e-09	2.830023e+01	4.231878e+02
2.210000e-06	3.904778e-06	6.368683e-09	2.734944e+01	4.170483e+02
2.220000e-06	3.767490e-06	6.280313e-09	2.638786e+01	4.106934e+02
2.230000e-06	3.628760e-06	6.183845e-09	2.541618e+01	4.041150e+02
2.240000e-06	3.488663e-06	6.079882e-09	2.443493e+01	3.973078e+02
2.250000e-06	3.347259e-06	5.974962e-09	2.344452e+01	3.902702e+02
2.260000e-06	3.204526e-06	5.864665e-09	2.244481e+01	3.830029e+02
2.270000e-06	3.060454e-06	5.745775e-09	2.143571e+01	3.755084e+02
2.280000e-06	2.915193e-06	5.623515e-09	2.041829e+01	3.677888e+02
2.290000e-06	2.768972e-06	5.505467e-09	1.939415e+01	3.598443e+02
2.300000e-06	2.621872e-06	5.384017e-09	1.836384e+01	3.516714e+02
2.310000e-06	2.473857e-06	5.256517e-09	1.732713e+01	3.432614e+02
2.320000e-06	2.324976e-06	5.124562e-09	1.628435e+01	3.346001e+02
2.330000e-06	2.175323e-06	4.988201e-09	1.523617e+01	3.256677e+02
2.340000e-06	2.025005e-06	4.846570e-09	1.418333e+01	3.164401e+02
2.350000e-06	1.874052e-06	4.704648e-09	1.312604e+01	3.068908e+02
2.360000e-06	1.722452e-06	4.557798e-09	1.206422e+01	2.969934e+02
2.370000e-06	1.570208e-06	4.398851e-09	1.099789e+01	2.867238e+02
2.380000e-06	1.417353e-06	4.232850e-09	9.927277e+00	2.760630e+02
2.390000e-06	1.263980e-06	4.063013e-09	8.853038e+00	2.649986e+02
2.400000e-06	1.110200e-06	3.888478e-09	7.775947e+00	2.535250e+02
2.410000e-06	9.561364e-07	3.707943e-09	6.696871e+00	2.416432e+02
2.420000e-06	8.017911e-07	3.522870e-09	5.615821e+00	2.293585e+02
2.430000e-06	6.471736e-07	3.333806e-09	4.532865e+00	2.166775e+02
2.440000e-06	4.923512e-07	3.135286e-09	3.448475e+00	2.036044e+02
2.450000e-06	3.373182e-07	2.928246e-09	2.362609e+00	1.901367e+02
2.460000e-06	1.821231e-07	2.715728e-09	1.275608e+00	1.762616e+02
2.470000e-06	2.686669e-08	2.492894e-09	1.881769e-01	1.619540e+02
2.480000e-06	-1.284129e-07	2.261095e-09	-8.994161e-01	1.471750e+02
2.490000e-06	-2.836837e-07	2.024603e-09	-1.986948e+00	1.318736e+02
2.500000e-06	-4.388936e-07	1.783720e-09	-3.074053e+00	1.159899e+02
2.510000e-06	-5.939432e-07	1.533314e-09	-4.160035e+00	9.946082e+01
2.520000e-06	-7.487580e-07	1.269627e-09	-5.244373e+00	8.222709e+01
2.530000e-06	-9.033963e-07	9.933278e-10	-6.327474e+00	6.424175e+01
2.540000e-06	-1.057749e-06	7.071867e-10	-7.408572e+00	4.547833e+01
2.550000e-06	-1.211735e-06	4.116268e-10	-8.487105e+00	2.593846e+01
2.560000e-06	-1.365320e-06	1.048043e-10	-9.562831e+00	5.657662e+00
2.570000e-06	-1.518375e-06	-2.116089e-10	-1.063484e+01	-1.529138e+01
2.580000e-06	-1.670815e-06	-5.394249e-10	-1.170254e+01	-3.679864e+01
2.590000e-06	-1.822619e-06	-8.779798e-10	-1.276580e+01	-5.871983e+01
2.600000e-06	-1.973765e-06	-1.220700e-09	-1.382444e+01	-8.088269e+01
2.610000e-06	-2.124159e-06	-1.563063e-09	-1.487781e+01	-1.030959e+02
2.620000e-06	-2.273754e-06	-1.901672e-09	-1.592559e+01	-1.251600e+02
2.630000e-06	-2.422535e-06	-2.233292e-09	-1.696767e+01	-1.468789e+02
2.640000e-06	-2.570431e-06	-2.555916e-09	-1.800354e+01	-1.680710e+02
2.650000e-06	-2.717322e-06	-2.867253e-09	-1.903238e+01	-1.885801e+02
2.660000e-06	-2.863224e-06	-3.165681e-09	-2.005429e+01	-2.082820e+02
2.670000e-06	-3.008045e-06	-3.451001e-09	-2.106864e+01	-2.270903e+02
2.680000e-06	-3.151637e-06	-3.724089e-09	-2.207437e+01	-2.449571e+02
2.690000e-06	-3.294013e-06	-3.983432e-09	-2.307158e+01	-2.618716e+02
2.700000e-06	-3.435140e-06	-4.228302e-09	-2.406005e+01	-2.778554e+02
2.710000e-06	-3.574950e-06	-4.460489e-09	-2.503929e+01	-2.929553e+02
2.720000e-06	-3.713386e-06	-4.682997e-09	-2.600891e+01	-3.072353e+02
2.730000e-06	-3.850351e-06	-4.896612e-09	-2.696823e+01	-3.207676e+02
2.740000e-06	-3.985893e-06	-5.098627e-09	-2.791758e+01	-3.336248e+02
2.750000e-06	-4.120051e-06	-5.288967e-09	-2.885723e+01	-3.458728e+02
2.760000e-06	-4.252771e-06	-5.467998e-09	-2.978681e+01	-3.575665e+02
2.770000e-06	-4.384049e-06	-5.636720e-09	-3.070630e+01	-3.687467e+02
2.780000e-06	-4.513820e-06	-5.798129e-09	-3.161523e+01	-3.794404e+02
2.790000e-06	-4.642034e-06	-5.953084e-09	-3.251325e+01	-3.896620e+02
2.800000e-06	-4.768690e-06	-6.101814e-09	-3.340036e+01	-3.994170e+02
2.810000e-06	-4.893663e-06	-6.241910e-09	-3.427568e+01	-4.087058e+02
2.820000e-06	-5.016802e-06	-6.374560e-09	-3.513816e+01	-4.175279e+02
2.830000e-06	-5.138153e-06	-6.502797e-09	-3.598812e+01	-4.258859e+02
2.840000e-06	-5.257675e-06	-6.624282e-09	-3.682526e+01	-4.337882e+02
2.850000e-06	-5.375142e-06	-6.740701e-09	-3.764801e+01	-4.412505e+02
2.860000e-06	-5.490399e-06	-6.853129e-09	-3.845528e+01	-4.482964e+02
2.870000e-06	-5.603426e-06	-6.958481e-09	-3.924693e+01	-4.549555e+02
2.880000e-06	-5.714258e-06	-7.056709e-09	-4.002321e+01	-4.612624e+02
2.890000e-06	-5.822974e-06	-7.148592e-09	-4.078467e+01	-4.672529e+02
2.900000e-06	-5.929755e-06	-7.236061e-09	-4.153257e+01	-4.729622e+02
2.910000e-06	-6.034538e-06	-7.318441e-09	-4.226648e+01	-4.784218e+02
2.920000e-06	-6.137046e-06	-7.395640e-09	-4.298445e+01	-4.836576e+02
2.930000e-06	-6.237205e-06	-7.472649e-09	-4.368598e+01	-4.886893e+02
2.940000e-06	-6.335129e-06	-7.548772e-09	-4.437185e+01	-4.935296e+02
2.950000e-06	-6.430831e-06	-7.622518e-09	-4.504216e+01	-4.981857e+02
2.960000e-06	-6.524132e-06	-7.691286e-09	-4.569565e+01	-5.026600e+02
2.970000e-06	-6.615063e-06	-7.755739e-09	-4.633253e+01	-5.069522e+02
2.980000e-06	-6.703691e-06	-7.817671e-09	-4.695329e+01	-5.110608e+02
2.990000e-06	-6.789918e-06	-7.877047e-09	-4.755723e+01	-5.149848e+02
3.000000e-06	-6.873676e-06	-7.934107e-09	-4.814388e+01	-5.187248e+02
3.010000e-06	-6.954935e-06	-7.989877e-09	-4.871303e+01	-5.222831e+02
3.020000e-06	-7.033719e-06	-8.044647e-09	-4.926484e+01	-5.256643e+02
3.030000e-06	-7.109914e-06	-8.097353e-09	-4.979852e+01	-5.288739e+02
3.040000e-06	-7.183412e-06	-8.146639e-09	-5.031330e+01	-5.319180e+02
3.050000e-06	-7.254280e-06	-8.190207e-09	-5.080967e+01	-5.348021e+02
3.060000e-06	-7.322564e-06	-8.231583e-09	-5.128794e+01	-5.375305e+02
3.070000e-06	-7.388267e-06	-8.271456e-09	-5.174813e+01	-5.401051e+02
3.080000e-06	-7.451416e-06	-8.308156e-09	-5.219043e+01	-5.425262e+02
3.090000e-06	-7.511883e-06	-8.341474e-09	-5.261394e+01	-5.447924e+02
3.100000e-06	-7.569606e-06	-8.373050e-09	-5.301824e+01	-5.469013e+02
3.110000e-06	-7.624582e-06	-8.403004e-09	-5.340330e+01	-5.488508e+02
3.120000e-06	-7.676585e-06	-8.432218e-09	-5.376753e+01	-5.506402e+02
3.130000e-06	-7.725474e-06	-8.459336e-09	-5.410996e+01	-5.522708e+02
3.140000e-06	-7.771427e-06	-8.484938e-09	-5.443182e+01	-5.537472e+02
3.150000e-06	-7.814862e-06	-8.507937e-09	-5.473604e+01	-5.550769e+02
3.160000e-06	-7.855761e-06	-8.526940e-09	-5.502250e+01	-5.562702e+02
3.170000e-06	-7.893783e-06	-8.542568e-09	-5.528881e+01	-5.573394e+02
3.180000e-06	-7.929002e-06	-8.556935e-09	-5.553549e+01	-5.582977e+02
3.190000e-06	-7.961468e-06	-8.569165e-09	-5.576288e+01	-5.591576e+02
3.200000e-06	-7.990992e-06	-8.580450e-09	-5.596967e+01	-5.599299e+02
3.210000e-06	-8.017616e-06	-8.592372e-09	-5.615615e+01	-5.606224e+02
3.220000e-06	-8.041406e-06	-8.602523e-09	-5.632278e+01	-5.612394e+02
3.230000e-06	-8.062316e-06	-8.609867e-09	-5.646923e+01	-5.617813e+02
3.240000e-06	-8.080425e-06	-8.615041e-09	-5.659607e+01	-5.622453e+02
3.250000e-06	-8.095537e-06	-8.618221e-09	-5.670192e+01	-5.626262e+02
3.260000e-06	-8.107419e-06	-8.618778e-09	-5.678514e+01	-5.629176e+02
3.270000e-06	-8.116294e-06	-8.619326e-09	-5.684730e+01	-5.631134e+02
3.280000e-06	-8.122253e-06	-8.620647e-09	-5.688903e+01	-5.632091e+02
3.290000e-06	-8.125325e-06	-8.620881e-09	-5.691055e+01	-5.632030e+02
3.300000e-06	-8.125587e-06	-8.617539e-09	-5.691239e+01	-5.630965e+02
