# Temperatura_=_41.93
# Concentracion g/m^3_=_15000.0
# C_Vs_to_Am_M_A/Vsm_=_65563218390.804596
# pendiente_HvsI_1/m_=_3716.3
# ordenada_HvsI_A/m_=_1297.0
# frecuencia_Hz_=_302363.6650682164

Tiempo_(s)	Campo_(V.s)	Magnetizacion_(V.s)	Campo_(kA/m)	Magnetizacion_(A/m)
0.000000e+00	-8.122811e-06	-8.813187e-09	-5.689822e+01	-5.763578e+02
1.000000e-08	-8.118459e-06	-8.812824e-09	-5.686773e+01	-5.760852e+02
2.000000e-08	-8.111477e-06	-8.805590e-09	-5.681883e+01	-5.757369e+02
3.000000e-08	-8.101698e-06	-8.795454e-09	-5.675033e+01	-5.753233e+02
4.000000e-08	-8.089016e-06	-8.786621e-09	-5.666150e+01	-5.748532e+02
5.000000e-08	-8.073437e-06	-8.777966e-09	-5.655236e+01	-5.743328e+02
6.000000e-08	-8.055167e-06	-8.766092e-09	-5.642439e+01	-5.737653e+02
7.000000e-08	-8.034543e-06	-8.754088e-09	-5.627992e+01	-5.731500e+02
8.000000e-08	-8.011340e-06	-8.738553e-09	-5.611739e+01	-5.724828e+02
9.000000e-08	-7.985072e-06	-8.768834e-09	-5.593339e+01	-5.717572e+02
1.000000e-07	-7.955632e-06	-8.765375e-09	-5.572717e+01	-5.709648e+02
1.100000e-07	-7.923139e-06	-8.715281e-09	-5.549957e+01	-5.700971e+02
1.200000e-07	-7.887724e-06	-8.687478e-09	-5.525149e+01	-5.691462e+02
1.300000e-07	-7.849751e-06	-8.665510e-09	-5.498550e+01	-5.681062e+02
1.400000e-07	-7.809480e-06	-8.639786e-09	-5.470341e+01	-5.669733e+02
1.500000e-07	-7.766871e-06	-8.599847e-09	-5.440495e+01	-5.657463e+02
1.600000e-07	-7.721677e-06	-8.626054e-09	-5.408838e+01	-5.644260e+02
1.700000e-07	-7.673599e-06	-8.595458e-09	-5.375161e+01	-5.630145e+02
1.800000e-07	-7.622640e-06	-8.517466e-09	-5.339465e+01	-5.615147e+02
1.900000e-07	-7.568781e-06	-8.558383e-09	-5.301738e+01	-5.599286e+02
2.000000e-07	-7.512002e-06	-8.503816e-09	-5.261966e+01	-5.582570e+02
2.100000e-07	-7.452512e-06	-8.461742e-09	-5.220295e+01	-5.564991e+02
2.200000e-07	-7.390483e-06	-8.473586e-09	-5.176844e+01	-5.546517e+02
2.300000e-07	-7.325779e-06	-8.421366e-09	-5.131521e+01	-5.527103e+02
2.400000e-07	-7.258238e-06	-8.400923e-09	-5.084211e+01	-5.506689e+02
2.500000e-07	-7.187925e-06	-8.351680e-09	-5.034958e+01	-5.485217e+02
2.600000e-07	-7.114778e-06	-8.327714e-09	-4.983721e+01	-5.462633e+02
2.700000e-07	-7.038782e-06	-8.275163e-09	-4.930487e+01	-5.438901e+02
2.800000e-07	-6.960017e-06	-8.231791e-09	-4.875314e+01	-5.414005e+02
2.900000e-07	-6.878602e-06	-8.193870e-09	-4.818285e+01	-5.387952e+02
3.000000e-07	-6.794719e-06	-8.150781e-09	-4.759528e+01	-5.360771e+02
3.100000e-07	-6.708428e-06	-8.139537e-09	-4.699083e+01	-5.332504e+02
3.200000e-07	-6.619707e-06	-8.079411e-09	-4.636936e+01	-5.303196e+02
3.300000e-07	-6.528562e-06	-8.034204e-09	-4.573091e+01	-5.272889e+02
3.400000e-07	-6.435110e-06	-7.989060e-09	-4.507631e+01	-5.241607e+02
3.500000e-07	-6.339346e-06	-7.936436e-09	-4.440550e+01	-5.209349e+02
3.600000e-07	-6.241232e-06	-7.879821e-09	-4.371824e+01	-5.176089e+02
3.700000e-07	-6.140864e-06	-7.827423e-09	-4.301519e+01	-5.141770e+02
3.800000e-07	-6.038258e-06	-7.783438e-09	-4.229646e+01	-5.106317e+02
3.900000e-07	-5.933501e-06	-7.722469e-09	-4.156266e+01	-5.069641e+02
4.000000e-07	-5.826710e-06	-7.665790e-09	-4.081461e+01	-5.031651e+02
4.100000e-07	-5.717927e-06	-7.601298e-09	-4.005262e+01	-4.992268e+02
4.200000e-07	-5.607028e-06	-7.542974e-09	-3.927580e+01	-4.951432e+02
4.300000e-07	-5.493946e-06	-7.473259e-09	-3.848369e+01	-4.909109e+02
4.400000e-07	-5.378813e-06	-7.403212e-09	-3.767721e+01	-4.865292e+02
4.500000e-07	-5.261633e-06	-7.338811e-09	-3.685640e+01	-4.819994e+02
4.600000e-07	-5.142473e-06	-7.272313e-09	-3.602171e+01	-4.773243e+02
4.700000e-07	-5.021489e-06	-7.196642e-09	-3.517425e+01	-4.725064e+02
4.800000e-07	-4.898696e-06	-7.118432e-09	-3.431412e+01	-4.675471e+02
4.900000e-07	-4.774092e-06	-7.042701e-09	-3.344129e+01	-4.624448e+02
5.000000e-07	-4.647797e-06	-6.959049e-09	-3.255663e+01	-4.571946e+02
5.100000e-07	-4.519813e-06	-6.875337e-09	-3.166013e+01	-4.517877e+02
5.200000e-07	-4.390172e-06	-6.792174e-09	-3.075203e+01	-4.462118e+02
5.300000e-07	-4.258956e-06	-6.708573e-09	-2.983290e+01	-4.404521e+02
5.400000e-07	-4.126140e-06	-6.612655e-09	-2.890256e+01	-4.344929e+02
5.500000e-07	-3.991743e-06	-6.514397e-09	-2.796114e+01	-4.283189e+02
5.600000e-07	-3.855814e-06	-6.414349e-09	-2.700899e+01	-4.219178e+02
5.700000e-07	-3.718417e-06	-6.313093e-09	-2.604657e+01	-4.152807e+02
5.800000e-07	-3.579525e-06	-6.210475e-09	-2.507366e+01	-4.084037e+02
5.900000e-07	-3.439093e-06	-6.106319e-09	-2.408997e+01	-4.012876e+02
6.000000e-07	-3.297220e-06	-5.995552e-09	-2.309619e+01	-3.939370e+02
6.100000e-07	-3.154092e-06	-5.875395e-09	-2.209361e+01	-3.863588e+02
6.200000e-07	-3.009788e-06	-5.754553e-09	-2.108280e+01	-3.785600e+02
6.300000e-07	-2.864315e-06	-5.632566e-09	-2.006380e+01	-3.705448e+02
6.400000e-07	-2.717798e-06	-5.507419e-09	-1.903748e+01	-3.623131e+02
6.500000e-07	-2.570446e-06	-5.375491e-09	-1.800532e+01	-3.538578e+02
6.600000e-07	-2.422288e-06	-5.241940e-09	-1.696751e+01	-3.451647e+02
6.700000e-07	-2.273294e-06	-5.102901e-09	-1.592384e+01	-3.362120e+02
6.800000e-07	-2.123536e-06	-4.958806e-09	-1.487483e+01	-3.269723e+02
6.900000e-07	-1.973090e-06	-4.812841e-09	-1.382099e+01	-3.174144e+02
7.000000e-07	-1.821963e-06	-4.662230e-09	-1.276239e+01	-3.075068e+02
7.100000e-07	-1.670158e-06	-4.504274e-09	-1.169903e+01	-2.972204e+02
7.200000e-07	-1.517719e-06	-4.339106e-09	-1.063123e+01	-2.865321e+02
7.300000e-07	-1.364728e-06	-4.173319e-09	-9.559573e+00	-2.754264e+02
7.400000e-07	-1.211336e-06	-3.999666e-09	-8.485101e+00	-2.638966e+02
7.500000e-07	-1.057597e-06	-3.815772e-09	-7.408197e+00	-2.519437e+02
7.600000e-07	-9.034968e-07	-3.624205e-09	-6.328765e+00	-2.395744e+02
7.700000e-07	-7.491272e-07	-3.429429e-09	-5.247445e+00	-2.267972e+02
7.800000e-07	-5.945028e-07	-3.230757e-09	-4.164340e+00	-2.136177e+02
7.900000e-07	-4.396310e-07	-3.026143e-09	-3.079503e+00	-2.000339e+02
8.000000e-07	-2.845635e-07	-2.816455e-09	-1.993295e+00	-1.860314e+02
8.100000e-07	-1.293630e-07	-2.596752e-09	-9.061548e-01	-1.715805e+02
8.200000e-07	2.594323e-08	-2.365902e-09	1.817257e-01	-1.566349e+02
8.300000e-07	1.812978e-07	-2.126673e-09	1.269945e+00	-1.411328e+02
8.400000e-07	3.365962e-07	-1.880965e-09	2.357771e+00	-1.250015e+02
8.500000e-07	4.917632e-07	-1.624158e-09	3.444676e+00	-1.081630e+02
8.600000e-07	6.467848e-07	-1.354975e-09	4.530563e+00	-9.054342e+01
8.700000e-07	8.016397e-07	-1.075345e-09	5.615281e+00	-7.208198e+01
8.800000e-07	9.562225e-07	-7.850180e-10	6.698095e+00	-5.274153e+01
8.900000e-07	1.110504e-06	-4.809554e-10	7.778796e+00	-3.251732e+01
9.000000e-07	1.264472e-06	-1.625967e-10	8.857304e+00	-1.144405e+01
9.100000e-07	1.417987e-06	1.675233e-10	9.932638e+00	1.040015e+01
9.200000e-07	1.570980e-06	5.097145e-10	1.100432e+01	3.289340e+01
9.300000e-07	1.723408e-06	8.624574e-10	1.207203e+01	5.587359e+01
9.400000e-07	1.875119e-06	1.219417e-09	1.313473e+01	7.914566e+01
9.500000e-07	2.026098e-06	1.575086e-09	1.419230e+01	1.024921e+02
9.600000e-07	2.176385e-06	1.930240e-09	1.524502e+01	1.256856e+02
9.700000e-07	2.325930e-06	2.281164e-09	1.629254e+01	1.485026e+02
9.800000e-07	2.474566e-06	2.621116e-09	1.733370e+01	1.707368e+02
9.900000e-07	2.622136e-06	2.945404e-09	1.836739e+01	1.922106e+02
1.000000e-06	2.768711e-06	3.254468e-09	1.939411e+01	2.127847e+02
1.010000e-06	2.914395e-06	3.549374e-09	2.041459e+01	2.323629e+02
1.020000e-06	3.058997e-06	3.826302e-09	2.142750e+01	2.508944e+02
1.030000e-06	3.202383e-06	4.086794e-09	2.243187e+01	2.683712e+02
1.040000e-06	3.344523e-06	4.336586e-09	2.342753e+01	2.848228e+02
1.050000e-06	3.485383e-06	4.574464e-09	2.441422e+01	3.003077e+02
1.060000e-06	3.624900e-06	4.798459e-09	2.539150e+01	3.149039e+02
1.070000e-06	3.762993e-06	5.007324e-09	2.635881e+01	3.286988e+02
1.080000e-06	3.899599e-06	5.205304e-09	2.731570e+01	3.417793e+02
1.090000e-06	4.034746e-06	5.395812e-09	2.826237e+01	3.542243e+02
1.100000e-06	4.168536e-06	5.577770e-09	2.919953e+01	3.660990e+02
1.110000e-06	4.300903e-06	5.750354e-09	3.012673e+01	3.774520e+02
1.120000e-06	4.431656e-06	5.914929e-09	3.104262e+01	3.883150e+02
1.130000e-06	4.560773e-06	6.072916e-09	3.194705e+01	3.987048e+02
1.140000e-06	4.688330e-06	6.222121e-09	3.284056e+01	4.086270e+02
1.150000e-06	4.814350e-06	6.363421e-09	3.372329e+01	4.180812e+02
1.160000e-06	4.938724e-06	6.498470e-09	3.459450e+01	4.270652e+02
1.170000e-06	5.061345e-06	6.627320e-09	3.545343e+01	4.355798e+02
1.180000e-06	5.182176e-06	6.750485e-09	3.629982e+01	4.436322e+02
1.190000e-06	5.301145e-06	6.867746e-09	3.713317e+01	4.512376e+02
1.200000e-06	5.418205e-06	6.979474e-09	3.795314e+01	4.584196e+02
1.210000e-06	5.533182e-06	7.084489e-09	3.875853e+01	4.652089e+02
1.220000e-06	5.645941e-06	7.181711e-09	3.954837e+01	4.716411e+02
1.230000e-06	5.756586e-06	7.274786e-09	4.032342e+01	4.777537e+02
1.240000e-06	5.865239e-06	7.364518e-09	4.108450e+01	4.835830e+02
1.250000e-06	5.971772e-06	7.450249e-09	4.183074e+01	4.891616e+02
1.260000e-06	6.076074e-06	7.531122e-09	4.256135e+01	4.945160e+02
1.270000e-06	6.178157e-06	7.607309e-09	4.327642e+01	4.996659e+02
1.280000e-06	6.278020e-06	7.680625e-09	4.397593e+01	5.046238e+02
1.290000e-06	6.375513e-06	7.752610e-09	4.465884e+01	5.093964e+02
1.300000e-06	6.470555e-06	7.823322e-09	4.532458e+01	5.139857e+02
1.310000e-06	6.563274e-06	7.891496e-09	4.597406e+01	5.183911e+02
1.320000e-06	6.653635e-06	7.955121e-09	4.660702e+01	5.226113e+02
1.330000e-06	6.741609e-06	8.014793e-09	4.722325e+01	5.266461e+02
1.340000e-06	6.827219e-06	8.071994e-09	4.782293e+01	5.304969e+02
1.350000e-06	6.910445e-06	8.127035e-09	4.840590e+01	5.341676e+02
1.360000e-06	6.991193e-06	8.179300e-09	4.897152e+01	5.376640e+02
1.370000e-06	7.069433e-06	8.228934e-09	4.951957e+01	5.409930e+02
1.380000e-06	7.145113e-06	8.278120e-09	5.004969e+01	5.441616e+02
1.390000e-06	7.218074e-06	8.326633e-09	5.056077e+01	5.471756e+02
1.400000e-06	7.288379e-06	8.370368e-09	5.105324e+01	5.500386e+02
1.410000e-06	7.356170e-06	8.409268e-09	5.152809e+01	5.527517e+02
1.420000e-06	7.421339e-06	8.445241e-09	5.198459e+01	5.553132e+02
1.430000e-06	7.483856e-06	8.480032e-09	5.242250e+01	5.577192e+02
1.440000e-06	7.543844e-06	8.513170e-09	5.284270e+01	5.599650e+02
1.450000e-06	7.601174e-06	8.544089e-09	5.324429e+01	5.620458e+02
1.460000e-06	7.655778e-06	8.571264e-09	5.362677e+01	5.639589e+02
1.470000e-06	7.707429e-06	8.595370e-09	5.398857e+01	5.657040e+02
1.480000e-06	7.755912e-06	8.618218e-09	5.432819e+01	5.672847e+02
1.490000e-06	7.801515e-06	8.639734e-09	5.464762e+01	5.687084e+02
1.500000e-06	7.844428e-06	8.660820e-09	5.494822e+01	5.699860e+02
1.510000e-06	7.884504e-06	8.678695e-09	5.522894e+01	5.711309e+02
1.520000e-06	7.921760e-06	8.693124e-09	5.548991e+01	5.721579e+02
1.530000e-06	7.956258e-06	8.708197e-09	5.573156e+01	5.730812e+02
1.540000e-06	7.987841e-06	8.722859e-09	5.595279e+01	5.739132e+02
1.550000e-06	8.016615e-06	8.735956e-09	5.615435e+01	5.746630e+02
1.560000e-06	8.042554e-06	8.744659e-09	5.633604e+01	5.753359e+02
1.570000e-06	8.065498e-06	8.750304e-09	5.649675e+01	5.759330e+02
1.580000e-06	8.085646e-06	8.756691e-09	5.663789e+01	5.764518e+02
1.590000e-06	8.102907e-06	8.764027e-09	5.675879e+01	5.768870e+02
1.600000e-06	8.117081e-06	8.772284e-09	5.685808e+01	5.772321e+02
1.610000e-06	8.128127e-06	8.778113e-09	5.693545e+01	5.774806e+02
1.620000e-06	8.136065e-06	8.782007e-09	5.699106e+01	5.776279e+02
1.630000e-06	8.141104e-06	8.783295e-09	5.702636e+01	5.776719e+02
1.640000e-06	8.143266e-06	8.782073e-09	5.704150e+01	5.776143e+02
1.650000e-06	8.142571e-06	8.781083e-09	5.703663e+01	5.774598e+02
1.660000e-06	8.139206e-06	8.774471e-09	5.701306e+01	5.772162e+02
1.670000e-06	8.133094e-06	8.767574e-09	5.697025e+01	5.768934e+02
1.680000e-06	8.124243e-06	8.764751e-09	5.690825e+01	5.765017e+02
1.690000e-06	8.112684e-06	8.764147e-09	5.682728e+01	5.760505e+02
1.700000e-06	8.098255e-06	8.763652e-09	5.672621e+01	5.755472e+02
1.710000e-06	8.081135e-06	8.761148e-09	5.660629e+01	5.749961e+02
1.720000e-06	8.061652e-06	8.751562e-09	5.646982e+01	5.743978e+02
1.730000e-06	8.039705e-06	8.738081e-09	5.631608e+01	5.737494e+02
1.740000e-06	8.014573e-06	8.670424e-09	5.614004e+01	5.730452e+02
1.750000e-06	7.985662e-06	8.669303e-09	5.593753e+01	5.722773e+02
1.760000e-06	7.953263e-06	8.687038e-09	5.571058e+01	5.714371e+02
1.770000e-06	7.918213e-06	8.670914e-09	5.546506e+01	5.705164e+02
1.780000e-06	7.880859e-06	8.661524e-09	5.520341e+01	5.695085e+02
1.790000e-06	7.841245e-06	8.696969e-09	5.492592e+01	5.684087e+02
1.800000e-06	7.799600e-06	8.662759e-09	5.463420e+01	5.672149e+02
1.810000e-06	7.755576e-06	8.588018e-09	5.432583e+01	5.659274e+02
1.820000e-06	7.708737e-06	8.672927e-09	5.399774e+01	5.645478e+02
1.830000e-06	7.659095e-06	8.583712e-09	5.365001e+01	5.630789e+02
1.840000e-06	7.606350e-06	8.579056e-09	5.328054e+01	5.615230e+02
1.850000e-06	7.550628e-06	8.568613e-09	5.289022e+01	5.598817e+02
1.860000e-06	7.492266e-06	8.466985e-09	5.248141e+01	5.581545e+02
1.870000e-06	7.431182e-06	8.504378e-09	5.205353e+01	5.563392e+02
1.880000e-06	7.367343e-06	8.434663e-09	5.160636e+01	5.544316e+02
1.890000e-06	7.300616e-06	8.451517e-09	5.113895e+01	5.524263e+02
1.900000e-06	7.230989e-06	8.409222e-09	5.065123e+01	5.503172e+02
1.910000e-06	7.158542e-06	8.355652e-09	5.014376e+01	5.480987e+02
1.920000e-06	7.083385e-06	8.357852e-09	4.961730e+01	5.457664e+02
1.930000e-06	7.005512e-06	8.283313e-09	4.907182e+01	5.433181e+02
1.940000e-06	6.924895e-06	8.295705e-09	4.850712e+01	5.407535e+02
1.950000e-06	6.841739e-06	8.207807e-09	4.792464e+01	5.380750e+02
1.960000e-06	6.756023e-06	8.165806e-09	4.732422e+01	5.352861e+02
1.970000e-06	6.667726e-06	8.131406e-09	4.670572e+01	5.323917e+02
1.980000e-06	6.577042e-06	8.064220e-09	4.607050e+01	5.293959e+02
1.990000e-06	6.484043e-06	8.051237e-09	4.541907e+01	5.263021e+02
2.000000e-06	6.388781e-06	7.992703e-09	4.475178e+01	5.231110e+02
2.010000e-06	6.291271e-06	7.961464e-09	4.406875e+01	5.198209e+02
2.020000e-06	6.191525e-06	7.880092e-09	4.337005e+01	5.164272e+02
2.030000e-06	6.089545e-06	7.828895e-09	4.265571e+01	5.129231e+02
2.040000e-06	5.985389e-06	7.774041e-09	4.192612e+01	5.092998e+02
2.050000e-06	5.879186e-06	7.724890e-09	4.118220e+01	5.055484e+02
2.060000e-06	5.770975e-06	7.666837e-09	4.042421e+01	5.016603e+02
2.070000e-06	5.660741e-06	7.594892e-09	3.965204e+01	4.976288e+02
2.080000e-06	5.548406e-06	7.542284e-09	3.886517e+01	4.934495e+02
2.090000e-06	5.433927e-06	7.472315e-09	3.806327e+01	4.891207e+02
2.100000e-06	5.317394e-06	7.411910e-09	3.724699e+01	4.846432e+02
2.110000e-06	5.198849e-06	7.340383e-09	3.641661e+01	4.800193e+02
2.120000e-06	5.078316e-06	7.273682e-09	3.557231e+01	4.752518e+02
2.130000e-06	4.955971e-06	7.184583e-09	3.471532e+01	4.703426e+02
2.140000e-06	4.831818e-06	7.109908e-09	3.384566e+01	4.652914e+02
2.150000e-06	4.705908e-06	7.037357e-09	3.296368e+01	4.600945e+02
2.160000e-06	4.578275e-06	6.958973e-09	3.206965e+01	4.547445e+02
2.170000e-06	4.448940e-06	6.867546e-09	3.116369e+01	4.492302e+02
2.180000e-06	4.318020e-06	6.778396e-09	3.024663e+01	4.435376e+02
2.190000e-06	4.185513e-06	6.696374e-09	2.931845e+01	4.376511e+02
2.200000e-06	4.051477e-06	6.606107e-09	2.837956e+01	4.315551e+02
2.210000e-06	3.915971e-06	6.513074e-09	2.743038e+01	4.252360e+02
2.220000e-06	3.778879e-06	6.409266e-09	2.647008e+01	4.186835e+02
2.230000e-06	3.640228e-06	6.300872e-09	2.549887e+01	4.118920e+02
2.240000e-06	3.500252e-06	6.185803e-09	2.451837e+01	4.048606e+02
2.250000e-06	3.358939e-06	6.079467e-09	2.352851e+01	3.975927e+02
2.260000e-06	3.216316e-06	5.973454e-09	2.252947e+01	3.900946e+02
2.270000e-06	3.072422e-06	5.858846e-09	2.152153e+01	3.823735e+02
2.280000e-06	2.927294e-06	5.734326e-09	2.050495e+01	3.744350e+02
2.290000e-06	2.781147e-06	5.611319e-09	1.948123e+01	3.662807e+02
2.300000e-06	2.634093e-06	5.487595e-09	1.845115e+01	3.579062e+02
2.310000e-06	2.486123e-06	5.358818e-09	1.741466e+01	3.492997e+02
2.320000e-06	2.337299e-06	5.224921e-09	1.637218e+01	3.404423e+02
2.330000e-06	2.187699e-06	5.081678e-09	1.532427e+01	3.313082e+02
2.340000e-06	2.037377e-06	4.932628e-09	1.427130e+01	3.218673e+02
2.350000e-06	1.886456e-06	4.783550e-09	1.321414e+01	3.120878e+02
2.360000e-06	1.734927e-06	4.631750e-09	1.215272e+01	3.019393e+02
2.370000e-06	1.582784e-06	4.471218e-09	1.108700e+01	2.913964e+02
2.380000e-06	1.430111e-06	4.303565e-09	1.001756e+01	2.804407e+02
2.390000e-06	1.276886e-06	4.132208e-09	8.944262e+00	2.690622e+02
2.400000e-06	1.123150e-06	3.957368e-09	7.867377e+00	2.572595e+02
2.410000e-06	9.690253e-07	3.775566e-09	6.787775e+00	2.450376e+02
2.420000e-06	8.146155e-07	3.585148e-09	5.706174e+00	2.324048e+02
2.430000e-06	6.600151e-07	3.385923e-09	4.623238e+00	2.193684e+02
2.440000e-06	5.052217e-07	3.176974e-09	3.538949e+00	2.059296e+02
2.450000e-06	3.501983e-07	2.960619e-09	2.453050e+00	1.920789e+02
2.460000e-06	1.950124e-07	2.741386e-09	1.366012e+00	1.777922e+02
2.470000e-06	3.977128e-08	2.514988e-09	2.785876e-01	1.630293e+02
2.480000e-06	-1.154914e-07	2.278382e-09	-8.089877e-01	1.477335e+02
2.490000e-06	-2.707797e-07	2.033025e-09	-1.896742e+00	1.318354e+02
2.500000e-06	-4.260422e-07	1.778142e-09	-2.984317e+00	1.152580e+02
2.510000e-06	-5.811827e-07	1.512907e-09	-4.071037e+00	9.792493e+01
2.520000e-06	-7.361540e-07	1.235928e-09	-5.156571e+00	7.976949e+01
2.530000e-06	-8.908882e-07	9.474929e-10	-6.240444e+00	6.074503e+01
2.540000e-06	-1.045356e-06	6.456214e-10	-7.322454e+00	4.083428e+01
2.550000e-06	-1.199482e-06	3.308656e-10	-8.402066e+00	2.005723e+01
2.560000e-06	-1.353136e-06	5.344816e-12	-9.478372e+00	-1.523741e+00
2.570000e-06	-1.506274e-06	-3.315625e-10	-1.055107e+01	-2.380218e+01
2.580000e-06	-1.658804e-06	-6.812966e-10	-1.161950e+01	-4.662968e+01
2.590000e-06	-1.810635e-06	-1.042403e-09	-1.268303e+01	-6.982191e+01
2.600000e-06	-1.961746e-06	-1.406077e-09	-1.374153e+01	-9.316802e+01
2.610000e-06	-2.112198e-06	-1.767233e-09	-1.479541e+01	-1.164426e+02
2.620000e-06	-2.261936e-06	-2.121907e-09	-1.584428e+01	-1.394193e+02
2.630000e-06	-2.410759e-06	-2.465338e-09	-1.688675e+01	-1.618841e+02
2.640000e-06	-2.558597e-06	-2.796081e-09	-1.792232e+01	-1.836479e+02
2.650000e-06	-2.705512e-06	-3.112946e-09	-1.895142e+01	-2.045571e+02
2.660000e-06	-2.851481e-06	-3.414682e-09	-1.997390e+01	-2.244995e+02
2.670000e-06	-2.996414e-06	-3.699657e-09	-2.098912e+01	-2.434082e+02
2.680000e-06	-3.140126e-06	-3.969628e-09	-2.199578e+01	-2.612604e+02
2.690000e-06	-3.282580e-06	-4.226616e-09	-2.299363e+01	-2.780731e+02
2.700000e-06	-3.423758e-06	-4.470732e-09	-2.398255e+01	-2.938954e+02
2.710000e-06	-3.563589e-06	-4.703376e-09	-2.496203e+01	-3.087996e+02
2.720000e-06	-3.702092e-06	-4.925493e-09	-2.593221e+01	-3.228709e+02
2.730000e-06	-3.839236e-06	-5.135399e-09	-2.689287e+01	-3.361973e+02
2.740000e-06	-3.974918e-06	-5.331772e-09	-2.784328e+01	-3.488613e+02
2.750000e-06	-4.109145e-06	-5.517484e-09	-2.878351e+01	-3.609336e+02
2.760000e-06	-4.241949e-06	-5.693267e-09	-2.971377e+01	-3.724687e+02
2.770000e-06	-4.373311e-06	-5.859293e-09	-3.063393e+01	-3.835044e+02
2.780000e-06	-4.503211e-06	-6.017271e-09	-3.154385e+01	-3.940624e+02
2.790000e-06	-4.631527e-06	-6.167621e-09	-3.244267e+01	-4.041518e+02
2.800000e-06	-4.758197e-06	-6.313467e-09	-3.332996e+01	-4.137738e+02
2.810000e-06	-4.883218e-06	-6.453697e-09	-3.420570e+01	-4.229262e+02
2.820000e-06	-5.006541e-06	-6.586615e-09	-3.506954e+01	-4.316083e+02
2.830000e-06	-5.128106e-06	-6.713267e-09	-3.592107e+01	-4.398249e+02
2.840000e-06	-5.247737e-06	-6.832297e-09	-3.675906e+01	-4.475880e+02
2.850000e-06	-5.365253e-06	-6.944174e-09	-3.758223e+01	-4.549184e+02
2.860000e-06	-5.480655e-06	-7.051155e-09	-3.839059e+01	-4.618444e+02
2.870000e-06	-5.593850e-06	-7.151861e-09	-3.918349e+01	-4.684001e+02
2.880000e-06	-5.704857e-06	-7.247568e-09	-3.996107e+01	-4.746229e+02
2.890000e-06	-5.813844e-06	-7.340390e-09	-4.072450e+01	-4.805498e+02
2.900000e-06	-5.920831e-06	-7.428501e-09	-4.147391e+01	-4.862149e+02
2.910000e-06	-6.025743e-06	-7.512071e-09	-4.220879e+01	-4.916471e+02
2.920000e-06	-6.128389e-06	-7.590769e-09	-4.292780e+01	-4.968685e+02
2.930000e-06	-6.228739e-06	-7.666262e-09	-4.363073e+01	-5.018943e+02
2.940000e-06	-6.326858e-06	-7.740104e-09	-4.431803e+01	-5.067330e+02
2.950000e-06	-6.422702e-06	-7.811765e-09	-4.498939e+01	-5.113881e+02
2.960000e-06	-6.516212e-06	-7.879419e-09	-4.564441e+01	-5.158597e+02
2.970000e-06	-6.607361e-06	-7.943902e-09	-4.628288e+01	-5.201465e+02
2.980000e-06	-6.696186e-06	-8.006911e-09	-4.690507e+01	-5.242478e+02
2.990000e-06	-6.782582e-06	-8.068336e-09	-4.751025e+01	-5.281643e+02
3.000000e-06	-6.866529e-06	-8.128339e-09	-4.809828e+01	-5.318991e+02
3.010000e-06	-6.948148e-06	-8.185935e-09	-4.867001e+01	-5.354573e+02
3.020000e-06	-7.027198e-06	-8.240391e-09	-4.922373e+01	-5.388456e+02
3.030000e-06	-7.103459e-06	-8.291937e-09	-4.975792e+01	-5.420711e+02
3.040000e-06	-7.177090e-06	-8.340444e-09	-5.027369e+01	-5.451401e+02
3.050000e-06	-7.248160e-06	-8.383454e-09	-5.077151e+01	-5.480572e+02
3.060000e-06	-7.316672e-06	-8.424419e-09	-5.125142e+01	-5.508243e+02
3.070000e-06	-7.382628e-06	-8.464398e-09	-5.171343e+01	-5.534406e+02
3.080000e-06	-7.445940e-06	-8.503159e-09	-5.215691e+01	-5.559030e+02
3.090000e-06	-7.506558e-06	-8.540035e-09	-5.258152e+01	-5.582069e+02
3.100000e-06	-7.564535e-06	-8.574783e-09	-5.298764e+01	-5.603475e+02
3.110000e-06	-7.619788e-06	-8.607086e-09	-5.337467e+01	-5.623210e+02
3.120000e-06	-7.672099e-06	-8.635892e-09	-5.374109e+01	-5.641262e+02
3.130000e-06	-7.721268e-06	-8.661498e-09	-5.408552e+01	-5.657653e+02
3.140000e-06	-7.767451e-06	-8.684570e-09	-5.440901e+01	-5.672443e+02
3.150000e-06	-7.811106e-06	-8.704125e-09	-5.471481e+01	-5.685730e+02
3.160000e-06	-7.852216e-06	-8.722592e-09	-5.500277e+01	-5.697640e+02
3.170000e-06	-7.890460e-06	-8.739531e-09	-5.527066e+01	-5.708318e+02
3.180000e-06	-7.925889e-06	-8.754684e-09	-5.551883e+01	-5.717909e+02
3.190000e-06	-7.958581e-06	-8.769307e-09	-5.574783e+01	-5.726546e+02
3.200000e-06	-7.988342e-06	-8.783063e-09	-5.595630e+01	-5.734333e+02
3.210000e-06	-8.015193e-06	-8.795673e-09	-5.614438e+01	-5.741337e+02
3.220000e-06	-8.039229e-06	-8.805814e-09	-5.631275e+01	-5.747583e+02
3.230000e-06	-8.060357e-06	-8.811513e-09	-5.646074e+01	-5.753059e+02
3.240000e-06	-8.078635e-06	-8.815451e-09	-5.658878e+01	-5.757721e+02
3.250000e-06	-8.093951e-06	-8.819825e-09	-5.669606e+01	-5.761504e+02
3.260000e-06	-8.106083e-06	-8.821150e-09	-5.678105e+01	-5.764344e+02
3.270000e-06	-8.115136e-06	-8.820932e-09	-5.684446e+01	-5.766186e+02
3.280000e-06	-8.121225e-06	-8.820965e-09	-5.688711e+01	-5.766999e+02
3.290000e-06	-8.124398e-06	-8.820753e-09	-5.690933e+01	-5.766785e+02
3.300000e-06	-8.124793e-06	-8.817718e-09	-5.691211e+01	-5.765582e+02
