# Temperatura_=_64.81
# Concentracion g/m^3_=_15000.0
# C_Vs_to_Am_M_A/Vsm_=_65563218390.804596
# pendiente_HvsI_1/m_=_3716.3
# ordenada_HvsI_A/m_=_1297.0
# frecuencia_Hz_=_302361.91839875776

Tiempo_(s)	Campo_(V.s)	Magnetizacion_(V.s)	Campo_(kA/m)	Magnetizacion_(A/m)
0.000000e+00	-8.147382e-06	-1.113816e-08	-5.690241e+01	-7.289081e+02
1.000000e-08	-8.142989e-06	-1.113910e-08	-5.687173e+01	-7.285295e+02
2.000000e-08	-8.136000e-06	-1.113305e-08	-5.682291e+01	-7.280372e+02
3.000000e-08	-8.126257e-06	-1.112431e-08	-5.675487e+01	-7.274439e+02
4.000000e-08	-8.113544e-06	-1.111435e-08	-5.666608e+01	-7.267610e+02
5.000000e-08	-8.097817e-06	-1.110151e-08	-5.655624e+01	-7.259973e+02
6.000000e-08	-8.079443e-06	-1.108479e-08	-5.642791e+01	-7.251590e+02
7.000000e-08	-8.058788e-06	-1.106217e-08	-5.628366e+01	-7.242482e+02
8.000000e-08	-8.035550e-06	-1.105454e-08	-5.612136e+01	-7.232645e+02
9.000000e-08	-8.009251e-06	-1.109610e-08	-5.593769e+01	-7.222045e+02
1.000000e-07	-7.979761e-06	-1.107226e-08	-5.573172e+01	-7.210636e+02
1.100000e-07	-7.947198e-06	-1.101007e-08	-5.550430e+01	-7.198362e+02
1.200000e-07	-7.911765e-06	-1.098078e-08	-5.525683e+01	-7.185173e+02
1.300000e-07	-7.873791e-06	-1.095516e-08	-5.499161e+01	-7.171022e+02
1.400000e-07	-7.833413e-06	-1.091164e-08	-5.470961e+01	-7.155872e+02
1.500000e-07	-7.790646e-06	-1.085166e-08	-5.441092e+01	-7.139690e+02
1.600000e-07	-7.745378e-06	-1.089304e-08	-5.409476e+01	-7.122446e+02
1.700000e-07	-7.697263e-06	-1.082305e-08	-5.375872e+01	-7.104100e+02
1.800000e-07	-7.646194e-06	-1.075538e-08	-5.340205e+01	-7.084601e+02
1.900000e-07	-7.592223e-06	-1.082864e-08	-5.302510e+01	-7.063882e+02
2.000000e-07	-7.535355e-06	-1.074843e-08	-5.262793e+01	-7.041859e+02
2.100000e-07	-7.475754e-06	-1.069449e-08	-5.221167e+01	-7.018434e+02
2.200000e-07	-7.413570e-06	-1.066094e-08	-5.177737e+01	-6.993507e+02
2.300000e-07	-7.348704e-06	-1.060664e-08	-5.132433e+01	-6.966982e+02
2.400000e-07	-7.281013e-06	-1.058265e-08	-5.085157e+01	-6.938782e+02
2.500000e-07	-7.210596e-06	-1.051597e-08	-5.035977e+01	-6.908863e+02
2.600000e-07	-7.137344e-06	-1.048623e-08	-4.984817e+01	-6.877218e+02
2.700000e-07	-7.061151e-06	-1.042488e-08	-4.931603e+01	-6.843880e+02
2.800000e-07	-6.982098e-06	-1.036018e-08	-4.876391e+01	-6.808924e+02
2.900000e-07	-6.900372e-06	-1.028922e-08	-4.819312e+01	-6.772451e+02
3.000000e-07	-6.816313e-06	-1.024977e-08	-4.760605e+01	-6.734582e+02
3.100000e-07	-6.729905e-06	-1.022155e-08	-4.700256e+01	-6.695430e+02
3.200000e-07	-6.640961e-06	-1.012924e-08	-4.638136e+01	-6.655093e+02
3.300000e-07	-6.549624e-06	-1.008511e-08	-4.574345e+01	-6.613626e+02
3.400000e-07	-6.455977e-06	-1.003684e-08	-4.508941e+01	-6.571041e+02
3.500000e-07	-6.359960e-06	-9.957025e-09	-4.441882e+01	-6.527294e+02
3.600000e-07	-6.261645e-06	-9.864094e-09	-4.373217e+01	-6.482291e+02
3.700000e-07	-6.161097e-06	-9.794449e-09	-4.302993e+01	-6.435902e+02
3.800000e-07	-6.058309e-06	-9.732842e-09	-4.231204e+01	-6.387972e+02
3.900000e-07	-5.953286e-06	-9.648941e-09	-4.157855e+01	-6.338346e+02
4.000000e-07	-5.846212e-06	-9.581782e-09	-4.083073e+01	-6.286887e+02
4.100000e-07	-5.737142e-06	-9.507221e-09	-4.006897e+01	-6.233492e+02
4.200000e-07	-5.625996e-06	-9.420105e-09	-3.929271e+01	-6.178110e+02
4.300000e-07	-5.512675e-06	-9.308647e-09	-3.850126e+01	-6.120734e+02
4.400000e-07	-5.397155e-06	-9.217032e-09	-3.769446e+01	-6.061407e+02
4.500000e-07	-5.279604e-06	-9.139667e-09	-3.687347e+01	-6.000199e+02
4.600000e-07	-5.160178e-06	-9.051107e-09	-3.603937e+01	-5.937195e+02
4.700000e-07	-5.038898e-06	-8.951044e-09	-3.519234e+01	-5.872464e+02
4.800000e-07	-4.915776e-06	-8.850747e-09	-3.433244e+01	-5.806046e+02
4.900000e-07	-4.790893e-06	-8.746685e-09	-3.346024e+01	-5.737929e+02
5.000000e-07	-4.664360e-06	-8.631581e-09	-3.257651e+01	-5.668044e+02
5.100000e-07	-4.536164e-06	-8.520183e-09	-3.168118e+01	-5.596262e+02
5.200000e-07	-4.406209e-06	-8.405829e-09	-3.077355e+01	-5.522410e+02
5.300000e-07	-4.274583e-06	-8.288985e-09	-2.985426e+01	-5.446283e+02
5.400000e-07	-4.141385e-06	-8.164971e-09	-2.892399e+01	-5.367674e+02
5.500000e-07	-4.006676e-06	-8.043295e-09	-2.798316e+01	-5.286398e+02
5.600000e-07	-3.870448e-06	-7.915671e-09	-2.703173e+01	-5.202317e+02
5.700000e-07	-3.732641e-06	-7.780141e-09	-2.606926e+01	-5.115351e+02
5.800000e-07	-3.593277e-06	-7.642297e-09	-2.509593e+01	-5.025491e+02
5.900000e-07	-3.452393e-06	-7.503960e-09	-2.411198e+01	-4.932787e+02
6.000000e-07	-3.310080e-06	-7.362347e-09	-2.311804e+01	-4.837333e+02
6.100000e-07	-3.166421e-06	-7.211413e-09	-2.211471e+01	-4.739237e+02
6.200000e-07	-3.021588e-06	-7.056393e-09	-2.110318e+01	-4.638592e+02
6.300000e-07	-2.875713e-06	-6.896956e-09	-2.008436e+01	-4.535441e+02
6.400000e-07	-2.728801e-06	-6.735254e-09	-1.905831e+01	-4.429750e+02
6.500000e-07	-2.580981e-06	-6.570023e-09	-1.802592e+01	-4.321392e+02
6.600000e-07	-2.432321e-06	-6.401554e-09	-1.698765e+01	-4.210142e+02
6.700000e-07	-2.282881e-06	-6.225414e-09	-1.594395e+01	-4.095694e+02
6.800000e-07	-2.132755e-06	-6.041228e-09	-1.489545e+01	-3.977681e+02
6.900000e-07	-1.981914e-06	-5.854244e-09	-1.384195e+01	-3.855718e+02
7.000000e-07	-1.830323e-06	-5.661262e-09	-1.278322e+01	-3.729439e+02
7.100000e-07	-1.678044e-06	-5.460284e-09	-1.171969e+01	-3.598543e+02
7.200000e-07	-1.525169e-06	-5.250686e-09	-1.065198e+01	-3.462817e+02
7.300000e-07	-1.371736e-06	-5.039316e-09	-9.580386e+00	-3.322159e+02
7.400000e-07	-1.217800e-06	-4.823543e-09	-8.505277e+00	-3.176568e+02
7.500000e-07	-1.063448e-06	-4.598595e-09	-7.427263e+00	-3.026121e+02
7.600000e-07	-9.087343e-07	-4.361969e-09	-6.346723e+00	-2.870924e+02
7.700000e-07	-7.536918e-07	-4.115715e-09	-5.263885e+00	-2.711057e+02
7.800000e-07	-5.984248e-07	-3.864074e-09	-4.179479e+00	-2.546505e+02
7.900000e-07	-4.429990e-07	-3.607708e-09	-3.093965e+00	-2.377094e+02
8.000000e-07	-2.874135e-07	-3.345016e-09	-2.007334e+00	-2.202450e+02
8.100000e-07	-1.317223e-07	-3.067882e-09	-9.199662e-01	-2.021967e+02
8.200000e-07	2.407142e-08	-2.778525e-09	1.681181e-01	-1.834822e+02
8.300000e-07	1.799082e-07	-2.479613e-09	1.256503e+00	-1.640017e+02
8.400000e-07	3.356521e-07	-2.168508e-09	2.344239e+00	-1.436453e+02
8.500000e-07	4.912484e-07	-1.840463e-09	3.430945e+00	-1.223046e+02
8.600000e-07	6.467223e-07	-1.494166e-09	4.516795e+00	-9.988462e+01
8.700000e-07	8.020910e-07	-1.135360e-09	5.601911e+00	-7.631760e+01
8.800000e-07	9.573007e-07	-7.627769e-10	6.685917e+00	-5.157565e+01
8.900000e-07	1.112253e-06	-3.748287e-10	7.768125e+00	-2.568098e+01
9.000000e-07	1.266814e-06	2.754009e-11	8.847599e+00	1.287419e+00
9.100000e-07	1.420883e-06	4.459827e-10	9.923637e+00	2.919171e+01
9.200000e-07	1.574448e-06	8.817865e-10	1.099616e+01	5.783822e+01
9.300000e-07	1.727432e-06	1.331534e-09	1.206462e+01	8.698558e+01
9.400000e-07	1.879687e-06	1.785091e-09	1.312799e+01	1.163572e+02
9.500000e-07	2.031132e-06	2.235931e-09	1.418570e+01	1.456574e+02
9.600000e-07	2.181780e-06	2.682036e-09	1.523785e+01	1.745886e+02
9.700000e-07	2.331590e-06	3.118050e-09	1.628414e+01	2.028699e+02
9.800000e-07	2.480499e-06	3.536071e-09	1.732414e+01	2.302529e+02
9.900000e-07	2.628523e-06	3.931240e-09	1.835796e+01	2.565350e+02
1.000000e-06	2.775595e-06	4.304346e-09	1.938513e+01	2.815686e+02
1.010000e-06	2.921700e-06	4.658618e-09	2.040555e+01	3.052650e+02
1.020000e-06	3.066788e-06	4.993761e-09	2.141886e+01	3.275935e+02
1.030000e-06	3.210620e-06	5.310907e-09	2.242340e+01	3.485756e+02
1.040000e-06	3.353154e-06	5.610629e-09	2.341888e+01	3.682758e+02
1.050000e-06	3.494427e-06	5.892546e-09	2.440555e+01	3.867897e+02
1.060000e-06	3.634344e-06	6.158938e-09	2.538275e+01	4.042310e+02
1.070000e-06	3.772854e-06	6.412027e-09	2.635012e+01	4.207187e+02
1.080000e-06	3.909935e-06	6.654426e-09	2.730751e+01	4.363662e+02
1.090000e-06	4.045524e-06	6.885497e-09	2.825448e+01	4.512732e+02
1.100000e-06	4.179636e-06	7.102273e-09	2.919114e+01	4.655196e+02
1.110000e-06	4.312335e-06	7.306056e-09	3.011793e+01	4.791645e+02
1.120000e-06	4.443497e-06	7.501058e-09	3.103398e+01	4.922464e+02
1.130000e-06	4.573114e-06	7.688420e-09	3.193924e+01	5.047872e+02
1.140000e-06	4.701139e-06	7.867128e-09	3.283339e+01	5.167969e+02
1.150000e-06	4.827482e-06	8.038796e-09	3.371578e+01	5.282791e+02
1.160000e-06	4.952259e-06	8.205887e-09	3.458724e+01	5.392363e+02
1.170000e-06	5.075336e-06	8.367151e-09	3.544683e+01	5.496747e+02
1.180000e-06	5.196550e-06	8.519978e-09	3.629340e+01	5.596059e+02
1.190000e-06	5.315907e-06	8.664898e-09	3.712701e+01	5.690490e+02
1.200000e-06	5.433313e-06	8.803357e-09	3.794699e+01	5.780291e+02
1.210000e-06	5.548653e-06	8.935061e-09	3.875254e+01	5.865762e+02
1.220000e-06	5.661791e-06	9.060180e-09	3.954271e+01	5.947220e+02
1.230000e-06	5.772699e-06	9.179996e-09	4.031731e+01	6.024974e+02
1.240000e-06	5.881633e-06	9.293838e-09	4.107811e+01	6.099298e+02
1.250000e-06	5.988568e-06	9.401113e-09	4.182497e+01	6.170416e+02
1.260000e-06	6.093217e-06	9.503813e-09	4.255585e+01	6.238492e+02
1.270000e-06	6.195546e-06	9.601591e-09	4.327052e+01	6.303640e+02
1.280000e-06	6.295618e-06	9.694703e-09	4.396944e+01	6.365932e+02
1.290000e-06	6.393333e-06	9.783143e-09	4.465190e+01	6.425420e+02
1.300000e-06	6.488603e-06	9.867958e-09	4.531728e+01	6.482157e+02
1.310000e-06	6.581613e-06	9.950315e-09	4.596687e+01	6.536217e+02
1.320000e-06	6.672357e-06	1.002790e-08	4.660064e+01	6.587708e+02
1.330000e-06	6.760648e-06	1.010092e-08	4.721728e+01	6.636779e+02
1.340000e-06	6.846503e-06	1.017096e-08	4.781690e+01	6.683612e+02
1.350000e-06	6.929996e-06	1.024041e-08	4.840002e+01	6.728409e+02
1.360000e-06	7.011005e-06	1.030781e-08	4.896580e+01	6.771375e+02
1.370000e-06	7.089478e-06	1.037126e-08	4.951387e+01	6.812694e+02
1.380000e-06	7.165366e-06	1.043386e-08	5.004388e+01	6.852505e+02
1.390000e-06	7.238511e-06	1.049520e-08	5.055473e+01	6.890890e+02
1.400000e-06	7.309001e-06	1.055232e-08	5.104704e+01	6.927861e+02
1.410000e-06	7.376945e-06	1.060427e-08	5.152157e+01	6.963363e+02
1.420000e-06	7.442243e-06	1.065235e-08	5.197763e+01	6.997285e+02
1.430000e-06	7.504903e-06	1.069911e-08	5.241525e+01	7.029477e+02
1.440000e-06	7.565077e-06	1.074408e-08	5.283551e+01	7.059778e+02
1.450000e-06	7.622659e-06	1.078523e-08	5.323768e+01	7.088042e+02
1.460000e-06	7.677528e-06	1.082236e-08	5.362088e+01	7.114157e+02
1.470000e-06	7.729392e-06	1.085633e-08	5.398311e+01	7.138072e+02
1.480000e-06	7.777991e-06	1.088879e-08	5.432253e+01	7.159802e+02
1.490000e-06	7.823683e-06	1.091924e-08	5.464165e+01	7.179430e+02
1.500000e-06	7.866681e-06	1.094707e-08	5.494195e+01	7.197096e+02
1.510000e-06	7.906896e-06	1.097112e-08	5.522282e+01	7.212981e+02
1.520000e-06	7.944340e-06	1.099067e-08	5.548434e+01	7.227286e+02
1.530000e-06	7.978959e-06	1.101024e-08	5.572612e+01	7.240204e+02
1.540000e-06	8.010682e-06	1.103029e-08	5.594768e+01	7.251899e+02
1.550000e-06	8.039594e-06	1.104776e-08	5.614960e+01	7.262488e+02
1.560000e-06	8.065621e-06	1.106242e-08	5.633138e+01	7.272033e+02
1.570000e-06	8.088702e-06	1.107601e-08	5.649258e+01	7.280538e+02
1.580000e-06	8.109000e-06	1.108880e-08	5.663435e+01	7.287960e+02
1.590000e-06	8.126449e-06	1.109832e-08	5.675621e+01	7.294216e+02
1.600000e-06	8.140794e-06	1.110414e-08	5.685640e+01	7.299213e+02
1.610000e-06	8.151917e-06	1.110687e-08	5.693408e+01	7.302858e+02
1.620000e-06	8.159901e-06	1.110834e-08	5.698984e+01	7.305082e+02
1.630000e-06	8.165007e-06	1.111035e-08	5.702550e+01	7.305853e+02
1.640000e-06	8.167297e-06	1.111325e-08	5.704150e+01	7.305182e+02
1.650000e-06	8.166655e-06	1.111641e-08	5.703701e+01	7.303122e+02
1.660000e-06	8.163307e-06	1.110925e-08	5.701363e+01	7.299767e+02
1.670000e-06	8.157271e-06	1.110187e-08	5.697148e+01	7.295231e+02
1.680000e-06	8.148478e-06	1.109408e-08	5.691007e+01	7.289640e+02
1.690000e-06	8.136914e-06	1.108391e-08	5.682930e+01	7.283114e+02
1.700000e-06	8.122411e-06	1.107615e-08	5.672801e+01	7.275753e+02
1.710000e-06	8.105237e-06	1.106990e-08	5.660807e+01	7.267627e+02
1.720000e-06	8.085786e-06	1.106692e-08	5.647221e+01	7.258772e+02
1.730000e-06	8.063797e-06	1.102449e-08	5.631864e+01	7.249194e+02
1.740000e-06	8.038581e-06	1.094506e-08	5.614253e+01	7.238866e+02
1.750000e-06	8.009622e-06	1.096153e-08	5.594027e+01	7.227747e+02
1.760000e-06	7.977113e-06	1.097372e-08	5.571323e+01	7.215784e+02
1.770000e-06	7.941987e-06	1.094548e-08	5.546790e+01	7.202922e+02
1.780000e-06	7.904625e-06	1.094647e-08	5.520696e+01	7.189115e+02
1.790000e-06	7.864958e-06	1.099390e-08	5.492993e+01	7.174321e+02
1.800000e-06	7.823230e-06	1.089290e-08	5.463849e+01	7.158506e+02
1.810000e-06	7.779112e-06	1.085171e-08	5.433036e+01	7.141641e+02
1.820000e-06	7.732133e-06	1.094161e-08	5.400225e+01	7.123688e+02
1.830000e-06	7.682380e-06	1.081550e-08	5.365477e+01	7.104604e+02
1.840000e-06	7.629510e-06	1.083297e-08	5.328552e+01	7.084325e+02
1.850000e-06	7.573611e-06	1.076841e-08	5.289512e+01	7.062773e+02
1.860000e-06	7.515058e-06	1.072029e-08	5.248617e+01	7.039856e+02
1.870000e-06	7.453745e-06	1.075562e-08	5.205795e+01	7.015472e+02
1.880000e-06	7.389692e-06	1.064944e-08	5.161060e+01	6.989523e+02
1.890000e-06	7.322837e-06	1.068387e-08	5.114368e+01	6.961924e+02
1.900000e-06	7.253143e-06	1.057826e-08	5.065692e+01	6.932617e+02
1.910000e-06	7.180550e-06	1.050283e-08	5.014993e+01	6.901582e+02
1.920000e-06	7.105209e-06	1.048728e-08	4.962373e+01	6.868837e+02
1.930000e-06	7.027157e-06	1.044467e-08	4.907860e+01	6.834443e+02
1.940000e-06	6.946330e-06	1.043761e-08	4.851410e+01	6.798495e+02
1.950000e-06	6.863000e-06	1.030836e-08	4.793211e+01	6.761105e+02
1.960000e-06	6.777056e-06	1.028432e-08	4.733187e+01	6.722395e+02
1.970000e-06	6.688493e-06	1.020590e-08	4.671333e+01	6.682467e+02
1.980000e-06	6.597609e-06	1.012076e-08	4.607858e+01	6.641395e+02
1.990000e-06	6.504434e-06	1.008609e-08	4.542784e+01	6.599207e+02
2.000000e-06	6.408965e-06	1.002728e-08	4.476107e+01	6.555878e+02
2.010000e-06	6.311264e-06	9.968839e-09	4.407871e+01	6.511333e+02
2.020000e-06	6.211328e-06	9.861541e-09	4.338075e+01	6.465451e+02
2.030000e-06	6.109042e-06	9.807366e-09	4.266637e+01	6.418085e+02
2.040000e-06	6.004513e-06	9.725491e-09	4.193633e+01	6.369077e+02
2.050000e-06	5.897961e-06	9.644728e-09	4.119215e+01	6.318281e+02
2.060000e-06	5.789485e-06	9.553334e-09	4.043454e+01	6.265582e+02
2.070000e-06	5.678938e-06	9.484651e-09	3.966246e+01	6.210908e+02
2.080000e-06	5.566220e-06	9.413665e-09	3.887522e+01	6.154237e+02
2.090000e-06	5.451415e-06	9.319612e-09	3.807341e+01	6.095595e+02
2.100000e-06	5.334544e-06	9.230190e-09	3.725717e+01	6.035045e+02
2.110000e-06	5.215561e-06	9.125403e-09	3.642618e+01	5.972668e+02
2.120000e-06	5.094594e-06	9.020093e-09	3.558133e+01	5.908542e+02
2.130000e-06	4.971910e-06	8.912055e-09	3.472449e+01	5.842721e+02
2.140000e-06	4.847462e-06	8.831411e-09	3.385532e+01	5.775210e+02
2.150000e-06	4.721200e-06	8.737564e-09	3.297349e+01	5.705964e+02
2.160000e-06	4.593173e-06	8.628716e-09	3.207934e+01	5.634873e+02
2.170000e-06	4.463516e-06	8.501089e-09	3.117379e+01	5.561778e+02
2.180000e-06	4.332246e-06	8.380325e-09	3.025699e+01	5.486483e+02
2.190000e-06	4.199373e-06	8.261458e-09	2.932899e+01	5.408779e+02
2.200000e-06	4.064960e-06	8.144084e-09	2.839023e+01	5.328469e+02
2.210000e-06	3.929041e-06	8.022854e-09	2.744095e+01	5.245397e+02
2.220000e-06	3.791608e-06	7.890950e-09	2.648110e+01	5.159462e+02
2.230000e-06	3.652704e-06	7.753448e-09	2.551098e+01	5.070628e+02
2.240000e-06	3.512378e-06	7.611769e-09	2.453092e+01	4.978926e+02
2.250000e-06	3.370555e-06	7.473765e-09	2.354041e+01	4.884437e+02
2.260000e-06	3.227429e-06	7.329692e-09	2.254080e+01	4.787267e+02
2.270000e-06	3.083112e-06	7.181076e-09	2.153287e+01	4.687520e+02
2.280000e-06	2.937648e-06	7.024039e-09	2.051693e+01	4.585259e+02
2.290000e-06	2.791140e-06	6.867256e-09	1.949370e+01	4.480480e+02
2.300000e-06	2.643705e-06	6.705532e-09	1.846399e+01	4.373090e+02
2.310000e-06	2.495392e-06	6.535255e-09	1.742816e+01	4.262900e+02
2.320000e-06	2.346191e-06	6.354597e-09	1.638611e+01	4.149629e+02
2.330000e-06	2.196147e-06	6.168185e-09	1.533819e+01	4.032929e+02
2.340000e-06	2.045288e-06	5.984529e-09	1.428457e+01	3.912415e+02
2.350000e-06	1.893733e-06	5.803160e-09	1.322608e+01	3.787712e+02
2.360000e-06	1.741621e-06	5.613115e-09	1.216372e+01	3.658489e+02
2.370000e-06	1.588977e-06	5.407084e-09	1.109763e+01	3.524501e+02
2.380000e-06	1.435802e-06	5.190993e-09	1.002784e+01	3.385605e+02
2.390000e-06	1.282172e-06	4.970559e-09	8.954860e+00	3.241766e+02
2.400000e-06	1.128110e-06	4.745208e-09	7.878870e+00	3.093036e+02
2.410000e-06	9.736899e-07	4.514034e-09	6.800381e+00	2.939519e+02
2.420000e-06	8.190122e-07	4.276359e-09	5.720091e+00	2.781311e+02
2.430000e-06	6.640510e-07	4.028510e-09	4.637821e+00	2.618437e+02
2.440000e-06	5.088040e-07	3.770645e-09	3.553556e+00	2.450789e+02
2.450000e-06	3.533562e-07	3.506061e-09	2.467887e+00	2.278066e+02
2.460000e-06	1.978126e-07	3.234410e-09	1.381550e+00	2.099748e+02
2.470000e-06	4.222784e-08	2.948886e-09	2.949249e-01	1.915084e+02
2.480000e-06	-1.134279e-07	2.648821e-09	-7.921955e-01	1.723133e+02
2.490000e-06	-2.691345e-07	2.340092e-09	-1.879671e+00	1.522821e+02
2.500000e-06	-4.247279e-07	2.021748e-09	-2.966357e+00	1.313043e+02
2.510000e-06	-5.801603e-07	1.687984e-09	-4.051918e+00	1.092788e+02
2.520000e-06	-7.354171e-07	1.334647e-09	-5.136252e+00	8.612647e+01
2.530000e-06	-8.904340e-07	9.644249e-10	-6.218911e+00	6.180390e+01
2.540000e-06	-1.045180e-06	5.797555e-10	-7.299678e+00	3.631442e+01
2.550000e-06	-1.199613e-06	1.813393e-10	-8.378256e+00	9.716245e+00
2.560000e-06	-1.353656e-06	-2.332548e-10	-9.454112e+00	-1.787373e+01
2.570000e-06	-1.507204e-06	-6.660347e-10	-1.052652e+01	-4.628109e+01
2.580000e-06	-1.660192e-06	-1.113177e-09	-1.159500e+01	-7.528028e+01
2.590000e-06	-1.812555e-06	-1.569409e-09	-1.265913e+01	-1.046056e+02
2.600000e-06	-1.964179e-06	-2.026236e-09	-1.371809e+01	-1.339662e+02
2.610000e-06	-2.115032e-06	-2.477878e-09	-1.477167e+01	-1.630632e+02
2.620000e-06	-2.265175e-06	-2.918489e-09	-1.582029e+01	-1.916076e+02
2.630000e-06	-2.414486e-06	-3.341328e-09	-1.686309e+01	-2.193377e+02
2.640000e-06	-2.562825e-06	-3.745265e-09	-1.789911e+01	-2.460334e+02
2.650000e-06	-2.710239e-06	-4.131412e-09	-1.892867e+01	-2.715267e+02
2.660000e-06	-2.856686e-06	-4.496532e-09	-1.995148e+01	-2.957076e+02
2.670000e-06	-3.002079e-06	-4.839387e-09	-2.096692e+01	-3.185252e+02
2.680000e-06	-3.146312e-06	-5.164021e-09	-2.197427e+01	-3.399831e+02
2.690000e-06	-3.289306e-06	-5.472796e-09	-2.297296e+01	-3.601320e+02
2.700000e-06	-3.431047e-06	-5.766816e-09	-2.396289e+01	-3.790577e+02
2.710000e-06	-3.571399e-06	-6.044912e-09	-2.494313e+01	-3.968689e+02
2.720000e-06	-3.710299e-06	-6.306069e-09	-2.591323e+01	-4.136841e+02
2.730000e-06	-3.847871e-06	-6.552632e-09	-2.687404e+01	-4.296199e+02
2.740000e-06	-3.984008e-06	-6.786775e-09	-2.782485e+01	-4.447815e+02
2.750000e-06	-4.118710e-06	-7.010435e-09	-2.876562e+01	-4.592565e+02
2.760000e-06	-4.251998e-06	-7.223805e-09	-2.969653e+01	-4.731112e+02
2.770000e-06	-4.383745e-06	-7.427151e-09	-3.061667e+01	-4.863914e+02
2.780000e-06	-4.514002e-06	-7.622686e-09	-3.152639e+01	-4.991243e+02
2.790000e-06	-4.642715e-06	-7.810007e-09	-3.242534e+01	-5.113235e+02
2.800000e-06	-4.769828e-06	-7.987674e-09	-3.331312e+01	-5.229943e+02
2.810000e-06	-4.895252e-06	-8.155270e-09	-3.418910e+01	-5.341390e+02
2.820000e-06	-5.018929e-06	-8.314713e-09	-3.505288e+01	-5.447622e+02
2.830000e-06	-5.140885e-06	-8.468059e-09	-3.590463e+01	-5.548732e+02
2.840000e-06	-5.260969e-06	-8.613568e-09	-3.674331e+01	-5.644885e+02
2.850000e-06	-5.379010e-06	-8.751669e-09	-3.756773e+01	-5.736312e+02
2.860000e-06	-5.494904e-06	-8.886244e-09	-3.837715e+01	-5.823298e+02
2.870000e-06	-5.608533e-06	-9.015721e-09	-3.917075e+01	-5.906158e+02
2.880000e-06	-5.719915e-06	-9.139149e-09	-3.994865e+01	-5.985205e+02
2.890000e-06	-5.829197e-06	-9.258193e-09	-4.071190e+01	-6.060730e+02
2.900000e-06	-5.936475e-06	-9.371686e-09	-4.146114e+01	-6.132976e+02
2.910000e-06	-6.041734e-06	-9.478618e-09	-4.219628e+01	-6.202128e+02
2.920000e-06	-6.144784e-06	-9.578498e-09	-4.291600e+01	-6.268316e+02
2.930000e-06	-6.245469e-06	-9.674380e-09	-4.361919e+01	-6.331627e+02
2.940000e-06	-6.343898e-06	-9.765407e-09	-4.430664e+01	-6.392115e+02
2.950000e-06	-6.440117e-06	-9.852334e-09	-4.497864e+01	-6.449832e+02
2.960000e-06	-6.533979e-06	-9.935512e-09	-4.563419e+01	-6.504842e+02
2.970000e-06	-6.625432e-06	-1.001495e-08	-4.627291e+01	-6.557241e+02
2.980000e-06	-6.714598e-06	-1.009147e-08	-4.689566e+01	-6.607162e+02
2.990000e-06	-6.801410e-06	-1.016405e-08	-4.750196e+01	-6.654776e+02
3.000000e-06	-6.885690e-06	-1.023448e-08	-4.809058e+01	-6.700281e+02
3.010000e-06	-6.967518e-06	-1.030276e-08	-4.866208e+01	-6.743883e+02
3.020000e-06	-7.046839e-06	-1.036887e-08	-4.921607e+01	-6.785776e+02
3.030000e-06	-7.123440e-06	-1.043407e-08	-4.975106e+01	-6.826118e+02
3.040000e-06	-7.197370e-06	-1.049676e-08	-5.026740e+01	-6.865012e+02
3.050000e-06	-7.268678e-06	-1.055546e-08	-5.076542e+01	-6.902495e+02
3.060000e-06	-7.337332e-06	-1.061033e-08	-5.124491e+01	-6.938537e+02
3.070000e-06	-7.403404e-06	-1.066114e-08	-5.170637e+01	-6.973043e+02
3.080000e-06	-7.466926e-06	-1.070987e-08	-5.215001e+01	-7.005876e+02
3.090000e-06	-7.527834e-06	-1.075569e-08	-5.257540e+01	-7.036876e+02
3.100000e-06	-7.586068e-06	-1.080042e-08	-5.298212e+01	-7.065887e+02
3.110000e-06	-7.641536e-06	-1.084163e-08	-5.336951e+01	-7.092783e+02
3.120000e-06	-7.694000e-06	-1.088118e-08	-5.373593e+01	-7.117491e+02
3.130000e-06	-7.743288e-06	-1.091922e-08	-5.408017e+01	-7.140000e+02
3.140000e-06	-7.789617e-06	-1.095312e-08	-5.440373e+01	-7.160370e+02
3.150000e-06	-7.833376e-06	-1.098227e-08	-5.470935e+01	-7.178722e+02
3.160000e-06	-7.874636e-06	-1.100760e-08	-5.499752e+01	-7.195225e+02
3.170000e-06	-7.913122e-06	-1.103172e-08	-5.526631e+01	-7.210076e+02
3.180000e-06	-7.948733e-06	-1.105339e-08	-5.551502e+01	-7.223474e+02
3.190000e-06	-7.981574e-06	-1.107196e-08	-5.574439e+01	-7.235594e+02
3.200000e-06	-8.011547e-06	-1.108802e-08	-5.595372e+01	-7.246572e+02
3.210000e-06	-8.038643e-06	-1.110280e-08	-5.614296e+01	-7.256491e+02
3.220000e-06	-8.062855e-06	-1.111666e-08	-5.631206e+01	-7.265376e+02
3.230000e-06	-8.084113e-06	-1.112793e-08	-5.646053e+01	-7.273197e+02
3.240000e-06	-8.102515e-06	-1.113707e-08	-5.658905e+01	-7.279885e+02
3.250000e-06	-8.117945e-06	-1.114334e-08	-5.669682e+01	-7.285347e+02
3.260000e-06	-8.130179e-06	-1.114639e-08	-5.678226e+01	-7.289489e+02
3.270000e-06	-8.139345e-06	-1.114852e-08	-5.684628e+01	-7.292231e+02
3.280000e-06	-8.145565e-06	-1.114922e-08	-5.688972e+01	-7.293527e+02
3.290000e-06	-8.148865e-06	-1.114711e-08	-5.691276e+01	-7.293371e+02
3.300000e-06	-8.149357e-06	-1.114094e-08	-5.691620e+01	-7.291804e+02
