# Temperatura_=_78.58
# Concentracion g/m^3_=_15000.0
# C_Vs_to_Am_M_A/Vsm_=_65563218390.804596
# pendiente_HvsI_1/m_=_3716.3
# ordenada_HvsI_A/m_=_1297.0
# frecuencia_Hz_=_301964.47746927897

Tiempo_(s)	Campo_(V.s)	Magnetizacion_(V.s)	Campo_(kA/m)	Magnetizacion_(A/m)
0.000000e+00	-6.892954e-06	-1.258358e-08	-4.747081e+01	-8.241474e+02
1.000000e-08	-6.889149e-06	-1.258060e-08	-4.744461e+01	-8.237697e+02
2.000000e-08	-6.883138e-06	-1.257177e-08	-4.740321e+01	-8.231913e+02
3.000000e-08	-6.874985e-06	-1.256292e-08	-4.734706e+01	-8.224195e+02
4.000000e-08	-6.864434e-06	-1.255261e-08	-4.727440e+01	-8.214693e+02
5.000000e-08	-6.851347e-06	-1.253958e-08	-4.718428e+01	-8.203622e+02
6.000000e-08	-6.835772e-06	-1.252229e-08	-4.707701e+01	-8.191237e+02
7.000000e-08	-6.817936e-06	-1.250469e-08	-4.695418e+01	-8.177807e+02
8.000000e-08	-6.797940e-06	-1.249954e-08	-4.681646e+01	-8.163583e+02
9.000000e-08	-6.775377e-06	-1.250114e-08	-4.666108e+01	-8.148768e+02
1.000000e-07	-6.749975e-06	-1.246327e-08	-4.648614e+01	-8.133493e+02
1.100000e-07	-6.721936e-06	-1.241286e-08	-4.629304e+01	-8.117806e+02
1.200000e-07	-6.691632e-06	-1.237828e-08	-4.608433e+01	-8.101658e+02
1.300000e-07	-6.659290e-06	-1.233056e-08	-4.586160e+01	-8.084916e+02
1.400000e-07	-6.625022e-06	-1.227815e-08	-4.562560e+01	-8.067375e+02
1.500000e-07	-6.588846e-06	-1.229427e-08	-4.537647e+01	-8.048776e+02
1.600000e-07	-6.550610e-06	-1.225494e-08	-4.511314e+01	-8.028835e+02
1.700000e-07	-6.510198e-06	-1.219207e-08	-4.483482e+01	-8.007270e+02
1.800000e-07	-6.467358e-06	-1.219988e-08	-4.453979e+01	-7.983824e+02
1.900000e-07	-6.422020e-06	-1.214104e-08	-4.422756e+01	-7.958285e+02
2.000000e-07	-6.374310e-06	-1.211976e-08	-4.389898e+01	-7.930500e+02
2.100000e-07	-6.323963e-06	-1.208214e-08	-4.355225e+01	-7.900381e+02
2.200000e-07	-6.270945e-06	-1.197903e-08	-4.318713e+01	-7.867903e+02
2.300000e-07	-6.215505e-06	-1.192274e-08	-4.280532e+01	-7.833098e+02
2.400000e-07	-6.157723e-06	-1.186400e-08	-4.240738e+01	-7.796044e+02
2.500000e-07	-6.097637e-06	-1.181864e-08	-4.199358e+01	-7.756848e+02
2.600000e-07	-6.035286e-06	-1.178181e-08	-4.156418e+01	-7.715634e+02
2.700000e-07	-5.970730e-06	-1.169730e-08	-4.111958e+01	-7.672529e+02
2.800000e-07	-5.903969e-06	-1.160709e-08	-4.065981e+01	-7.627651e+02
2.900000e-07	-5.834996e-06	-1.153811e-08	-4.018480e+01	-7.581098e+02
3.000000e-07	-5.763893e-06	-1.148903e-08	-3.969513e+01	-7.532951e+02
3.100000e-07	-5.690574e-06	-1.141381e-08	-3.919019e+01	-7.483262e+02
3.200000e-07	-5.614935e-06	-1.133886e-08	-3.866928e+01	-7.432060e+02
3.300000e-07	-5.536994e-06	-1.125841e-08	-3.813251e+01	-7.379352e+02
3.400000e-07	-5.456894e-06	-1.115887e-08	-3.758087e+01	-7.325125e+02
3.500000e-07	-5.374829e-06	-1.108647e-08	-3.701570e+01	-7.269347e+02
3.600000e-07	-5.290987e-06	-1.100580e-08	-3.643829e+01	-7.211974e+02
3.700000e-07	-5.205391e-06	-1.091092e-08	-3.584880e+01	-7.152949e+02
3.800000e-07	-5.118047e-06	-1.080700e-08	-3.524728e+01	-7.092209e+02
3.900000e-07	-5.028856e-06	-1.071119e-08	-3.463303e+01	-7.029686e+02
4.000000e-07	-4.937750e-06	-1.062730e-08	-3.400560e+01	-6.965311e+02
4.100000e-07	-4.844999e-06	-1.053410e-08	-3.336684e+01	-6.899020e+02
4.200000e-07	-4.750661e-06	-1.042257e-08	-3.271714e+01	-6.830756e+02
4.300000e-07	-4.654629e-06	-1.030281e-08	-3.205578e+01	-6.760474e+02
4.400000e-07	-4.556785e-06	-1.018985e-08	-3.138194e+01	-6.688143e+02
4.500000e-07	-4.457216e-06	-1.007720e-08	-3.069622e+01	-6.613744e+02
4.600000e-07	-4.356169e-06	-9.968754e-09	-3.000033e+01	-6.537274e+02
4.700000e-07	-4.253601e-06	-9.857492e-09	-2.929396e+01	-6.458739e+02
4.800000e-07	-4.149545e-06	-9.728154e-09	-2.857733e+01	-6.378150e+02
4.900000e-07	-4.043990e-06	-9.593009e-09	-2.785039e+01	-6.295516e+02
5.000000e-07	-3.936869e-06	-9.465294e-09	-2.711267e+01	-6.210835e+02
5.100000e-07	-3.828328e-06	-9.341570e-09	-2.636516e+01	-6.124090e+02
5.200000e-07	-3.718472e-06	-9.209110e-09	-2.560860e+01	-6.035244e+02
5.300000e-07	-3.607295e-06	-9.064340e-09	-2.484294e+01	-5.944234e+02
5.400000e-07	-3.494669e-06	-8.915037e-09	-2.406730e+01	-5.850978e+02
5.500000e-07	-3.380566e-06	-8.767278e-09	-2.328149e+01	-5.755377e+02
5.600000e-07	-3.265018e-06	-8.619449e-09	-2.248572e+01	-5.657323e+02
5.700000e-07	-3.148109e-06	-8.466392e-09	-2.168059e+01	-5.556709e+02
5.800000e-07	-3.030011e-06	-8.306843e-09	-2.086727e+01	-5.453439e+02
5.900000e-07	-2.910848e-06	-8.142485e-09	-2.004660e+01	-5.347437e+02
6.000000e-07	-2.790694e-06	-7.977655e-09	-1.921912e+01	-5.238653e+02
6.100000e-07	-2.669499e-06	-7.814284e-09	-1.838447e+01	-5.127064e+02
6.200000e-07	-2.547197e-06	-7.642473e-09	-1.754219e+01	-5.012669e+02
6.300000e-07	-2.423853e-06	-7.457815e-09	-1.669274e+01	-4.895483e+02
6.400000e-07	-2.299602e-06	-7.268952e-09	-1.583704e+01	-4.775522e+02
6.500000e-07	-2.174621e-06	-7.081519e-09	-1.497631e+01	-4.652791e+02
6.600000e-07	-2.049015e-06	-6.892987e-09	-1.411128e+01	-4.527267e+02
6.700000e-07	-1.922748e-06	-6.700185e-09	-1.324170e+01	-4.398889e+02
6.800000e-07	-1.795793e-06	-6.501772e-09	-1.236737e+01	-4.267550e+02
6.900000e-07	-1.668186e-06	-6.293664e-09	-1.148856e+01	-4.133095e+02
7.000000e-07	-1.539952e-06	-6.078272e-09	-1.060544e+01	-3.995328e+02
7.100000e-07	-1.411229e-06	-5.862363e-09	-9.718936e+00	-3.854026e+02
7.200000e-07	-1.282094e-06	-5.642654e-09	-8.829601e+00	-3.708951e+02
7.300000e-07	-1.152532e-06	-5.413412e-09	-7.937326e+00	-3.559873e+02
7.400000e-07	-1.022536e-06	-5.177142e-09	-7.042062e+00	-3.406584e+02
7.500000e-07	-8.921607e-07	-4.936882e-09	-6.144187e+00	-3.248910e+02
7.600000e-07	-7.614603e-07	-4.694203e-09	-5.244071e+00	-3.086715e+02
7.700000e-07	-6.304639e-07	-4.445166e-09	-4.341917e+00	-2.919898e+02
7.800000e-07	-4.992344e-07	-4.187576e-09	-3.438158e+00	-2.748372e+02
7.900000e-07	-3.678390e-07	-3.921866e-09	-2.533256e+00	-2.572045e+02
8.000000e-07	-2.363592e-07	-3.644283e-09	-1.627773e+00	-2.390785e+02
8.100000e-07	-1.047242e-07	-3.357843e-09	-7.212211e-01	-2.204395e+02
8.200000e-07	2.703814e-08	-3.064429e-09	1.862079e-01	-2.012583e+02
8.300000e-07	1.587862e-07	-2.759894e-09	1.093538e+00	-1.814949e+02
8.400000e-07	2.905196e-07	-2.443644e-09	2.000768e+00	-1.610984e+02
8.500000e-07	4.221875e-07	-2.118904e-09	2.907547e+00	-1.400091e+02
8.600000e-07	5.537128e-07	-1.786923e-09	3.813343e+00	-1.181628e+02
8.700000e-07	6.851094e-07	-1.441451e-09	4.718253e+00	-9.549587e+01
8.800000e-07	8.163125e-07	-1.080332e-09	5.621831e+00	-7.195374e+01
8.900000e-07	9.472343e-07	-7.068847e-10	6.523471e+00	-4.749854e+01
9.000000e-07	1.077779e-06	-3.222891e-10	7.422516e+00	-2.211763e+01
9.100000e-07	1.207883e-06	7.446392e-11	8.318521e+00	4.169027e+00
9.200000e-07	1.337509e-06	4.850229e-10	9.211236e+00	3.130344e+01
9.300000e-07	1.466638e-06	9.090454e-10	1.010053e+01	5.918673e+01
9.400000e-07	1.595257e-06	1.348069e-09	1.098631e+01	8.767954e+01
9.500000e-07	1.723311e-06	1.792641e-09	1.186820e+01	1.166059e+02
9.600000e-07	1.850685e-06	2.238584e-09	1.274541e+01	1.457605e+02
9.700000e-07	1.977367e-06	2.687584e-09	1.361785e+01	1.749186e+02
9.800000e-07	2.103398e-06	3.134094e-09	1.448581e+01	2.038478e+02
9.900000e-07	2.228710e-06	3.571904e-09	1.534882e+01	2.323214e+02
1.000000e-06	2.353318e-06	3.992110e-09	1.620697e+01	2.601305e+02
1.010000e-06	2.477158e-06	4.394788e-09	1.705984e+01	2.870951e+02
1.020000e-06	2.599955e-06	4.783683e-09	1.790553e+01	3.130728e+02
1.030000e-06	2.721637e-06	5.159983e-09	1.874354e+01	3.379643e+02
1.040000e-06	2.842348e-06	5.521868e-09	1.957485e+01	3.617145e+02
1.050000e-06	2.961996e-06	5.864297e-09	2.039885e+01	3.843107e+02
1.060000e-06	3.080540e-06	6.189686e-09	2.121525e+01	4.057776e+02
1.070000e-06	3.198063e-06	6.502161e-09	2.202461e+01	4.261689e+02
1.080000e-06	3.314440e-06	6.800860e-09	2.282609e+01	4.455584e+02
1.090000e-06	3.429463e-06	7.086496e-09	2.361823e+01	4.640301e+02
1.100000e-06	3.543029e-06	7.354989e-09	2.440035e+01	4.816685e+02
1.110000e-06	3.655199e-06	7.607982e-09	2.517285e+01	4.985516e+02
1.120000e-06	3.766045e-06	7.849719e-09	2.593623e+01	5.147452e+02
1.130000e-06	3.875659e-06	8.085132e-09	2.669113e+01	5.302998e+02
1.140000e-06	3.984137e-06	8.315311e-09	2.743820e+01	5.452507e+02
1.150000e-06	4.091314e-06	8.535390e-09	2.817631e+01	5.596199e+02
1.160000e-06	4.196946e-06	8.745539e-09	2.890378e+01	5.734194e+02
1.170000e-06	4.300917e-06	8.946683e-09	2.961981e+01	5.866563e+02
1.180000e-06	4.403242e-06	9.139140e-09	3.032452e+01	5.993368e+02
1.190000e-06	4.504133e-06	9.322003e-09	3.101933e+01	6.114708e+02
1.200000e-06	4.603552e-06	9.494294e-09	3.170402e+01	6.230742e+02
1.210000e-06	4.701262e-06	9.656621e-09	3.237693e+01	6.341701e+02
1.220000e-06	4.797133e-06	9.814086e-09	3.303719e+01	6.447887e+02
1.230000e-06	4.891249e-06	9.970283e-09	3.368535e+01	6.549645e+02
1.240000e-06	4.983795e-06	1.012553e-08	3.432270e+01	6.647340e+02
1.250000e-06	5.074636e-06	1.027780e-08	3.494831e+01	6.741318e+02
1.260000e-06	5.163576e-06	1.042159e-08	3.556083e+01	6.831874e+02
1.270000e-06	5.250584e-06	1.055570e-08	3.616004e+01	6.919223e+02
1.280000e-06	5.335759e-06	1.068476e-08	3.674663e+01	7.003486e+02
1.290000e-06	5.419139e-06	1.081016e-08	3.732086e+01	7.084691e+02
1.300000e-06	5.500530e-06	1.092833e-08	3.788139e+01	7.162784e+02
1.310000e-06	5.579808e-06	1.103682e-08	3.842736e+01	7.237654e+02
1.320000e-06	5.657074e-06	1.114195e-08	3.895948e+01	7.309170e+02
1.330000e-06	5.732163e-06	1.124755e-08	3.947661e+01	7.377216e+02
1.340000e-06	5.805002e-06	1.134836e-08	3.997824e+01	7.441725e+02
1.350000e-06	5.875763e-06	1.144087e-08	4.046556e+01	7.502703e+02
1.360000e-06	5.944520e-06	1.152673e-08	4.093908e+01	7.560248e+02
1.370000e-06	6.011187e-06	1.160887e-08	4.139821e+01	7.614546e+02
1.380000e-06	6.075640e-06	1.168800e-08	4.184209e+01	7.665858e+02
1.390000e-06	6.137990e-06	1.176252e-08	4.227148e+01	7.714494e+02
1.400000e-06	6.198312e-06	1.183249e-08	4.268691e+01	7.760779e+02
1.410000e-06	6.256423e-06	1.190053e-08	4.308712e+01	7.805018e+02
1.420000e-06	6.312292e-06	1.196618e-08	4.347187e+01	7.847458e+02
1.430000e-06	6.365930e-06	1.202910e-08	4.384127e+01	7.888266e+02
1.440000e-06	6.416919e-06	1.209039e-08	4.419242e+01	7.927511e+02
1.450000e-06	6.465224e-06	1.214815e-08	4.452509e+01	7.965165e+02
1.460000e-06	6.511233e-06	1.220175e-08	4.484195e+01	8.001112e+02
1.470000e-06	6.555152e-06	1.225170e-08	4.514442e+01	8.035174e+02
1.480000e-06	6.596762e-06	1.229853e-08	4.543098e+01	8.067146e+02
1.490000e-06	6.635888e-06	1.234329e-08	4.570044e+01	8.096825e+02
1.500000e-06	6.672825e-06	1.238337e-08	4.595482e+01	8.124046e+02
1.510000e-06	6.707482e-06	1.241890e-08	4.619350e+01	8.148712e+02
1.520000e-06	6.739627e-06	1.245110e-08	4.641487e+01	8.170805e+02
1.530000e-06	6.769444e-06	1.248142e-08	4.662022e+01	8.190392e+02
1.540000e-06	6.796982e-06	1.250950e-08	4.680987e+01	8.207619e+02
1.550000e-06	6.821923e-06	1.253439e-08	4.698163e+01	8.222685e+02
1.560000e-06	6.844282e-06	1.255611e-08	4.713561e+01	8.235817e+02
1.570000e-06	6.864389e-06	1.257355e-08	4.727409e+01	8.247241e+02
1.580000e-06	6.882075e-06	1.258822e-08	4.739589e+01	8.257146e+02
1.590000e-06	6.897148e-06	1.259865e-08	4.749970e+01	8.265667e+02
1.600000e-06	6.909625e-06	1.260575e-08	4.758563e+01	8.272864e+02
1.610000e-06	6.919341e-06	1.261205e-08	4.765254e+01	8.278722e+02
1.620000e-06	6.926428e-06	1.261688e-08	4.770134e+01	8.283157e+02
1.630000e-06	6.931226e-06	1.262059e-08	4.773439e+01	8.286039e+02
1.640000e-06	6.933602e-06	1.262349e-08	4.775075e+01	8.287213e+02
1.650000e-06	6.933461e-06	1.262492e-08	4.774978e+01	8.286534e+02
1.660000e-06	6.931071e-06	1.262034e-08	4.773332e+01	8.283891e+02
1.670000e-06	6.926461e-06	1.261215e-08	4.770157e+01	8.279236e+02
1.680000e-06	6.919461e-06	1.260098e-08	4.765336e+01	8.272596e+02
1.690000e-06	6.910214e-06	1.258583e-08	4.758968e+01	8.264078e+02
1.700000e-06	6.898769e-06	1.257030e-08	4.751086e+01	8.253861e+02
1.710000e-06	6.884820e-06	1.255350e-08	4.741480e+01	8.242180e+02
1.720000e-06	6.868527e-06	1.253307e-08	4.730259e+01	8.229301e+02
1.730000e-06	6.850214e-06	1.249412e-08	4.717647e+01	8.215489e+02
1.740000e-06	6.829331e-06	1.243909e-08	4.703265e+01	8.200977e+02
1.750000e-06	6.805122e-06	1.243456e-08	4.686593e+01	8.185940e+02
1.760000e-06	6.777906e-06	1.243158e-08	4.667849e+01	8.170475e+02
1.770000e-06	6.748288e-06	1.240386e-08	4.647452e+01	8.154587e+02
1.780000e-06	6.716723e-06	1.241784e-08	4.625714e+01	8.138192e+02
1.790000e-06	6.683738e-06	1.239351e-08	4.602997e+01	8.121123e+02
1.800000e-06	6.648991e-06	1.231371e-08	4.579067e+01	8.103149e+02
1.810000e-06	6.611626e-06	1.234441e-08	4.553335e+01	8.083996e+02
1.820000e-06	6.571921e-06	1.231067e-08	4.525990e+01	8.063380e+02
1.830000e-06	6.530120e-06	1.225571e-08	4.497203e+01	8.041024e+02
1.840000e-06	6.486036e-06	1.224831e-08	4.466842e+01	8.016690e+02
1.850000e-06	6.439684e-06	1.213575e-08	4.434920e+01	7.990190e+02
1.860000e-06	6.390819e-06	1.213865e-08	4.401268e+01	7.961398e+02
1.870000e-06	6.339626e-06	1.211971e-08	4.366012e+01	7.930254e+02
1.880000e-06	6.285970e-06	1.206098e-08	4.329060e+01	7.896758e+02
1.890000e-06	6.229615e-06	1.204008e-08	4.290249e+01	7.860964e+02
1.900000e-06	6.170937e-06	1.190516e-08	4.249839e+01	7.822964e+02
1.910000e-06	6.109880e-06	1.184568e-08	4.207790e+01	7.782874e+02
1.920000e-06	6.046544e-06	1.180241e-08	4.164171e+01	7.740821e+02
1.930000e-06	5.981133e-06	1.174654e-08	4.119123e+01	7.696929e+02
1.940000e-06	5.913578e-06	1.170999e-08	4.072598e+01	7.651308e+02
1.950000e-06	5.843735e-06	1.159770e-08	4.024499e+01	7.604051e+02
1.960000e-06	5.771437e-06	1.153543e-08	3.974708e+01	7.555224e+02
1.970000e-06	5.697016e-06	1.143077e-08	3.923456e+01	7.504870e+02
1.980000e-06	5.620372e-06	1.136352e-08	3.870672e+01	7.453010e+02
1.990000e-06	5.541383e-06	1.131103e-08	3.816273e+01	7.399641e+02
2.000000e-06	5.460451e-06	1.120033e-08	3.760537e+01	7.344740e+02
2.010000e-06	5.377730e-06	1.112317e-08	3.703567e+01	7.288271e+02
2.020000e-06	5.293195e-06	1.101771e-08	3.645350e+01	7.230184e+02
2.030000e-06	5.206612e-06	1.093928e-08	3.585721e+01	7.170418e+02
2.040000e-06	5.118052e-06	1.084367e-08	3.524731e+01	7.108909e+02
2.050000e-06	5.027791e-06	1.073666e-08	3.462570e+01	7.045587e+02
2.060000e-06	4.935974e-06	1.063892e-08	3.399337e+01	6.980384e+02
2.070000e-06	4.842497e-06	1.053448e-08	3.334960e+01	6.913241e+02
2.080000e-06	4.747077e-06	1.044261e-08	3.269246e+01	6.844104e+02
2.090000e-06	4.649982e-06	1.033569e-08	3.202378e+01	6.772933e+02
2.100000e-06	4.551438e-06	1.022847e-08	3.134512e+01	6.699703e+02
2.110000e-06	4.451403e-06	1.009868e-08	3.065619e+01	6.624402e+02
2.120000e-06	4.349754e-06	9.973786e-09	2.995615e+01	6.547033e+02
2.130000e-06	4.246405e-06	9.856229e-09	2.924440e+01	6.467603e+02
2.140000e-06	4.141493e-06	9.743003e-09	2.852188e+01	6.386123e+02
2.150000e-06	4.035174e-06	9.623707e-09	2.778968e+01	6.302599e+02
2.160000e-06	3.927556e-06	9.488927e-09	2.704853e+01	6.217023e+02
2.170000e-06	3.818497e-06	9.350552e-09	2.629745e+01	6.129370e+02
2.180000e-06	3.707980e-06	9.208463e-09	2.553634e+01	6.039592e+02
2.190000e-06	3.596017e-06	9.074174e-09	2.476527e+01	5.947617e+02
2.200000e-06	3.482626e-06	8.934771e-09	2.398436e+01	5.853356e+02
2.210000e-06	3.367867e-06	8.787199e-09	2.319403e+01	5.756703e+02
2.220000e-06	3.251785e-06	8.628463e-09	2.239459e+01	5.657551e+02
2.230000e-06	3.134368e-06	8.471038e-09	2.158595e+01	5.555796e+02
2.240000e-06	3.015595e-06	8.312869e-09	2.076798e+01	5.451350e+02
2.250000e-06	2.895643e-06	8.154525e-09	1.994189e+01	5.344146e+02
2.260000e-06	2.774667e-06	7.989518e-09	1.910875e+01	5.234148e+02
2.270000e-06	2.652737e-06	7.819146e-09	1.826903e+01	5.121341e+02
2.280000e-06	2.529855e-06	7.647170e-09	1.742276e+01	5.005734e+02
2.290000e-06	2.406119e-06	7.470576e-09	1.657060e+01	4.887344e+02
2.300000e-06	2.281624e-06	7.289945e-09	1.571323e+01	4.766183e+02
2.310000e-06	2.156367e-06	7.098817e-09	1.485060e+01	4.642246e+02
2.320000e-06	2.030261e-06	6.898945e-09	1.398212e+01	4.515496e+02
2.330000e-06	1.903360e-06	6.694532e-09	1.310818e+01	4.385851e+02
2.340000e-06	1.775749e-06	6.492103e-09	1.222933e+01	4.253184e+02
2.350000e-06	1.647511e-06	6.288555e-09	1.134618e+01	4.117322e+02
2.360000e-06	1.518763e-06	6.079213e-09	1.045951e+01	3.978056e+02
2.370000e-06	1.389587e-06	5.861503e-09	9.569894e+00	3.835152e+02
2.380000e-06	1.260106e-06	5.637610e-09	8.678171e+00	3.688375e+02
2.390000e-06	1.130244e-06	5.406553e-09	7.783836e+00	3.537503e+02
2.400000e-06	9.999669e-07	5.168698e-09	6.886633e+00	3.382340e+02
2.410000e-06	8.693565e-07	4.927771e-09	5.987137e+00	3.222729e+02
2.420000e-06	7.384858e-07	4.678213e-09	5.085849e+00	3.058551e+02
2.430000e-06	6.073841e-07	4.419048e-09	4.182969e+00	2.889712e+02
2.440000e-06	4.760833e-07	4.152800e-09	3.278720e+00	2.716128e+02
2.450000e-06	3.446133e-07	3.880593e-09	2.373304e+00	2.537693e+02
2.460000e-06	2.129541e-07	3.601677e-09	1.466585e+00	2.354250e+02
2.470000e-06	8.118771e-08	3.313238e-09	5.591284e-01	2.165564e+02
2.480000e-06	-5.062036e-08	3.016674e-09	-3.486154e-01	1.971299e+02
2.490000e-06	-1.824435e-07	2.711903e-09	-1.256463e+00	1.771006e+02
2.500000e-06	-3.142147e-07	2.394668e-09	-2.163953e+00	1.564135e+02
2.510000e-06	-4.458737e-07	2.064483e-09	-3.070670e+00	1.350064e+02
2.520000e-06	-5.774128e-07	1.723394e-09	-3.976561e+00	1.128145e+02
2.530000e-06	-7.087658e-07	1.371825e-09	-4.881171e+00	8.977705e+01
2.540000e-06	-8.398680e-07	1.009443e-09	-5.784054e+00	6.584559e+01
2.550000e-06	-9.706370e-07	6.356377e-10	-6.684642e+00	4.099210e+01
2.560000e-06	-1.101015e-06	2.491909e-10	-7.582540e+00	1.521710e+01
2.570000e-06	-1.230977e-06	-1.515880e-10	-8.477567e+00	-1.144370e+01
2.580000e-06	-1.360514e-06	-5.665101e-10	-9.369671e+00	-3.891493e+01
2.590000e-06	-1.489688e-06	-9.957229e-10	-1.025927e+01	-6.708012e+01
2.600000e-06	-1.618377e-06	-1.438030e-09	-1.114554e+01	-9.578357e+01
2.610000e-06	-1.746496e-06	-1.888351e-09	-1.202787e+01	-1.248357e+02
2.620000e-06	-1.873992e-06	-2.340796e-09	-1.290592e+01	-1.540214e+02
2.630000e-06	-2.000719e-06	-2.788820e-09	-1.377867e+01	-1.831111e+02
2.640000e-06	-2.126666e-06	-3.227991e-09	-1.464605e+01	-2.118735e+02
2.650000e-06	-2.251807e-06	-3.657849e-09	-1.550788e+01	-2.400877e+02
2.660000e-06	-2.376027e-06	-4.075724e-09	-1.636336e+01	-2.675562e+02
2.670000e-06	-2.499199e-06	-4.478157e-09	-1.721164e+01	-2.941142e+02
2.680000e-06	-2.621390e-06	-4.864149e-09	-1.805315e+01	-3.196374e+02
2.690000e-06	-2.742721e-06	-5.234390e-09	-1.888874e+01	-3.440453e+02
2.700000e-06	-2.863111e-06	-5.589336e-09	-1.971785e+01	-3.673015e+02
2.710000e-06	-2.982405e-06	-5.929146e-09	-2.053941e+01	-3.894102e+02
2.720000e-06	-3.100514e-06	-6.252204e-09	-2.135280e+01	-4.104094e+02
2.730000e-06	-3.217396e-06	-6.559136e-09	-2.215776e+01	-4.303630e+02
2.740000e-06	-3.332950e-06	-6.851123e-09	-2.295356e+01	-4.493499e+02
2.750000e-06	-3.447125e-06	-7.129370e-09	-2.373987e+01	-4.674557e+02
2.760000e-06	-3.559954e-06	-7.395785e-09	-2.451691e+01	-4.847628e+02
2.770000e-06	-3.671381e-06	-7.651489e-09	-2.528429e+01	-5.013446e+02
2.780000e-06	-3.781383e-06	-7.893717e-09	-2.604186e+01	-5.172604e+02
2.790000e-06	-3.890155e-06	-8.125364e-09	-2.679096e+01	-5.325542e+02
2.800000e-06	-3.997706e-06	-8.349193e-09	-2.753164e+01	-5.472552e+02
2.810000e-06	-4.103913e-06	-8.565497e-09	-2.826308e+01	-5.613805e+02
2.820000e-06	-4.208742e-06	-8.774077e-09	-2.898502e+01	-5.749395e+02
2.830000e-06	-4.312004e-06	-8.973291e-09	-2.969617e+01	-5.879384e+02
2.840000e-06	-4.413590e-06	-9.164260e-09	-3.039578e+01	-6.003845e+02
2.850000e-06	-4.513548e-06	-9.346948e-09	-3.108418e+01	-6.122901e+02
2.860000e-06	-4.611970e-06	-9.521982e-09	-3.176199e+01	-6.236741e+02
2.870000e-06	-4.708890e-06	-9.688247e-09	-3.242947e+01	-6.345628e+02
2.880000e-06	-4.804120e-06	-9.846360e-09	-3.308531e+01	-6.449885e+02
2.890000e-06	-4.897555e-06	-9.999055e-09	-3.372878e+01	-6.549871e+02
2.900000e-06	-4.989226e-06	-1.014533e-08	-3.436010e+01	-6.645947e+02
2.910000e-06	-5.079149e-06	-1.028603e-08	-3.497939e+01	-6.738440e+02
2.920000e-06	-5.167282e-06	-1.042134e-08	-3.558635e+01	-6.827614e+02
2.930000e-06	-5.253379e-06	-1.055184e-08	-3.617929e+01	-6.913645e+02
2.940000e-06	-5.337440e-06	-1.067791e-08	-3.675820e+01	-6.996613e+02
2.950000e-06	-5.419709e-06	-1.079755e-08	-3.732478e+01	-7.076508e+02
2.960000e-06	-5.500212e-06	-1.091152e-08	-3.787919e+01	-7.153249e+02
2.970000e-06	-5.578571e-06	-1.101984e-08	-3.841884e+01	-7.226711e+02
2.980000e-06	-5.654585e-06	-1.112453e-08	-3.894234e+01	-7.296766e+02
2.990000e-06	-5.728479e-06	-1.122516e-08	-3.945123e+01	-7.363314e+02
3.000000e-06	-5.800331e-06	-1.132256e-08	-3.994607e+01	-7.426317e+02
3.010000e-06	-5.870012e-06	-1.141693e-08	-4.042596e+01	-7.485820e+02
3.020000e-06	-5.937547e-06	-1.150527e-08	-4.089106e+01	-7.541960e+02
3.030000e-06	-6.003118e-06	-1.158799e-08	-4.134264e+01	-7.594956e+02
3.040000e-06	-6.066653e-06	-1.166404e-08	-4.178019e+01	-7.645095e+02
3.050000e-06	-6.127943e-06	-1.173434e-08	-4.220229e+01	-7.692698e+02
3.060000e-06	-6.186989e-06	-1.180307e-08	-4.260893e+01	-7.738085e+02
3.070000e-06	-6.243920e-06	-1.187025e-08	-4.300100e+01	-7.781540e+02
3.080000e-06	-6.298598e-06	-1.193574e-08	-4.337756e+01	-7.823279e+02
3.090000e-06	-6.350764e-06	-1.199801e-08	-4.373683e+01	-7.863428e+02
3.100000e-06	-6.400383e-06	-1.205666e-08	-4.407855e+01	-7.902014e+02
3.110000e-06	-6.447466e-06	-1.211264e-08	-4.440280e+01	-7.938968e+02
3.120000e-06	-6.492337e-06	-1.216585e-08	-4.471182e+01	-7.974145e+02
3.130000e-06	-6.535210e-06	-1.221533e-08	-4.500708e+01	-8.007351e+02
3.140000e-06	-6.575961e-06	-1.226174e-08	-4.528772e+01	-8.038377e+02
3.150000e-06	-6.614366e-06	-1.230557e-08	-4.555222e+01	-8.067033e+02
3.160000e-06	-6.650293e-06	-1.234538e-08	-4.579964e+01	-8.093180e+02
3.170000e-06	-6.683889e-06	-1.238014e-08	-4.603101e+01	-8.116754e+02
3.180000e-06	-6.715096e-06	-1.241410e-08	-4.624593e+01	-8.137773e+02
3.190000e-06	-6.743791e-06	-1.244417e-08	-4.644355e+01	-8.156342e+02
3.200000e-06	-6.770072e-06	-1.246996e-08	-4.662454e+01	-8.172629e+02
3.210000e-06	-6.794019e-06	-1.249482e-08	-4.678946e+01	-8.186851e+02
3.220000e-06	-6.815498e-06	-1.251684e-08	-4.693738e+01	-8.199238e+02
3.230000e-06	-6.834554e-06	-1.253505e-08	-4.706862e+01	-8.210005e+02
3.240000e-06	-6.851210e-06	-1.255085e-08	-4.718333e+01	-8.219318e+02
3.250000e-06	-6.865137e-06	-1.256348e-08	-4.727924e+01	-8.227282e+02
3.260000e-06	-6.876340e-06	-1.257109e-08	-4.735640e+01	-8.233925e+02
3.270000e-06	-6.885081e-06	-1.257542e-08	-4.741659e+01	-8.239200e+02
3.280000e-06	-6.891337e-06	-1.257876e-08	-4.745968e+01	-8.243001e+02
3.290000e-06	-6.895075e-06	-1.258156e-08	-4.748542e+01	-8.245184e+02
3.300000e-06	-6.896404e-06	-1.258209e-08	-4.749458e+01	-8.245594e+02
3.310000e-06	-6.895380e-06	-1.258270e-08	-4.748752e+01	-8.244097e+02
