# Temperatura_=_71.64
# Concentracion g/m^3_=_15000.0
# C_Vs_to_Am_M_A/Vsm_=_65563218390.804596
# pendiente_HvsI_1/m_=_3716.3
# ordenada_HvsI_A/m_=_1297.0
# frecuencia_Hz_=_301577.6082560307

Tiempo_(s)	Campo_(V.s)	Magnetizacion_(V.s)	Campo_(kA/m)	Magnetizacion_(A/m)
0.000000e+00	-5.383658e-06	-5.984915e-09	-3.834695e+01	-3.911872e+02
1.000000e-08	-5.380726e-06	-5.986996e-09	-3.832607e+01	-3.910695e+02
2.000000e-08	-5.376107e-06	-5.983847e-09	-3.829317e+01	-3.908597e+02
3.000000e-08	-5.369881e-06	-5.977420e-09	-3.824882e+01	-3.905541e+02
4.000000e-08	-5.362020e-06	-5.968387e-09	-3.819283e+01	-3.901505e+02
5.000000e-08	-5.352251e-06	-5.956191e-09	-3.812324e+01	-3.896487e+02
6.000000e-08	-5.340392e-06	-5.945826e-09	-3.803877e+01	-3.890510e+02
7.000000e-08	-5.326685e-06	-5.931981e-09	-3.794114e+01	-3.883621e+02
8.000000e-08	-5.310985e-06	-5.916143e-09	-3.782931e+01	-3.875890e+02
9.000000e-08	-5.293093e-06	-5.947292e-09	-3.770187e+01	-3.867402e+02
1.000000e-07	-5.273134e-06	-5.960999e-09	-3.755970e+01	-3.858249e+02
1.100000e-07	-5.251281e-06	-5.922456e-09	-3.740405e+01	-3.848520e+02
1.200000e-07	-5.227736e-06	-5.900529e-09	-3.723634e+01	-3.838288e+02
1.300000e-07	-5.202599e-06	-5.823178e-09	-3.705729e+01	-3.827603e+02
1.400000e-07	-5.175786e-06	-5.760970e-09	-3.686631e+01	-3.816480e+02
1.500000e-07	-5.147397e-06	-5.875090e-09	-3.666410e+01	-3.804900e+02
1.600000e-07	-5.117608e-06	-5.820306e-09	-3.645192e+01	-3.792804e+02
1.700000e-07	-5.086115e-06	-5.757773e-09	-3.622760e+01	-3.780102e+02
1.800000e-07	-5.052496e-06	-5.824969e-09	-3.598814e+01	-3.766678e+02
1.900000e-07	-5.017113e-06	-5.692479e-09	-3.573611e+01	-3.752401e+02
2.000000e-07	-4.980226e-06	-5.668591e-09	-3.547337e+01	-3.737138e+02
2.100000e-07	-4.941546e-06	-5.725319e-09	-3.519785e+01	-3.720768e+02
2.200000e-07	-4.901090e-06	-5.636892e-09	-3.490969e+01	-3.703190e+02
2.300000e-07	-4.858653e-06	-5.630240e-09	-3.460742e+01	-3.684336e+02
2.400000e-07	-4.814285e-06	-5.619640e-09	-3.429140e+01	-3.664175e+02
2.500000e-07	-4.768250e-06	-5.546444e-09	-3.396350e+01	-3.642712e+02
2.600000e-07	-4.720316e-06	-5.541217e-09	-3.362207e+01	-3.619989e+02
2.700000e-07	-4.670159e-06	-5.475786e-09	-3.326481e+01	-3.596074e+02
2.800000e-07	-4.617916e-06	-5.444855e-09	-3.289269e+01	-3.571056e+02
2.900000e-07	-4.563964e-06	-5.424721e-09	-3.250840e+01	-3.545030e+02
3.000000e-07	-4.508453e-06	-5.369093e-09	-3.211300e+01	-3.518089e+02
3.100000e-07	-4.451236e-06	-5.334812e-09	-3.170545e+01	-3.490313e+02
3.200000e-07	-4.392179e-06	-5.290361e-09	-3.128480e+01	-3.461761e+02
3.300000e-07	-4.331548e-06	-5.247665e-09	-3.085294e+01	-3.432466e+02
3.400000e-07	-4.269544e-06	-5.181373e-09	-3.041129e+01	-3.402439e+02
3.500000e-07	-4.206203e-06	-5.143984e-09	-2.996012e+01	-3.371664e+02
3.600000e-07	-4.141337e-06	-5.114481e-09	-2.949810e+01	-3.340111e+02
3.700000e-07	-4.074724e-06	-5.052555e-09	-2.902362e+01	-3.307737e+02
3.800000e-07	-4.006536e-06	-5.004329e-09	-2.853793e+01	-3.274498e+02
3.900000e-07	-3.937026e-06	-4.945856e-09	-2.804282e+01	-3.240355e+02
4.000000e-07	-3.866262e-06	-4.887938e-09	-2.753878e+01	-3.205280e+02
4.100000e-07	-3.794257e-06	-4.835694e-09	-2.702590e+01	-3.169260e+02
4.200000e-07	-3.720777e-06	-4.774476e-09	-2.650251e+01	-3.132298e+02
4.300000e-07	-3.645691e-06	-4.730581e-09	-2.596769e+01	-3.094415e+02
4.400000e-07	-3.569118e-06	-4.673512e-09	-2.542227e+01	-3.055638e+02
4.500000e-07	-3.491162e-06	-4.607663e-09	-2.486700e+01	-3.016004e+02
4.600000e-07	-3.411860e-06	-4.539921e-09	-2.430214e+01	-2.975548e+02
4.700000e-07	-3.331227e-06	-4.469473e-09	-2.372781e+01	-2.934298e+02
4.800000e-07	-3.249388e-06	-4.407826e-09	-2.314488e+01	-2.892273e+02
4.900000e-07	-3.166424e-06	-4.345686e-09	-2.255394e+01	-2.849473e+02
5.000000e-07	-3.082488e-06	-4.285834e-09	-2.195608e+01	-2.805887e+02
5.100000e-07	-2.997634e-06	-4.217219e-09	-2.135167e+01	-2.761487e+02
5.200000e-07	-2.911769e-06	-4.146516e-09	-2.074007e+01	-2.716234e+02
5.300000e-07	-2.824895e-06	-4.067492e-09	-2.012129e+01	-2.670083e+02
5.400000e-07	-2.737101e-06	-3.988982e-09	-1.949594e+01	-2.622985e+02
5.500000e-07	-2.648396e-06	-3.916169e-09	-1.886411e+01	-2.574897e+02
5.600000e-07	-2.558526e-06	-3.840511e-09	-1.822398e+01	-2.525785e+02
5.700000e-07	-2.467504e-06	-3.765341e-09	-1.757564e+01	-2.475625e+02
5.800000e-07	-2.375641e-06	-3.684069e-09	-1.692132e+01	-2.424405e+02
5.900000e-07	-2.283027e-06	-3.604463e-09	-1.626165e+01	-2.372127e+02
6.000000e-07	-2.189572e-06	-3.521745e-09	-1.559598e+01	-2.318802e+02
6.100000e-07	-2.095288e-06	-3.435649e-09	-1.492440e+01	-2.264447e+02
6.200000e-07	-2.000286e-06	-3.350841e-09	-1.424772e+01	-2.209083e+02
6.300000e-07	-1.904668e-06	-3.268228e-09	-1.356665e+01	-2.152726e+02
6.400000e-07	-1.808424e-06	-3.184351e-09	-1.288112e+01	-2.095388e+02
6.500000e-07	-1.711436e-06	-3.095888e-09	-1.219029e+01	-2.037070e+02
6.600000e-07	-1.613660e-06	-3.003719e-09	-1.149385e+01	-1.977764e+02
6.700000e-07	-1.515268e-06	-2.905420e-09	-1.079302e+01	-1.917451e+02
6.800000e-07	-1.416298e-06	-2.807824e-09	-1.008807e+01	-1.856100e+02
6.900000e-07	-1.316759e-06	-2.711057e-09	-9.379067e+00	-1.793677e+02
7.000000e-07	-1.216879e-06	-2.615923e-09	-8.667640e+00	-1.730141e+02
7.100000e-07	-1.116687e-06	-2.520180e-09	-7.953983e+00	-1.665450e+02
7.200000e-07	-1.016175e-06	-2.420551e-09	-7.238058e+00	-1.599563e+02
7.300000e-07	-9.153460e-07	-2.318774e-09	-6.519866e+00	-1.532443e+02
7.400000e-07	-8.141159e-07	-2.215322e-09	-5.798820e+00	-1.464055e+02
7.500000e-07	-7.125526e-07	-2.109679e-09	-5.075401e+00	-1.394366e+02
7.600000e-07	-6.107901e-07	-2.000361e-09	-4.350562e+00	-1.323346e+02
7.700000e-07	-5.088445e-07	-1.888073e-09	-3.624419e+00	-1.250959e+02
7.800000e-07	-4.067447e-07	-1.774429e-09	-2.897179e+00	-1.177164e+02
7.900000e-07	-3.044809e-07	-1.660269e-09	-2.168770e+00	-1.101912e+02
8.000000e-07	-2.020809e-07	-1.542584e-09	-1.439390e+00	-1.025139e+02
8.100000e-07	-9.964951e-08	-1.424994e-09	-7.097878e-01	-9.467709e+01
8.200000e-07	2.797704e-09	-1.306687e-09	1.992761e-02	-8.667159e+01
8.300000e-07	1.052466e-07	-1.183296e-09	7.496549e-01	-7.848707e+01
8.400000e-07	2.077473e-07	-1.056105e-09	1.479751e+00	-7.011214e+01
8.500000e-07	3.102415e-07	-9.263539e-10	2.209801e+00	-6.153490e+01
8.600000e-07	4.126210e-07	-7.928494e-10	2.939035e+00	-5.274349e+01
8.700000e-07	5.148805e-07	-6.514754e-10	3.667413e+00	-4.372683e+01
8.800000e-07	6.170188e-07	-5.072085e-10	4.394928e+00	-3.447544e+01
8.900000e-07	7.189754e-07	-3.631154e-10	5.121149e+00	-2.498222e+01
9.000000e-07	8.206072e-07	-2.167057e-10	5.845057e+00	-1.524325e+01
9.100000e-07	9.218812e-07	-6.520067e-11	6.566415e+00	-5.258559e+00
9.200000e-07	1.022823e-06	9.006448e-11	7.285407e+00	4.967308e+00
9.300000e-07	1.123399e-06	2.488810e-10	8.001792e+00	1.542477e+01
9.400000e-07	1.223621e-06	4.133728e-10	8.715657e+00	2.609894e+01
9.500000e-07	1.323498e-06	5.816491e-10	9.427070e+00	3.696948e+01
9.600000e-07	1.422995e-06	7.517584e-10	1.013577e+01	4.801079e+01
9.700000e-07	1.522017e-06	9.232270e-10	1.084109e+01	5.919226e+01
9.800000e-07	1.620394e-06	1.096814e-09	1.154181e+01	7.047888e+01
9.900000e-07	1.717935e-06	1.269977e-09	1.223658e+01	8.183198e+01
1.000000e-06	1.814621e-06	1.442397e-09	1.292526e+01	9.321016e+01
1.010000e-06	1.910616e-06	1.614322e-09	1.360902e+01	1.045703e+02
1.020000e-06	2.005941e-06	1.787799e-09	1.428801e+01	1.158690e+02
1.030000e-06	2.100492e-06	1.960869e-09	1.496148e+01	1.270631e+02
1.040000e-06	2.194311e-06	2.130182e-09	1.562974e+01	1.381117e+02
1.050000e-06	2.287397e-06	2.296389e-09	1.629277e+01	1.489765e+02
1.060000e-06	2.379725e-06	2.457865e-09	1.695041e+01	1.596229e+02
1.070000e-06	2.471381e-06	2.615397e-09	1.760326e+01	1.700209e+02
1.080000e-06	2.562246e-06	2.770340e-09	1.825048e+01	1.801453e+02
1.090000e-06	2.652006e-06	2.922907e-09	1.888982e+01	1.899759e+02
1.100000e-06	2.740575e-06	3.069055e-09	1.952069e+01	1.994975e+02
1.110000e-06	2.828146e-06	3.205427e-09	2.014444e+01	2.086996e+02
1.120000e-06	2.914814e-06	3.336255e-09	2.076176e+01	2.175764e+02
1.130000e-06	3.000516e-06	3.466509e-09	2.137220e+01	2.261254e+02
1.140000e-06	3.085242e-06	3.594953e-09	2.197570e+01	2.343477e+02
1.150000e-06	3.169092e-06	3.716295e-09	2.257295e+01	2.422469e+02
1.160000e-06	3.251953e-06	3.830483e-09	2.316315e+01	2.498288e+02
1.170000e-06	3.333567e-06	3.939709e-09	2.374448e+01	2.571010e+02
1.180000e-06	3.413925e-06	4.044825e-09	2.431685e+01	2.640724e+02
1.190000e-06	3.493115e-06	4.146924e-09	2.488091e+01	2.707532e+02
1.200000e-06	3.571108e-06	4.244784e-09	2.543644e+01	2.771545e+02
1.210000e-06	3.647807e-06	4.338272e-09	2.598276e+01	2.832883e+02
1.220000e-06	3.723184e-06	4.428179e-09	2.651966e+01	2.891674e+02
1.230000e-06	3.797019e-06	4.513826e-09	2.704557e+01	2.948052e+02
1.240000e-06	3.869254e-06	4.595296e-09	2.756009e+01	3.002154e+02
1.250000e-06	3.940032e-06	4.673743e-09	2.806423e+01	3.054117e+02
1.260000e-06	4.009349e-06	4.751650e-09	2.855797e+01	3.104072e+02
1.270000e-06	4.077406e-06	4.828061e-09	2.904272e+01	3.152143e+02
1.280000e-06	4.144080e-06	4.900637e-09	2.951763e+01	3.198439e+02
1.290000e-06	4.209000e-06	4.968830e-09	2.998005e+01	3.243052e+02
1.300000e-06	4.272326e-06	5.032662e-09	3.043111e+01	3.286051e+02
1.310000e-06	4.334299e-06	5.093667e-09	3.087253e+01	3.327484e+02
1.320000e-06	4.394835e-06	5.151889e-09	3.130372e+01	3.367375e+02
1.330000e-06	4.453934e-06	5.207216e-09	3.172468e+01	3.405729e+02
1.340000e-06	4.511371e-06	5.262510e-09	3.213379e+01	3.442533e+02
1.350000e-06	4.567021e-06	5.316872e-09	3.253018e+01	3.477768e+02
1.360000e-06	4.621065e-06	5.368031e-09	3.291512e+01	3.511406e+02
1.370000e-06	4.673375e-06	5.415570e-09	3.328772e+01	3.543428e+02
1.380000e-06	4.723704e-06	5.459992e-09	3.364620e+01	3.573821e+02
1.390000e-06	4.772013e-06	5.500876e-09	3.399030e+01	3.602589e+02
1.400000e-06	4.818580e-06	5.537641e-09	3.432199e+01	3.629752e+02
1.410000e-06	4.863584e-06	5.573328e-09	3.464254e+01	3.655350e+02
1.420000e-06	4.907032e-06	5.609178e-09	3.495202e+01	3.679437e+02
1.430000e-06	4.948612e-06	5.642732e-09	3.524819e+01	3.702080e+02
1.440000e-06	4.988277e-06	5.672779e-09	3.553072e+01	3.723356e+02
1.450000e-06	5.026318e-06	5.700382e-09	3.580168e+01	3.743338e+02
1.460000e-06	5.062762e-06	5.727003e-09	3.606126e+01	3.762098e+02
1.470000e-06	5.097525e-06	5.753363e-09	3.630887e+01	3.779696e+02
1.480000e-06	5.130355e-06	5.777430e-09	3.654271e+01	3.796179e+02
1.490000e-06	5.161285e-06	5.799288e-09	3.676302e+01	3.811580e+02
1.500000e-06	5.190524e-06	5.818842e-09	3.697129e+01	3.825916e+02
1.510000e-06	5.218096e-06	5.835867e-09	3.716768e+01	3.839196e+02
1.520000e-06	5.243672e-06	5.852842e-09	3.734985e+01	3.851421e+02
1.530000e-06	5.267143e-06	5.870090e-09	3.751703e+01	3.862591e+02
1.540000e-06	5.288803e-06	5.885632e-09	3.767131e+01	3.872708e+02
1.550000e-06	5.308744e-06	5.898689e-09	3.781335e+01	3.881785e+02
1.560000e-06	5.326818e-06	5.910951e-09	3.794209e+01	3.889843e+02
1.570000e-06	5.342882e-06	5.922408e-09	3.805651e+01	3.896913e+02
1.580000e-06	5.356982e-06	5.931585e-09	3.815694e+01	3.903035e+02
1.590000e-06	5.369104e-06	5.938675e-09	3.824329e+01	3.908254e+02
1.600000e-06	5.379047e-06	5.944374e-09	3.831411e+01	3.912614e+02
1.610000e-06	5.386870e-06	5.949746e-09	3.836983e+01	3.916153e+02
1.620000e-06	5.392796e-06	5.955780e-09	3.841204e+01	3.918897e+02
1.630000e-06	5.396995e-06	5.962415e-09	3.844195e+01	3.920859e+02
1.640000e-06	5.399290e-06	5.968088e-09	3.845830e+01	3.922032e+02
1.650000e-06	5.399529e-06	5.970009e-09	3.846000e+01	3.922394e+02
1.660000e-06	5.397974e-06	5.966183e-09	3.844892e+01	3.921910e+02
1.670000e-06	5.394787e-06	5.958273e-09	3.842622e+01	3.920538e+02
1.680000e-06	5.389935e-06	5.954821e-09	3.839166e+01	3.918236e+02
1.690000e-06	5.383127e-06	5.950819e-09	3.834317e+01	3.914970e+02
1.700000e-06	5.374531e-06	5.945789e-09	3.828194e+01	3.910722e+02
1.710000e-06	5.364380e-06	5.941288e-09	3.820964e+01	3.905494e+02
1.720000e-06	5.352504e-06	5.937503e-09	3.812504e+01	3.899316e+02
1.730000e-06	5.338741e-06	5.942487e-09	3.802702e+01	3.892239e+02
1.740000e-06	5.322850e-06	5.893359e-09	3.791382e+01	3.884337e+02
1.750000e-06	5.304517e-06	5.846818e-09	3.778324e+01	3.875697e+02
1.760000e-06	5.283476e-06	5.855636e-09	3.763337e+01	3.866413e+02
1.770000e-06	5.260163e-06	5.845483e-09	3.746732e+01	3.856569e+02
1.780000e-06	5.235691e-06	5.914746e-09	3.729300e+01	3.846236e+02
1.790000e-06	5.210553e-06	5.895595e-09	3.711395e+01	3.835455e+02
1.800000e-06	5.183931e-06	5.720956e-09	3.692433e+01	3.824236e+02
1.810000e-06	5.155072e-06	5.799795e-09	3.671877e+01	3.812550e+02
1.820000e-06	5.124458e-06	5.781357e-09	3.650071e+01	3.800332e+02
1.830000e-06	5.092131e-06	5.669866e-09	3.627045e+01	3.787484e+02
1.840000e-06	5.057763e-06	5.813567e-09	3.602565e+01	3.773888e+02
1.850000e-06	5.021843e-06	5.746763e-09	3.576980e+01	3.759409e+02
1.860000e-06	4.984211e-06	5.655015e-09	3.550175e+01	3.743917e+02
1.870000e-06	4.944636e-06	5.721746e-09	3.521987e+01	3.727294e+02
1.880000e-06	4.903345e-06	5.599348e-09	3.492576e+01	3.709447e+02
1.890000e-06	4.860240e-06	5.613567e-09	3.461873e+01	3.690313e+02
1.900000e-06	4.815532e-06	5.616352e-09	3.430028e+01	3.669870e+02
1.910000e-06	4.769047e-06	5.505412e-09	3.396917e+01	3.648131e+02
1.920000e-06	4.720493e-06	5.574030e-09	3.362333e+01	3.625144e+02
1.930000e-06	4.670305e-06	5.461323e-09	3.326585e+01	3.600984e+02
1.940000e-06	4.618451e-06	5.422815e-09	3.289650e+01	3.575741e+02
1.950000e-06	4.564512e-06	5.453685e-09	3.251230e+01	3.549510e+02
1.960000e-06	4.508598e-06	5.331507e-09	3.211404e+01	3.522383e+02
1.970000e-06	4.451015e-06	5.321809e-09	3.170388e+01	3.494435e+02
1.980000e-06	4.392055e-06	5.266865e-09	3.128392e+01	3.465720e+02
1.990000e-06	4.331615e-06	5.246210e-09	3.085341e+01	3.436268e+02
2.000000e-06	4.269410e-06	5.207800e-09	3.041034e+01	3.406081e+02
2.010000e-06	4.205576e-06	5.106274e-09	2.995565e+01	3.375141e+02
2.020000e-06	4.140237e-06	5.113165e-09	2.949026e+01	3.343415e+02
2.030000e-06	4.073431e-06	5.022878e-09	2.901441e+01	3.310858e+02
2.040000e-06	4.005263e-06	4.986808e-09	2.852886e+01	3.277427e+02
2.050000e-06	3.935677e-06	4.955738e-09	2.803321e+01	3.243084e+02
2.060000e-06	3.864513e-06	4.883919e-09	2.752632e+01	3.207806e+02
2.070000e-06	3.791966e-06	4.850505e-09	2.700958e+01	3.171582e+02
2.080000e-06	3.718203e-06	4.742314e-09	2.648417e+01	3.134420e+02
2.090000e-06	3.643051e-06	4.711301e-09	2.594888e+01	3.096341e+02
2.100000e-06	3.566421e-06	4.658170e-09	2.540305e+01	3.057377e+02
2.110000e-06	3.488163e-06	4.593391e-09	2.484564e+01	3.017562e+02
2.120000e-06	3.408483e-06	4.546580e-09	2.427809e+01	2.976933e+02
2.130000e-06	3.327737e-06	4.462975e-09	2.370295e+01	2.935515e+02
2.140000e-06	3.245867e-06	4.410865e-09	2.311980e+01	2.893322e+02
2.150000e-06	3.162869e-06	4.334082e-09	2.252862e+01	2.850355e+02
2.160000e-06	3.078886e-06	4.272194e-09	2.193042e+01	2.806596e+02
2.170000e-06	2.993883e-06	4.201182e-09	2.132496e+01	2.762016e+02
2.180000e-06	2.907560e-06	4.136403e-09	2.071009e+01	2.716573e+02
2.190000e-06	2.819971e-06	4.076088e-09	2.008621e+01	2.670221e+02
2.200000e-06	2.731430e-06	4.002200e-09	1.945555e+01	2.622913e+02
2.210000e-06	2.641978e-06	3.934930e-09	1.881839e+01	2.574608e+02
2.220000e-06	2.551539e-06	3.849707e-09	1.817421e+01	2.525271e+02
2.230000e-06	2.460191e-06	3.772190e-09	1.752355e+01	2.474883e+02
2.240000e-06	2.368147e-06	3.685912e-09	1.686794e+01	2.423435e+02
2.250000e-06	2.275433e-06	3.611821e-09	1.620756e+01	2.370930e+02
2.260000e-06	2.181916e-06	3.541858e-09	1.554144e+01	2.317381e+02
2.270000e-06	2.087348e-06	3.458255e-09	1.486785e+01	2.262807e+02
2.280000e-06	1.991724e-06	3.369699e-09	1.418674e+01	2.207228e+02
2.290000e-06	1.895357e-06	3.280822e-09	1.350033e+01	2.150659e+02
2.300000e-06	1.798508e-06	3.197271e-09	1.281049e+01	2.093110e+02
2.310000e-06	1.701239e-06	3.111325e-09	1.211766e+01	2.034580e+02
2.320000e-06	1.603345e-06	3.021968e-09	1.142038e+01	1.975059e+02
2.330000e-06	1.504873e-06	2.925364e-09	1.071897e+01	1.914525e+02
2.340000e-06	1.405924e-06	2.831443e-09	1.001417e+01	1.852947e+02
2.350000e-06	1.306532e-06	2.734204e-09	9.306221e+00	1.790287e+02
2.360000e-06	1.206809e-06	2.638463e-09	8.595908e+00	1.726506e+02
2.370000e-06	1.106786e-06	2.543364e-09	7.883463e+00	1.661560e+02
2.380000e-06	1.006500e-06	2.441068e-09	7.169141e+00	1.595411e+02
2.390000e-06	9.059051e-07	2.337945e-09	6.452620e+00	1.528021e+02
2.400000e-06	8.049285e-07	2.233501e-09	5.733379e+00	1.459356e+02
2.410000e-06	7.036010e-07	2.128997e-09	5.011639e+00	1.389384e+02
2.420000e-06	6.020541e-07	2.020492e-09	4.288337e+00	1.318072e+02
2.430000e-06	5.002853e-07	1.906131e-09	3.563453e+00	1.245386e+02
2.440000e-06	3.983312e-07	1.792185e-09	2.837251e+00	1.171282e+02
2.450000e-06	2.961487e-07	1.681142e-09	2.109421e+00	1.095708e+02
2.460000e-06	1.936783e-07	1.564819e-09	1.379540e+00	1.018600e+02
2.470000e-06	9.105035e-08	1.443818e-09	6.485373e-01	9.398767e+01
2.480000e-06	-1.160646e-08	1.319001e-09	-8.267100e-02	8.594459e+01
2.490000e-06	-1.142570e-07	1.190844e-09	-8.138345e-01	7.772013e+01
2.500000e-06	-2.168935e-07	1.062043e-09	-1.544898e+00	6.930274e+01
2.510000e-06	-3.194612e-07	9.325689e-10	-2.275472e+00	6.068046e+01
2.520000e-06	-4.219039e-07	8.004312e-10	-3.005155e+00	5.184155e+01
2.530000e-06	-5.242121e-07	6.613390e-10	-3.733881e+00	4.277520e+01
2.540000e-06	-6.262791e-07	5.190528e-10	-4.460888e+00	3.347237e+01
2.550000e-06	-7.279357e-07	3.746225e-10	-5.184971e+00	2.392657e+01
2.560000e-06	-8.291890e-07	2.265635e-10	-5.906183e+00	1.413468e+01
2.570000e-06	-9.301226e-07	7.250657e-11	-6.625117e+00	4.097633e+00
2.580000e-06	-1.030701e-06	-8.368653e-11	-7.341518e+00	-6.178969e+00
2.590000e-06	-1.130897e-06	-2.406205e-10	-8.055200e+00	-1.668443e+01
2.600000e-06	-1.230701e-06	-4.019246e-10	-8.766089e+00	-2.740269e+01
2.610000e-06	-1.330083e-06	-5.659159e-10	-9.473969e+00	-3.831229e+01
2.620000e-06	-1.429016e-06	-7.339583e-10	-1.017865e+01	-4.938649e+01
2.630000e-06	-1.527445e-06	-9.061939e-10	-1.087975e+01	-6.059370e+01
2.640000e-06	-1.625315e-06	-1.082202e-09	-1.157687e+01	-7.189805e+01
2.650000e-06	-1.722592e-06	-1.257509e-09	-1.226975e+01	-8.326021e+01
2.660000e-06	-1.819292e-06	-1.428804e-09	-1.295853e+01	-9.463831e+01
2.670000e-06	-1.915539e-06	-1.598949e-09	-1.364408e+01	-1.059891e+02
2.680000e-06	-2.011281e-06	-1.768932e-09	-1.432604e+01	-1.172690e+02
2.690000e-06	-2.106253e-06	-1.937791e-09	-1.500251e+01	-1.284355e+02
2.700000e-06	-2.200227e-06	-2.105097e-09	-1.567187e+01	-1.394479e+02
2.710000e-06	-2.293168e-06	-2.272022e-09	-1.633388e+01	-1.502688e+02
2.720000e-06	-2.385259e-06	-2.435687e-09	-1.698983e+01	-1.608645e+02
2.730000e-06	-2.476550e-06	-2.594041e-09	-1.764008e+01	-1.712059e+02
2.740000e-06	-2.566984e-06	-2.747924e-09	-1.828422e+01	-1.812690e+02
2.750000e-06	-2.656450e-06	-2.897172e-09	-1.892148e+01	-1.910346e+02
2.760000e-06	-2.744985e-06	-3.039728e-09	-1.955210e+01	-2.004886e+02
2.770000e-06	-2.832768e-06	-3.175683e-09	-2.017736e+01	-2.096215e+02
2.780000e-06	-2.919645e-06	-3.309776e-09	-2.079618e+01	-2.184282e+02
2.790000e-06	-3.005330e-06	-3.441435e-09	-2.140649e+01	-2.269071e+02
2.800000e-06	-3.089877e-06	-3.568525e-09	-2.200871e+01	-2.350599e+02
2.810000e-06	-3.173346e-06	-3.690823e-09	-2.260325e+01	-2.428907e+02
2.820000e-06	-3.255763e-06	-3.807501e-09	-2.319029e+01	-2.504057e+02
2.830000e-06	-3.337116e-06	-3.919688e-09	-2.376975e+01	-2.576128e+02
2.840000e-06	-3.417350e-06	-4.028002e-09	-2.434125e+01	-2.645212e+02
2.850000e-06	-3.496360e-06	-4.130514e-09	-2.490402e+01	-2.711412e+02
2.860000e-06	-3.573887e-06	-4.226499e-09	-2.545623e+01	-2.774842e+02
2.870000e-06	-3.649878e-06	-4.316200e-09	-2.599751e+01	-2.835625e+02
2.880000e-06	-3.724462e-06	-4.401740e-09	-2.652876e+01	-2.893889e+02
2.890000e-06	-3.797732e-06	-4.486164e-09	-2.705065e+01	-2.949769e+02
2.900000e-06	-3.869764e-06	-4.570085e-09	-2.756372e+01	-3.003402e+02
2.910000e-06	-3.940373e-06	-4.650846e-09	-2.806666e+01	-3.054925e+02
2.920000e-06	-4.009347e-06	-4.726839e-09	-2.855795e+01	-3.104468e+02
2.930000e-06	-4.076845e-06	-4.800072e-09	-2.903873e+01	-3.152151e+02
2.940000e-06	-4.142938e-06	-4.870825e-09	-2.950950e+01	-3.198080e+02
2.950000e-06	-4.207682e-06	-4.939814e-09	-2.997066e+01	-3.242344e+02
2.960000e-06	-4.271018e-06	-5.006094e-09	-3.042179e+01	-3.285005e+02
2.970000e-06	-4.332588e-06	-5.068562e-09	-3.086034e+01	-3.326108e+02
2.980000e-06	-4.392431e-06	-5.128622e-09	-3.128660e+01	-3.365671e+02
2.990000e-06	-4.450784e-06	-5.187073e-09	-3.170224e+01	-3.403695e+02
3.000000e-06	-4.507701e-06	-5.244399e-09	-3.210765e+01	-3.440167e+02
3.010000e-06	-4.563027e-06	-5.300702e-09	-3.250172e+01	-3.475063e+02
3.020000e-06	-4.616438e-06	-5.353957e-09	-3.288216e+01	-3.508358e+02
3.030000e-06	-4.667943e-06	-5.404372e-09	-3.324903e+01	-3.540032e+02
3.040000e-06	-4.717628e-06	-5.452175e-09	-3.360292e+01	-3.570077e+02
3.050000e-06	-4.765446e-06	-5.497961e-09	-3.394353e+01	-3.598500e+02
3.060000e-06	-4.811479e-06	-5.539815e-09	-3.427141e+01	-3.625325e+02
3.070000e-06	-4.855921e-06	-5.578118e-09	-3.458796e+01	-3.650595e+02
3.080000e-06	-4.898895e-06	-5.614412e-09	-3.489406e+01	-3.674368e+02
3.090000e-06	-4.940355e-06	-5.649779e-09	-3.518937e+01	-3.696713e+02
3.100000e-06	-4.980176e-06	-5.685387e-09	-3.547301e+01	-3.717706e+02
3.110000e-06	-5.018124e-06	-5.718792e-09	-3.574331e+01	-3.737422e+02
3.120000e-06	-5.054134e-06	-5.751091e-09	-3.599980e+01	-3.755930e+02
3.130000e-06	-5.088412e-06	-5.781525e-09	-3.624396e+01	-3.773287e+02
3.140000e-06	-5.121079e-06	-5.808038e-09	-3.647665e+01	-3.789537e+02
3.150000e-06	-5.151917e-06	-5.831240e-09	-3.669630e+01	-3.804709e+02
3.160000e-06	-5.180779e-06	-5.852145e-09	-3.690188e+01	-3.818820e+02
3.170000e-06	-5.207794e-06	-5.872407e-09	-3.709430e+01	-3.831876e+02
3.180000e-06	-5.233021e-06	-5.888831e-09	-3.727399e+01	-3.843876e+02
3.190000e-06	-5.256435e-06	-5.900849e-09	-3.744076e+01	-3.854820e+02
3.200000e-06	-5.277898e-06	-5.913619e-09	-3.759364e+01	-3.864715e+02
3.210000e-06	-5.297453e-06	-5.928799e-09	-3.773293e+01	-3.873573e+02
3.220000e-06	-5.315209e-06	-5.944267e-09	-3.785940e+01	-3.881417e+02
3.230000e-06	-5.331056e-06	-5.958813e-09	-3.797227e+01	-3.888282e+02
3.240000e-06	-5.344697e-06	-5.970592e-09	-3.806944e+01	-3.894207e+02
3.250000e-06	-5.356146e-06	-5.978391e-09	-3.815099e+01	-3.899240e+02
3.260000e-06	-5.365716e-06	-5.983316e-09	-3.821915e+01	-3.903422e+02
3.270000e-06	-5.373430e-06	-5.986166e-09	-3.827410e+01	-3.906790e+02
3.280000e-06	-5.379096e-06	-5.986014e-09	-3.831445e+01	-3.909368e+02
3.290000e-06	-5.382842e-06	-5.983879e-09	-3.834114e+01	-3.911163e+02
3.300000e-06	-5.384840e-06	-5.984645e-09	-3.835537e+01	-3.912166e+02
3.310000e-06	-5.385019e-06	-5.985398e-09	-3.835664e+01	-3.912351e+02
