# Temperatura_=_60.26
# Concentracion g/m^3_=_15000.0
# C_Vs_to_Am_M_A/Vsm_=_65563218390.804596
# pendiente_HvsI_1/m_=_3716.3
# ordenada_HvsI_A/m_=_1297.0
# frecuencia_Hz_=_301575.26441200625

Tiempo_(s)	Campo_(V.s)	Magnetizacion_(V.s)	Campo_(kA/m)	Magnetizacion_(A/m)
0.000000e+00	-5.416438e-06	-5.588070e-09	-3.834218e+01	-3.647900e+02
1.000000e-08	-5.413909e-06	-5.589220e-09	-3.832428e+01	-3.646725e+02
2.000000e-08	-5.409537e-06	-5.583322e-09	-3.829333e+01	-3.644720e+02
3.000000e-08	-5.403505e-06	-5.577389e-09	-3.825063e+01	-3.641861e+02
4.000000e-08	-5.395888e-06	-5.570316e-09	-3.819671e+01	-3.638130e+02
5.000000e-08	-5.386417e-06	-5.559762e-09	-3.812966e+01	-3.633522e+02
6.000000e-08	-5.374895e-06	-5.548968e-09	-3.804810e+01	-3.628049e+02
7.000000e-08	-5.361480e-06	-5.536147e-09	-3.795314e+01	-3.621742e+02
8.000000e-08	-5.345969e-06	-5.530083e-09	-3.784334e+01	-3.614649e+02
9.000000e-08	-5.328202e-06	-5.567218e-09	-3.771757e+01	-3.606834e+02
1.000000e-07	-5.308377e-06	-5.568465e-09	-3.757723e+01	-3.598368e+02
1.100000e-07	-5.286614e-06	-5.523439e-09	-3.742318e+01	-3.589327e+02
1.200000e-07	-5.263118e-06	-5.501564e-09	-3.725685e+01	-3.579775e+02
1.300000e-07	-5.238005e-06	-5.416161e-09	-3.707908e+01	-3.569766e+02
1.400000e-07	-5.211218e-06	-5.378225e-09	-3.688946e+01	-3.559326e+02
1.500000e-07	-5.182873e-06	-5.491373e-09	-3.668881e+01	-3.548457e+02
1.600000e-07	-5.153128e-06	-5.419496e-09	-3.647825e+01	-3.537127e+02
1.700000e-07	-5.121818e-06	-5.381535e-09	-3.625661e+01	-3.525278e+02
1.800000e-07	-5.088424e-06	-5.427475e-09	-3.602022e+01	-3.512825e+02
1.900000e-07	-5.053140e-06	-5.282812e-09	-3.577045e+01	-3.499668e+02
2.000000e-07	-5.016364e-06	-5.297402e-09	-3.551011e+01	-3.485698e+02
2.100000e-07	-4.977817e-06	-5.367972e-09	-3.523725e+01	-3.470807e+02
2.200000e-07	-4.937403e-06	-5.294883e-09	-3.495116e+01	-3.454902e+02
2.300000e-07	-4.895027e-06	-5.272152e-09	-3.465119e+01	-3.437910e+02
2.400000e-07	-4.850696e-06	-5.218086e-09	-3.433737e+01	-3.419787e+02
2.500000e-07	-4.804632e-06	-5.152535e-09	-3.401130e+01	-3.400520e+02
2.600000e-07	-4.756654e-06	-5.159669e-09	-3.367167e+01	-3.380125e+02
2.700000e-07	-4.706526e-06	-5.120553e-09	-3.331681e+01	-3.358645e+02
2.800000e-07	-4.654362e-06	-5.106778e-09	-3.294755e+01	-3.336145e+02
2.900000e-07	-4.600342e-06	-5.056133e-09	-3.256516e+01	-3.312700e+02
3.000000e-07	-4.544771e-06	-4.986127e-09	-3.217178e+01	-3.288388e+02
3.100000e-07	-4.487516e-06	-4.979637e-09	-3.176648e+01	-3.263280e+02
3.200000e-07	-4.428407e-06	-4.969729e-09	-3.134805e+01	-3.237432e+02
3.300000e-07	-4.367711e-06	-4.917811e-09	-3.091839e+01	-3.210880e+02
3.400000e-07	-4.305564e-06	-4.829341e-09	-3.047846e+01	-3.183639e+02
3.500000e-07	-4.242053e-06	-4.793070e-09	-3.002888e+01	-3.155703e+02
3.600000e-07	-4.176930e-06	-4.777833e-09	-2.956788e+01	-3.127047e+02
3.700000e-07	-4.110048e-06	-4.746760e-09	-2.909443e+01	-3.097633e+02
3.800000e-07	-4.041663e-06	-4.711535e-09	-2.861035e+01	-3.067421e+02
3.900000e-07	-3.971987e-06	-4.636712e-09	-2.811712e+01	-3.036370e+02
4.000000e-07	-3.901056e-06	-4.561718e-09	-2.761501e+01	-3.004452e+02
4.100000e-07	-3.828841e-06	-4.509664e-09	-2.710381e+01	-2.971648e+02
4.200000e-07	-3.755100e-06	-4.478320e-09	-2.658181e+01	-2.937959e+02
4.300000e-07	-3.679716e-06	-4.449084e-09	-2.604817e+01	-2.903400e+02
4.400000e-07	-3.602895e-06	-4.386115e-09	-2.550437e+01	-2.868000e+02
4.500000e-07	-3.524623e-06	-4.310727e-09	-2.495030e+01	-2.831798e+02
4.600000e-07	-3.444943e-06	-4.242675e-09	-2.438625e+01	-2.794833e+02
4.700000e-07	-3.364018e-06	-4.197648e-09	-2.381340e+01	-2.757140e+02
4.800000e-07	-3.281930e-06	-4.159219e-09	-2.323231e+01	-2.718746e+02
4.900000e-07	-3.198768e-06	-4.098687e-09	-2.264362e+01	-2.679658e+02
5.000000e-07	-3.114599e-06	-4.027590e-09	-2.204780e+01	-2.639869e+02
5.100000e-07	-3.029380e-06	-3.954958e-09	-2.144454e+01	-2.599349e+02
5.200000e-07	-2.943201e-06	-3.893346e-09	-2.083449e+01	-2.558056e+02
5.300000e-07	-2.856164e-06	-3.834471e-09	-2.021837e+01	-2.515930e+02
5.400000e-07	-2.768187e-06	-3.768563e-09	-1.959559e+01	-2.472907e+02
5.500000e-07	-2.679034e-06	-3.691149e-09	-1.896449e+01	-2.428923e+02
5.600000e-07	-2.588613e-06	-3.608159e-09	-1.832442e+01	-2.383920e+02
5.700000e-07	-2.497216e-06	-3.543298e-09	-1.767743e+01	-2.337852e+02
5.800000e-07	-2.405033e-06	-3.490344e-09	-1.702488e+01	-2.290690e+02
5.900000e-07	-2.312000e-06	-3.425908e-09	-1.636631e+01	-2.242423e+02
6.000000e-07	-2.218118e-06	-3.338260e-09	-1.570174e+01	-2.193058e+02
6.100000e-07	-2.123487e-06	-3.249076e-09	-1.503186e+01	-2.142620e+02
6.200000e-07	-2.028192e-06	-3.169638e-09	-1.435728e+01	-2.091140e+02
6.300000e-07	-1.932215e-06	-3.095270e-09	-1.367787e+01	-2.038660e+02
6.400000e-07	-1.835344e-06	-3.021407e-09	-1.299214e+01	-1.985219e+02
6.500000e-07	-1.737503e-06	-2.938626e-09	-1.229953e+01	-1.930850e+02
6.600000e-07	-1.638935e-06	-2.846158e-09	-1.160178e+01	-1.875575e+02
6.700000e-07	-1.539891e-06	-2.750532e-09	-1.090066e+01	-1.819401e+02
6.800000e-07	-1.440436e-06	-2.664915e-09	-1.019664e+01	-1.762320e+02
6.900000e-07	-1.340555e-06	-2.584694e-09	-9.489593e+00	-1.704309e+02
7.000000e-07	-1.240253e-06	-2.497047e-09	-8.779573e+00	-1.645330e+02
7.100000e-07	-1.139501e-06	-2.400239e-09	-8.066362e+00	-1.585337e+02
7.200000e-07	-1.038382e-06	-2.303124e-09	-7.350555e+00	-1.524276e+02
7.300000e-07	-9.369913e-07	-2.209303e-09	-6.632826e+00	-1.462092e+02
7.400000e-07	-8.352364e-07	-2.116308e-09	-5.912518e+00	-1.398733e+02
7.500000e-07	-7.331386e-07	-2.021209e-09	-5.189782e+00	-1.334149e+02
7.600000e-07	-6.308192e-07	-1.918671e-09	-4.465478e+00	-1.268294e+02
7.700000e-07	-5.282825e-07	-1.809373e-09	-3.739636e+00	-1.201129e+02
7.800000e-07	-4.255414e-07	-1.701404e-09	-3.012346e+00	-1.132615e+02
7.900000e-07	-3.227054e-07	-1.599826e-09	-2.284385e+00	-1.062713e+02
8.000000e-07	-2.197906e-07	-1.496541e-09	-1.555866e+00	-9.913793e+01
8.100000e-07	-1.168016e-07	-1.386232e-09	-8.268215e-01	-9.185616e+01
8.200000e-07	-1.374753e-08	-1.271418e-09	-9.731676e-02	-8.441970e+01
8.300000e-07	8.933820e-08	-1.156608e-09	6.324122e-01	-7.682095e+01
8.400000e-07	1.924173e-07	-1.043080e-09	1.362094e+00	-6.905101e+01
8.500000e-07	2.954407e-07	-9.272275e-10	2.091382e+00	-6.109991e+01
8.600000e-07	3.983855e-07	-8.046255e-10	2.820113e+00	-5.295694e+01
8.700000e-07	5.012756e-07	-6.724074e-10	3.548457e+00	-4.461131e+01
8.800000e-07	6.040295e-07	-5.370620e-10	4.275838e+00	-3.605289e+01
8.900000e-07	7.066187e-07	-4.035950e-10	5.002052e+00	-2.727303e+01
9.000000e-07	8.089439e-07	-2.691577e-10	5.726397e+00	-1.826553e+01
9.100000e-07	9.109758e-07	-1.313079e-10	6.448666e+00	-9.027524e+00
9.200000e-07	1.012670e-06	1.170629e-11	7.168542e+00	4.397515e-01
9.300000e-07	1.113947e-06	1.606327e-10	7.885472e+00	1.013026e+01
9.400000e-07	1.214849e-06	3.140049e-10	8.599742e+00	2.003271e+01
9.500000e-07	1.315329e-06	4.688265e-10	9.311023e+00	3.013035e+01
9.600000e-07	1.415338e-06	6.257986e-10	1.001897e+01	4.040099e+01
9.700000e-07	1.514884e-06	7.856413e-10	1.072365e+01	5.081731e+01
9.800000e-07	1.613956e-06	9.485126e-10	1.142496e+01	6.134738e+01
9.900000e-07	1.712470e-06	1.112287e-09	1.212233e+01	7.195543e+01
1.000000e-06	1.810198e-06	1.275762e-09	1.281413e+01	8.260279e+01
1.010000e-06	1.906956e-06	1.438880e-09	1.349907e+01	9.324894e+01
1.020000e-06	2.002833e-06	1.603061e-09	1.417776e+01	1.038526e+02
1.030000e-06	2.098004e-06	1.766932e-09	1.485147e+01	1.143729e+02
1.040000e-06	2.192527e-06	1.927802e-09	1.552058e+01	1.247703e+02
1.050000e-06	2.286261e-06	2.085333e-09	1.618411e+01	1.350080e+02
1.060000e-06	2.379194e-06	2.236955e-09	1.684197e+01	1.450519e+02
1.070000e-06	2.471416e-06	2.383861e-09	1.749480e+01	1.548723e+02
1.080000e-06	2.562914e-06	2.530247e-09	1.814250e+01	1.644435e+02
1.090000e-06	2.653633e-06	2.675833e-09	1.878468e+01	1.737444e+02
1.100000e-06	2.743232e-06	2.816613e-09	1.941895e+01	1.827586e+02
1.110000e-06	2.831536e-06	2.947108e-09	2.004403e+01	1.914741e+02
1.120000e-06	2.918819e-06	3.070297e-09	2.066190e+01	1.998832e+02
1.130000e-06	3.005200e-06	3.191792e-09	2.127337e+01	2.079822e+02
1.140000e-06	3.090595e-06	3.312318e-09	2.187787e+01	2.157708e+02
1.150000e-06	3.175024e-06	3.428952e-09	2.247554e+01	2.232518e+02
1.160000e-06	3.258517e-06	3.538655e-09	2.306657e+01	2.304308e+02
1.170000e-06	3.340934e-06	3.641571e-09	2.364999e+01	2.373153e+02
1.180000e-06	3.422036e-06	3.738466e-09	2.422410e+01	2.439149e+02
1.190000e-06	3.501815e-06	3.832698e-09	2.478884e+01	2.502405e+02
1.200000e-06	3.580367e-06	3.925717e-09	2.534490e+01	2.563041e+02
1.210000e-06	3.657687e-06	4.015918e-09	2.589224e+01	2.621186e+02
1.220000e-06	3.733745e-06	4.101795e-09	2.643064e+01	2.676974e+02
1.230000e-06	3.808325e-06	4.182742e-09	2.695858e+01	2.730537e+02
1.240000e-06	3.881246e-06	4.259564e-09	2.747478e+01	2.782008e+02
1.250000e-06	3.952627e-06	4.334932e-09	2.798007e+01	2.831511e+02
1.260000e-06	4.022575e-06	4.408690e-09	2.847522e+01	2.879163e+02
1.270000e-06	4.091141e-06	4.480696e-09	2.896060e+01	2.925065e+02
1.280000e-06	4.158372e-06	4.548815e-09	2.943651e+01	2.969302e+02
1.290000e-06	4.224028e-06	4.612366e-09	2.990128e+01	3.011941e+02
1.300000e-06	4.287990e-06	4.673026e-09	3.035406e+01	3.053028e+02
1.310000e-06	4.350486e-06	4.731775e-09	3.079646e+01	3.092591e+02
1.320000e-06	4.411599e-06	4.788282e-09	3.122907e+01	3.130638e+02
1.330000e-06	4.471303e-06	4.840956e-09	3.165171e+01	3.167166e+02
1.340000e-06	4.529412e-06	4.891883e-09	3.206305e+01	3.202159e+02
1.350000e-06	4.585708e-06	4.943705e-09	3.246156e+01	3.235597e+02
1.360000e-06	4.640279e-06	4.994355e-09	3.284787e+01	3.267462e+02
1.370000e-06	4.693180e-06	5.039156e-09	3.322234e+01	3.297743e+02
1.380000e-06	4.744190e-06	5.077429e-09	3.358344e+01	3.326439e+02
1.390000e-06	4.793151e-06	5.114003e-09	3.393002e+01	3.353567e+02
1.400000e-06	4.840270e-06	5.150852e-09	3.426357e+01	3.379157e+02
1.410000e-06	4.885795e-06	5.186393e-09	3.458583e+01	3.403258e+02
1.420000e-06	4.929786e-06	5.219867e-09	3.489724e+01	3.425933e+02
1.430000e-06	4.972035e-06	5.251172e-09	3.519631e+01	3.447254e+02
1.440000e-06	5.012334e-06	5.279041e-09	3.548159e+01	3.467301e+02
1.450000e-06	5.050872e-06	5.303767e-09	3.575439e+01	3.486152e+02
1.460000e-06	5.087822e-06	5.327872e-09	3.601595e+01	3.503879e+02
1.470000e-06	5.123095e-06	5.353232e-09	3.626564e+01	3.520545e+02
1.480000e-06	5.156440e-06	5.377927e-09	3.650169e+01	3.536198e+02
1.490000e-06	5.187810e-06	5.399331e-09	3.672376e+01	3.550870e+02
1.500000e-06	5.217477e-06	5.417590e-09	3.693376e+01	3.564581e+02
1.510000e-06	5.245554e-06	5.433782e-09	3.713252e+01	3.577335e+02
1.520000e-06	5.271755e-06	5.448873e-09	3.731799e+01	3.589128e+02
1.530000e-06	5.295811e-06	5.463746e-09	3.748828e+01	3.599952e+02
1.540000e-06	5.317908e-06	5.478353e-09	3.764470e+01	3.609799e+02
1.550000e-06	5.338264e-06	5.492149e-09	3.778880e+01	3.618665e+02
1.560000e-06	5.356783e-06	5.505092e-09	3.791989e+01	3.626556e+02
1.570000e-06	5.373306e-06	5.517125e-09	3.803686e+01	3.633486e+02
1.580000e-06	5.387809e-06	5.527519e-09	3.813952e+01	3.639478e+02
1.590000e-06	5.400367e-06	5.535320e-09	3.822842e+01	3.644565e+02
1.600000e-06	5.410769e-06	5.540781e-09	3.830205e+01	3.648782e+02
1.610000e-06	5.418979e-06	5.544400e-09	3.836017e+01	3.652163e+02
1.620000e-06	5.425262e-06	5.548782e-09	3.840464e+01	3.654740e+02
1.630000e-06	5.429780e-06	5.554494e-09	3.843663e+01	3.656535e+02
1.640000e-06	5.432457e-06	5.558151e-09	3.845558e+01	3.657556e+02
1.650000e-06	5.433082e-06	5.560553e-09	3.846000e+01	3.657803e+02
1.660000e-06	5.431803e-06	5.558777e-09	3.845095e+01	3.657262e+02
1.670000e-06	5.428854e-06	5.552598e-09	3.843007e+01	3.655910e+02
1.680000e-06	5.424248e-06	5.550602e-09	3.839746e+01	3.653723e+02
1.690000e-06	5.417719e-06	5.547000e-09	3.835125e+01	3.650676e+02
1.700000e-06	5.409324e-06	5.541373e-09	3.829182e+01	3.646756e+02
1.710000e-06	5.399332e-06	5.536375e-09	3.822109e+01	3.641959e+02
1.720000e-06	5.387641e-06	5.533275e-09	3.813833e+01	3.636303e+02
1.730000e-06	5.374058e-06	5.536244e-09	3.804218e+01	3.629822e+02
1.740000e-06	5.358410e-06	5.476393e-09	3.793141e+01	3.622567e+02
1.750000e-06	5.340372e-06	5.438045e-09	3.780372e+01	3.614605e+02
1.760000e-06	5.319665e-06	5.455148e-09	3.765714e+01	3.606008e+02
1.770000e-06	5.296596e-06	5.444335e-09	3.749384e+01	3.596851e+02
1.780000e-06	5.272156e-06	5.522591e-09	3.732083e+01	3.587196e+02
1.790000e-06	5.246993e-06	5.489122e-09	3.714270e+01	3.577092e+02
1.800000e-06	5.220446e-06	5.337457e-09	3.695478e+01	3.566560e+02
1.810000e-06	5.191699e-06	5.432998e-09	3.675128e+01	3.555594e+02
1.820000e-06	5.161110e-06	5.392493e-09	3.653475e+01	3.544157e+02
1.830000e-06	5.128877e-06	5.318326e-09	3.630658e+01	3.532185e+02
1.840000e-06	5.094679e-06	5.463080e-09	3.606450e+01	3.519589e+02
1.850000e-06	5.058821e-06	5.345834e-09	3.581066e+01	3.506266e+02
1.860000e-06	5.021245e-06	5.259723e-09	3.554467e+01	3.492105e+02
1.870000e-06	4.981728e-06	5.316369e-09	3.526493e+01	3.477003e+02
1.880000e-06	4.940538e-06	5.210393e-09	3.497335e+01	3.460869e+02
1.890000e-06	4.897533e-06	5.265984e-09	3.466893e+01	3.443636e+02
1.900000e-06	4.852817e-06	5.263541e-09	3.435239e+01	3.425267e+02
1.910000e-06	4.806398e-06	5.177950e-09	3.402380e+01	3.405754e+02
1.920000e-06	4.757947e-06	5.210351e-09	3.368082e+01	3.385120e+02
1.930000e-06	4.707768e-06	5.064496e-09	3.332561e+01	3.363415e+02
1.940000e-06	4.655868e-06	5.078458e-09	3.295822e+01	3.340704e+02
1.950000e-06	4.601894e-06	5.121693e-09	3.257614e+01	3.317066e+02
1.960000e-06	4.545937e-06	5.005416e-09	3.218003e+01	3.292576e+02
1.970000e-06	4.488290e-06	4.975389e-09	3.177195e+01	3.267304e+02
1.980000e-06	4.429160e-06	4.913599e-09	3.135339e+01	3.241301e+02
1.990000e-06	4.368522e-06	4.923583e-09	3.092414e+01	3.214600e+02
2.000000e-06	4.306183e-06	4.883663e-09	3.048285e+01	3.187210e+02
2.010000e-06	4.242198e-06	4.797242e-09	3.002990e+01	3.159121e+02
2.020000e-06	4.176730e-06	4.790112e-09	2.956647e+01	3.130304e+02
2.030000e-06	4.109809e-06	4.694698e-09	2.909275e+01	3.100721e+02
2.040000e-06	4.041498e-06	4.667254e-09	2.860918e+01	3.070331e+02
2.050000e-06	3.971706e-06	4.644991e-09	2.811513e+01	3.039096e+02
2.060000e-06	3.900306e-06	4.610687e-09	2.760970e+01	3.006987e+02
2.070000e-06	3.827492e-06	4.561733e-09	2.709426e+01	2.973991e+02
2.080000e-06	3.753417e-06	4.445085e-09	2.656990e+01	2.940113e+02
2.090000e-06	3.677977e-06	4.412123e-09	2.603586e+01	2.905370e+02
2.100000e-06	3.601090e-06	4.375956e-09	2.549160e+01	2.869793e+02
2.110000e-06	3.522661e-06	4.343360e-09	2.493641e+01	2.833423e+02
2.120000e-06	3.442840e-06	4.281838e-09	2.437137e+01	2.796297e+02
2.130000e-06	3.361904e-06	4.200525e-09	2.379843e+01	2.758451e+02
2.140000e-06	3.279769e-06	4.144809e-09	2.321701e+01	2.719907e+02
2.150000e-06	3.196541e-06	4.068672e-09	2.262785e+01	2.680669e+02
2.160000e-06	3.112313e-06	4.028147e-09	2.203161e+01	2.640725e+02
2.170000e-06	3.026870e-06	3.979062e-09	2.142678e+01	2.600042e+02
2.180000e-06	2.940100e-06	3.916630e-09	2.081254e+01	2.558574e+02
2.190000e-06	2.852173e-06	3.837803e-09	2.019012e+01	2.516260e+02
2.200000e-06	2.763254e-06	3.770075e-09	1.956068e+01	2.473035e+02
2.210000e-06	2.673409e-06	3.724707e-09	1.892468e+01	2.428836e+02
2.220000e-06	2.582695e-06	3.652191e-09	1.828253e+01	2.383607e+02
2.230000e-06	2.491147e-06	3.564791e-09	1.763447e+01	2.337305e+02
2.240000e-06	2.398798e-06	3.478660e-09	1.698074e+01	2.289905e+02
2.250000e-06	2.305551e-06	3.413443e-09	1.632066e+01	2.241400e+02
2.260000e-06	2.211373e-06	3.345565e-09	1.565399e+01	2.191802e+02
2.270000e-06	2.116262e-06	3.278963e-09	1.498071e+01	2.141135e+02
2.280000e-06	2.020251e-06	3.206879e-09	1.430106e+01	2.089437e+02
2.290000e-06	1.923512e-06	3.116799e-09	1.361626e+01	2.036746e+02
2.300000e-06	1.826207e-06	3.022371e-09	1.292745e+01	1.983103e+02
2.310000e-06	1.728376e-06	2.942816e-09	1.223493e+01	1.928536e+02
2.320000e-06	1.629941e-06	2.878524e-09	1.153812e+01	1.873067e+02
2.330000e-06	1.530964e-06	2.795739e-09	1.083747e+01	1.816699e+02
2.340000e-06	1.431540e-06	2.695922e-09	1.013366e+01	1.759420e+02
2.350000e-06	1.331729e-06	2.596679e-09	9.427114e+00	1.701203e+02
2.360000e-06	1.231622e-06	2.509676e-09	8.718474e+00	1.642010e+02
2.370000e-06	1.131272e-06	2.424761e-09	8.008109e+00	1.581791e+02
2.380000e-06	1.030550e-06	2.336332e-09	7.295113e+00	1.520492e+02
2.390000e-06	9.292753e-07	2.243621e-09	6.578206e+00	1.458060e+02
2.400000e-06	8.274315e-07	2.142035e-09	5.857268e+00	1.394441e+02
2.410000e-06	7.252181e-07	2.039239e-09	5.133714e+00	1.329587e+02
2.420000e-06	6.227821e-07	1.941524e-09	4.408584e+00	1.263453e+02
2.430000e-06	5.200872e-07	1.845268e-09	3.681622e+00	1.196001e+02
2.440000e-06	4.171147e-07	1.740515e-09	2.952694e+00	1.127192e+02
2.450000e-06	3.139476e-07	1.626402e-09	2.222390e+00	1.056985e+02
2.460000e-06	2.106583e-07	1.510091e-09	1.491219e+00	9.853367e+01
2.470000e-06	1.072986e-07	1.399407e-09	7.595516e-01	9.121919e+01
2.480000e-06	3.880754e-09	1.289156e-09	2.747129e-02	8.374849e+01
2.490000e-06	-9.955960e-08	1.171502e-09	-7.047680e-01	7.611371e+01
2.500000e-06	-2.029656e-07	1.047459e-09	-1.436764e+00	6.830569e+01
2.510000e-06	-3.063008e-07	9.227954e-10	-2.168259e+00	6.031425e+01
2.520000e-06	-4.094806e-07	8.004947e-10	-2.898654e+00	5.212861e+01
2.530000e-06	-5.124945e-07	6.770402e-10	-3.627874e+00	4.373806e+01
2.540000e-06	-6.153518e-07	5.488796e-10	-4.355986e+00	3.513271e+01
2.550000e-06	-7.180018e-07	4.136865e-10	-5.082631e+00	2.630435e+01
2.560000e-06	-8.202304e-07	2.706142e-10	-5.806292e+00	1.724744e+01
2.570000e-06	-9.219945e-07	1.226349e-10	-6.526665e+00	7.959901e+00
2.580000e-06	-1.023304e-06	-2.234307e-11	-7.243817e+00	-1.556030e+00
2.590000e-06	-1.124050e-06	-1.642649e-10	-7.956985e+00	-1.129323e+01
2.600000e-06	-1.224322e-06	-3.115166e-10	-8.666798e+00	-2.123924e+01
2.610000e-06	-1.324218e-06	-4.674954e-10	-9.373946e+00	-3.137614e+01
2.620000e-06	-1.423747e-06	-6.265496e-10	-1.007850e+01	-4.168061e+01
2.630000e-06	-1.522847e-06	-7.830056e-10	-1.078001e+01	-5.212427e+01
2.640000e-06	-1.621372e-06	-9.399400e-10	-1.147746e+01	-6.267431e+01
2.650000e-06	-1.719308e-06	-1.101008e-09	-1.217073e+01	-7.329426e+01
2.660000e-06	-1.816655e-06	-1.265017e-09	-1.285984e+01	-8.394496e+01
2.670000e-06	-1.913393e-06	-1.429505e-09	-1.354463e+01	-9.458561e+01
2.680000e-06	-2.009543e-06	-1.591234e-09	-1.422526e+01	-1.051749e+02
2.690000e-06	-2.105144e-06	-1.746755e-09	-1.490201e+01	-1.156723e+02
2.700000e-06	-2.200043e-06	-1.899410e-09	-1.557379e+01	-1.260387e+02
2.710000e-06	-2.293912e-06	-2.053994e-09	-1.623827e+01	-1.362377e+02
2.720000e-06	-2.386631e-06	-2.208962e-09	-1.689462e+01	-1.462362e+02
2.730000e-06	-2.478452e-06	-2.358944e-09	-1.754460e+01	-1.560054e+02
2.740000e-06	-2.569512e-06	-2.502863e-09	-1.818920e+01	-1.655204e+02
2.750000e-06	-2.659668e-06	-2.643957e-09	-1.882741e+01	-1.747612e+02
2.760000e-06	-2.748847e-06	-2.781904e-09	-1.945869e+01	-1.837124e+02
2.770000e-06	-2.837112e-06	-2.914891e-09	-2.008351e+01	-1.923629e+02
2.780000e-06	-2.924607e-06	-3.043030e-09	-2.070287e+01	-2.007059e+02
2.790000e-06	-3.011138e-06	-3.165618e-09	-2.131541e+01	-2.087384e+02
2.800000e-06	-3.096348e-06	-3.282268e-09	-2.191860e+01	-2.164609e+02
2.810000e-06	-3.180362e-06	-3.396616e-09	-2.251332e+01	-2.238768e+02
2.820000e-06	-3.263364e-06	-3.508595e-09	-2.310088e+01	-2.309921e+02
2.830000e-06	-3.345337e-06	-3.616143e-09	-2.368116e+01	-2.378148e+02
2.840000e-06	-3.426235e-06	-3.717782e-09	-2.425382e+01	-2.443549e+02
2.850000e-06	-3.505973e-06	-3.813015e-09	-2.481828e+01	-2.506234e+02
2.860000e-06	-3.584373e-06	-3.904322e-09	-2.537326e+01	-2.566327e+02
2.870000e-06	-3.661162e-06	-3.992361e-09	-2.591683e+01	-2.623957e+02
2.880000e-06	-3.736439e-06	-4.077034e-09	-2.644971e+01	-2.679258e+02
2.890000e-06	-3.810366e-06	-4.157652e-09	-2.697303e+01	-2.732363e+02
2.900000e-06	-3.882934e-06	-4.234875e-09	-2.748673e+01	-2.783404e+02
2.910000e-06	-3.954144e-06	-4.308894e-09	-2.799081e+01	-2.832503e+02
2.920000e-06	-4.023796e-06	-4.379895e-09	-2.848387e+01	-2.879773e+02
2.930000e-06	-4.091886e-06	-4.450394e-09	-2.896587e+01	-2.925313e+02
2.940000e-06	-4.158610e-06	-4.519594e-09	-2.943820e+01	-2.969204e+02
2.950000e-06	-4.223886e-06	-4.587331e-09	-2.990028e+01	-3.011508e+02
2.960000e-06	-4.287701e-06	-4.652157e-09	-3.035201e+01	-3.052269e+02
2.970000e-06	-4.349910e-06	-4.713048e-09	-3.079238e+01	-3.091508e+02
2.980000e-06	-4.410333e-06	-4.771500e-09	-3.122011e+01	-3.129232e+02
2.990000e-06	-4.469222e-06	-4.827487e-09	-3.163698e+01	-3.165434e+02
3.000000e-06	-4.526692e-06	-4.880658e-09	-3.204380e+01	-3.200096e+02
3.010000e-06	-4.582619e-06	-4.931340e-09	-3.243969e+01	-3.233200e+02
3.020000e-06	-4.636707e-06	-4.980250e-09	-3.282258e+01	-3.264728e+02
3.030000e-06	-4.688797e-06	-5.029581e-09	-3.319132e+01	-3.294670e+02
3.040000e-06	-4.739043e-06	-5.077456e-09	-3.354700e+01	-3.323030e+02
3.050000e-06	-4.787364e-06	-5.122128e-09	-3.388906e+01	-3.349826e+02
3.060000e-06	-4.833824e-06	-5.162439e-09	-3.421794e+01	-3.375094e+02
3.070000e-06	-4.878729e-06	-5.199711e-09	-3.453582e+01	-3.398885e+02
3.080000e-06	-4.922131e-06	-5.234788e-09	-3.484305e+01	-3.421265e+02
3.090000e-06	-4.963972e-06	-5.267625e-09	-3.513924e+01	-3.442308e+02
3.100000e-06	-5.004212e-06	-5.300613e-09	-3.542409e+01	-3.462093e+02
3.110000e-06	-5.042646e-06	-5.331875e-09	-3.569616e+01	-3.480699e+02
3.120000e-06	-5.079150e-06	-5.360883e-09	-3.595457e+01	-3.498195e+02
3.130000e-06	-5.113934e-06	-5.389100e-09	-3.620080e+01	-3.514641e+02
3.140000e-06	-5.147050e-06	-5.415799e-09	-3.643522e+01	-3.530083e+02
3.150000e-06	-5.178341e-06	-5.439433e-09	-3.665673e+01	-3.544550e+02
3.160000e-06	-5.207669e-06	-5.460145e-09	-3.686434e+01	-3.558057e+02
3.170000e-06	-5.235103e-06	-5.479361e-09	-3.705854e+01	-3.570607e+02
3.180000e-06	-5.260721e-06	-5.495873e-09	-3.723988e+01	-3.582194e+02
3.190000e-06	-5.284485e-06	-5.510320e-09	-3.740811e+01	-3.592811e+02
3.200000e-06	-5.306309e-06	-5.524777e-09	-3.756259e+01	-3.602449e+02
3.210000e-06	-5.326196e-06	-5.538172e-09	-3.770337e+01	-3.611107e+02
3.220000e-06	-5.344287e-06	-5.548928e-09	-3.783144e+01	-3.618792e+02
3.230000e-06	-5.360579e-06	-5.559054e-09	-3.794677e+01	-3.625520e+02
3.240000e-06	-5.374706e-06	-5.569458e-09	-3.804677e+01	-3.631317e+02
3.250000e-06	-5.386548e-06	-5.578744e-09	-3.813059e+01	-3.636216e+02
3.260000e-06	-5.396480e-06	-5.586840e-09	-3.820090e+01	-3.640252e+02
3.270000e-06	-5.404566e-06	-5.592797e-09	-3.825814e+01	-3.643460e+02
3.280000e-06	-5.410601e-06	-5.594212e-09	-3.830086e+01	-3.645870e+02
3.290000e-06	-5.414686e-06	-5.591307e-09	-3.832978e+01	-3.647499e+02
3.300000e-06	-5.416960e-06	-5.588128e-09	-3.834587e+01	-3.648357e+02
3.310000e-06	-5.417418e-06	-5.586472e-09	-3.834912e+01	-3.648438e+02
