# Temperatura_=_67.61
# Concentracion g/m^3_=_15000.0
# C_Vs_to_Am_M_A/Vsm_=_65563218390.804596
# pendiente_HvsI_1/m_=_3716.3
# ordenada_HvsI_A/m_=_1297.0
# frecuencia_Hz_=_301573.9584244647

Tiempo_(s)	Campo_(V.s)	Magnetizacion_(V.s)	Campo_(kA/m)	Magnetizacion_(A/m)
0.000000e+00	-5.371636e-06	-5.788061e-09	-3.834931e+01	-3.779519e+02
1.000000e-08	-5.369054e-06	-5.786776e-09	-3.833088e+01	-3.777660e+02
2.000000e-08	-5.364702e-06	-5.780129e-09	-3.829980e+01	-3.774981e+02
3.000000e-08	-5.358721e-06	-5.773348e-09	-3.825711e+01	-3.771470e+02
4.000000e-08	-5.351090e-06	-5.765485e-09	-3.820262e+01	-3.767119e+02
5.000000e-08	-5.341610e-06	-5.754455e-09	-3.813494e+01	-3.761929e+02
6.000000e-08	-5.330089e-06	-5.742459e-09	-3.805269e+01	-3.755917e+02
7.000000e-08	-5.316699e-06	-5.725981e-09	-3.795710e+01	-3.749112e+02
8.000000e-08	-5.301275e-06	-5.718567e-09	-3.784698e+01	-3.741561e+02
9.000000e-08	-5.283631e-06	-5.756045e-09	-3.772102e+01	-3.733317e+02
1.000000e-07	-5.263953e-06	-5.756786e-09	-3.758054e+01	-3.724440e+02
1.100000e-07	-5.242402e-06	-5.719397e-09	-3.742668e+01	-3.714987e+02
1.200000e-07	-5.219140e-06	-5.696233e-09	-3.726061e+01	-3.705005e+02
1.300000e-07	-5.194306e-06	-5.596740e-09	-3.708331e+01	-3.694522e+02
1.400000e-07	-5.167824e-06	-5.577111e-09	-3.689425e+01	-3.683542e+02
1.500000e-07	-5.139758e-06	-5.673744e-09	-3.669388e+01	-3.672043e+02
1.600000e-07	-5.110283e-06	-5.579407e-09	-3.648345e+01	-3.659975e+02
1.700000e-07	-5.079168e-06	-5.578739e-09	-3.626132e+01	-3.647265e+02
1.800000e-07	-5.045934e-06	-5.611142e-09	-3.602405e+01	-3.633823e+02
1.900000e-07	-5.010800e-06	-5.451711e-09	-3.577322e+01	-3.619546e+02
2.000000e-07	-4.974227e-06	-5.479649e-09	-3.551212e+01	-3.604335e+02
2.100000e-07	-4.935955e-06	-5.513841e-09	-3.523889e+01	-3.588099e+02
2.200000e-07	-4.895807e-06	-5.431784e-09	-3.495226e+01	-3.570770e+02
2.300000e-07	-4.853719e-06	-5.435841e-09	-3.465178e+01	-3.552302e+02
2.400000e-07	-4.809771e-06	-5.385872e-09	-3.433803e+01	-3.532682e+02
2.500000e-07	-4.764049e-06	-5.328181e-09	-3.401161e+01	-3.511928e+02
2.600000e-07	-4.716403e-06	-5.325516e-09	-3.367145e+01	-3.490083e+02
2.700000e-07	-4.666724e-06	-5.272289e-09	-3.331679e+01	-3.467214e+02
2.800000e-07	-4.614968e-06	-5.260372e-09	-3.294729e+01	-3.443399e+02
2.900000e-07	-4.561298e-06	-5.208845e-09	-3.256413e+01	-3.418720e+02
3.000000e-07	-4.506033e-06	-5.138388e-09	-3.216958e+01	-3.393253e+02
3.100000e-07	-4.449150e-06	-5.133170e-09	-3.176347e+01	-3.367058e+02
3.200000e-07	-4.390437e-06	-5.119225e-09	-3.134431e+01	-3.340174e+02
3.300000e-07	-4.330165e-06	-5.058314e-09	-3.091402e+01	-3.312618e+02
3.400000e-07	-4.268492e-06	-4.975066e-09	-3.047371e+01	-3.284379e+02
3.500000e-07	-4.205421e-06	-4.946216e-09	-3.002344e+01	-3.255430e+02
3.600000e-07	-4.140880e-06	-4.915264e-09	-2.956267e+01	-3.225724e+02
3.700000e-07	-4.074636e-06	-4.872898e-09	-2.908973e+01	-3.195208e+02
3.800000e-07	-4.006825e-06	-4.841620e-09	-2.860562e+01	-3.163831e+02
3.900000e-07	-3.937664e-06	-4.770165e-09	-2.811186e+01	-3.131547e+02
4.000000e-07	-3.867223e-06	-4.699885e-09	-2.760897e+01	-3.098324e+02
4.100000e-07	-3.795571e-06	-4.647757e-09	-2.709743e+01	-3.064148e+02
4.200000e-07	-3.722556e-06	-4.611672e-09	-2.657616e+01	-3.029022e+02
4.300000e-07	-3.647990e-06	-4.574601e-09	-2.604382e+01	-2.992966e+02
4.400000e-07	-3.571835e-06	-4.510216e-09	-2.550013e+01	-2.956014e+02
4.500000e-07	-3.494206e-06	-4.441697e-09	-2.494592e+01	-2.918203e+02
4.600000e-07	-3.415211e-06	-4.377236e-09	-2.438195e+01	-2.879573e+02
4.700000e-07	-3.334951e-06	-4.323492e-09	-2.380896e+01	-2.840154e+02
4.800000e-07	-3.253492e-06	-4.270484e-09	-2.322741e+01	-2.799966e+02
4.900000e-07	-3.170845e-06	-4.205366e-09	-2.263737e+01	-2.759012e+02
5.000000e-07	-3.087177e-06	-4.135470e-09	-2.204004e+01	-2.717277e+02
5.100000e-07	-3.002607e-06	-4.062973e-09	-2.143628e+01	-2.674730e+02
5.200000e-07	-2.917121e-06	-4.000280e-09	-2.082598e+01	-2.631325e+02
5.300000e-07	-2.830638e-06	-3.936861e-09	-2.020855e+01	-2.587008e+02
5.400000e-07	-2.743242e-06	-3.865245e-09	-1.958461e+01	-2.541724e+02
5.500000e-07	-2.654927e-06	-3.789214e-09	-1.895412e+01	-2.495419e+02
5.600000e-07	-2.565436e-06	-3.710683e-09	-1.831522e+01	-2.448051e+02
5.700000e-07	-2.474797e-06	-3.642450e-09	-1.766813e+01	-2.399589e+02
5.800000e-07	-2.383247e-06	-3.576935e-09	-1.701453e+01	-2.350021e+02
5.900000e-07	-2.290923e-06	-3.501621e-09	-1.635541e+01	-2.299347e+02
6.000000e-07	-2.197771e-06	-3.413037e-09	-1.569038e+01	-2.247585e+02
6.100000e-07	-2.103747e-06	-3.326052e-09	-1.501912e+01	-2.194762e+02
6.200000e-07	-2.009013e-06	-3.244916e-09	-1.434279e+01	-2.140911e+02
6.300000e-07	-1.913705e-06	-3.164601e-09	-1.366237e+01	-2.086066e+02
6.400000e-07	-1.817752e-06	-3.085115e-09	-1.297734e+01	-2.030256e+02
6.500000e-07	-1.721032e-06	-3.001773e-09	-1.228683e+01	-1.973502e+02
6.600000e-07	-1.623538e-06	-2.911153e-09	-1.159080e+01	-1.915813e+02
6.700000e-07	-1.525350e-06	-2.814463e-09	-1.088981e+01	-1.857183e+02
6.800000e-07	-1.426531e-06	-2.723581e-09	-1.018432e+01	-1.797595e+02
6.900000e-07	-1.327202e-06	-2.635528e-09	-9.475193e+00	-1.737017e+02
7.000000e-07	-1.227518e-06	-2.541818e-09	-8.763526e+00	-1.675412e+02
7.100000e-07	-1.127528e-06	-2.443987e-09	-8.049677e+00	-1.612736e+02
7.200000e-07	-1.027260e-06	-2.346711e-09	-7.333837e+00	-1.548941e+02
7.300000e-07	-9.267037e-07	-2.249246e-09	-6.615945e+00	-1.483983e+02
7.400000e-07	-8.258218e-07	-2.148790e-09	-5.895726e+00	-1.417818e+02
7.500000e-07	-7.246333e-07	-2.047745e-09	-5.173319e+00	-1.350406e+02
7.600000e-07	-6.231594e-07	-1.941871e-09	-4.448874e+00	-1.281711e+02
7.700000e-07	-5.214124e-07	-1.830105e-09	-3.722479e+00	-1.211698e+02
7.800000e-07	-4.195063e-07	-1.718668e-09	-2.994949e+00	-1.140331e+02
7.900000e-07	-3.175334e-07	-1.611856e-09	-2.266942e+00	-1.067568e+02
8.000000e-07	-2.154345e-07	-1.505151e-09	-1.538035e+00	-9.933638e+01
8.100000e-07	-1.132363e-07	-1.392920e-09	-8.084195e-01	-9.176595e+01
8.200000e-07	-1.097152e-08	-1.276316e-09	-7.832813e-02	-8.403868e+01
8.300000e-07	9.132102e-08	-1.155150e-09	6.519612e-01	-7.614656e+01
8.400000e-07	1.935673e-07	-1.031718e-09	1.381920e+00	-6.808050e+01
8.500000e-07	2.957985e-07	-9.076925e-10	2.111772e+00	-5.983070e+01
8.600000e-07	3.979888e-07	-7.788592e-10	2.841331e+00	-5.138700e+01
8.700000e-07	5.001192e-07	-6.430870e-10	3.570463e+00	-4.273952e+01
8.800000e-07	6.020951e-07	-5.060924e-10	4.298491e+00	-3.387928e+01
8.900000e-07	7.038399e-07	-3.693711e-10	5.024870e+00	-2.479902e+01
9.000000e-07	8.052754e-07	-2.304272e-10	5.749041e+00	-1.549390e+01
9.100000e-07	9.063956e-07	-8.682763e-11	6.470961e+00	-5.962252e+00
9.200000e-07	1.007202e-06	6.246113e-11	7.190638e+00	3.793700e+00
9.300000e-07	1.107666e-06	2.178382e-10	7.907873e+00	1.376732e+01
9.400000e-07	1.207783e-06	3.772570e-10	8.622633e+00	2.394713e+01
9.500000e-07	1.307489e-06	5.368767e-10	9.334455e+00	3.431655e+01
9.600000e-07	1.406817e-06	6.973683e-10	1.004358e+01	4.485391e+01
9.700000e-07	1.505668e-06	8.600318e-10	1.074930e+01	5.553256e+01
9.800000e-07	1.603833e-06	1.026548e-09	1.145012e+01	6.632135e+01
9.900000e-07	1.701228e-06	1.194161e-09	1.214544e+01	7.718515e+01
1.000000e-06	1.797873e-06	1.361482e-09	1.283542e+01	8.808571e+01
1.010000e-06	1.893717e-06	1.529156e-09	1.351967e+01	9.898260e+01
1.020000e-06	1.988817e-06	1.696709e-09	1.419861e+01	1.098342e+02
1.030000e-06	2.083256e-06	1.863131e-09	1.487283e+01	1.205991e+02
1.040000e-06	2.176964e-06	2.026903e-09	1.554183e+01	1.312367e+02
1.050000e-06	2.269967e-06	2.186929e-09	1.620580e+01	1.417090e+02
1.060000e-06	2.362301e-06	2.341363e-09	1.686499e+01	1.519808e+02
1.070000e-06	2.453938e-06	2.491760e-09	1.751921e+01	1.620213e+02
1.080000e-06	2.544716e-06	2.640861e-09	1.816730e+01	1.718038e+02
1.090000e-06	2.634371e-06	2.789077e-09	1.880736e+01	1.813069e+02
1.100000e-06	2.722866e-06	2.932118e-09	1.943915e+01	1.905140e+02
1.110000e-06	2.810360e-06	3.066656e-09	2.006379e+01	1.994137e+02
1.120000e-06	2.896938e-06	3.195277e-09	2.068189e+01	2.079990e+02
1.130000e-06	2.982589e-06	3.321306e-09	2.129337e+01	2.162674e+02
1.140000e-06	3.067326e-06	3.444486e-09	2.189833e+01	2.242201e+02
1.150000e-06	3.151169e-06	3.559840e-09	2.249690e+01	2.318612e+02
1.160000e-06	3.234037e-06	3.668126e-09	2.308851e+01	2.391978e+02
1.170000e-06	3.315704e-06	3.772428e-09	2.367155e+01	2.462387e+02
1.180000e-06	3.396070e-06	3.872972e-09	2.424530e+01	2.529944e+02
1.190000e-06	3.475193e-06	3.972054e-09	2.481018e+01	2.594768e+02
1.200000e-06	3.553125e-06	4.069903e-09	2.536655e+01	2.656982e+02
1.210000e-06	3.629816e-06	4.163548e-09	2.591407e+01	2.716718e+02
1.220000e-06	3.705197e-06	4.251442e-09	2.645223e+01	2.774109e+02
1.230000e-06	3.779054e-06	4.334258e-09	2.697951e+01	2.829288e+02
1.240000e-06	3.851271e-06	4.413147e-09	2.749508e+01	2.882386e+02
1.250000e-06	3.922055e-06	4.489502e-09	2.800043e+01	2.933525e+02
1.260000e-06	3.991490e-06	4.564415e-09	2.849614e+01	2.982821e+02
1.270000e-06	4.059600e-06	4.638628e-09	2.898239e+01	3.030373e+02
1.280000e-06	4.126263e-06	4.710208e-09	2.945832e+01	3.076266e+02
1.290000e-06	4.191271e-06	4.776941e-09	2.992242e+01	3.120564e+02
1.300000e-06	4.254684e-06	4.840191e-09	3.037514e+01	3.163313e+02
1.310000e-06	4.316611e-06	4.902041e-09	3.081725e+01	3.204535e+02
1.320000e-06	4.377129e-06	4.962074e-09	3.124930e+01	3.244235e+02
1.330000e-06	4.436300e-06	5.017850e-09	3.167174e+01	3.282401e+02
1.340000e-06	4.493808e-06	5.069990e-09	3.208230e+01	3.319008e+02
1.350000e-06	4.549541e-06	5.121646e-09	3.248019e+01	3.354027e+02
1.360000e-06	4.603715e-06	5.172557e-09	3.286695e+01	3.387430e+02
1.370000e-06	4.656221e-06	5.219976e-09	3.324180e+01	3.419196e+02
1.380000e-06	4.706668e-06	5.263084e-09	3.360195e+01	3.449316e+02
1.390000e-06	4.755025e-06	5.303897e-09	3.394719e+01	3.477798e+02
1.400000e-06	4.801640e-06	5.343150e-09	3.427998e+01	3.504671e+02
1.410000e-06	4.846686e-06	5.380093e-09	3.460157e+01	3.529981e+02
1.420000e-06	4.890202e-06	5.414502e-09	3.491224e+01	3.553791e+02
1.430000e-06	4.931944e-06	5.446848e-09	3.521025e+01	3.576178e+02
1.440000e-06	4.971808e-06	5.476800e-09	3.549485e+01	3.597224e+02
1.450000e-06	5.010000e-06	5.503997e-09	3.576751e+01	3.617011e+02
1.460000e-06	5.046613e-06	5.530013e-09	3.602890e+01	3.635615e+02
1.470000e-06	5.081460e-06	5.556744e-09	3.627768e+01	3.653100e+02
1.480000e-06	5.114363e-06	5.582386e-09	3.651258e+01	3.669513e+02
1.490000e-06	5.145460e-06	5.603871e-09	3.673459e+01	3.684883e+02
1.500000e-06	5.174826e-06	5.621784e-09	3.694424e+01	3.699222e+02
1.510000e-06	5.202502e-06	5.638612e-09	3.714183e+01	3.712529e+02
1.520000e-06	5.228235e-06	5.654048e-09	3.732554e+01	3.724789e+02
1.530000e-06	5.251921e-06	5.668638e-09	3.749464e+01	3.735986e+02
1.540000e-06	5.273755e-06	5.684246e-09	3.765052e+01	3.746102e+02
1.550000e-06	5.293883e-06	5.699486e-09	3.779421e+01	3.755128e+02
1.560000e-06	5.312203e-06	5.713142e-09	3.792500e+01	3.763065e+02
1.570000e-06	5.328480e-06	5.725928e-09	3.804121e+01	3.769925e+02
1.580000e-06	5.342804e-06	5.737154e-09	3.814347e+01	3.775735e+02
1.590000e-06	5.355139e-06	5.744229e-09	3.823153e+01	3.780534e+02
1.600000e-06	5.365319e-06	5.748507e-09	3.830421e+01	3.784364e+02
1.610000e-06	5.373400e-06	5.752078e-09	3.836190e+01	3.787273e+02
1.620000e-06	5.379618e-06	5.756141e-09	3.840629e+01	3.789306e+02
1.630000e-06	5.384060e-06	5.761022e-09	3.843801e+01	3.790498e+02
1.640000e-06	5.386594e-06	5.763762e-09	3.845610e+01	3.790874e+02
1.650000e-06	5.387141e-06	5.763981e-09	3.846000e+01	3.790448e+02
1.660000e-06	5.385858e-06	5.759674e-09	3.845084e+01	3.789221e+02
1.670000e-06	5.382898e-06	5.753302e-09	3.842971e+01	3.787184e+02
1.680000e-06	5.378299e-06	5.750807e-09	3.839688e+01	3.784325e+02
1.690000e-06	5.371805e-06	5.747147e-09	3.835051e+01	3.780632e+02
1.700000e-06	5.363437e-06	5.742012e-09	3.829077e+01	3.776097e+02
1.710000e-06	5.353503e-06	5.736974e-09	3.821985e+01	3.770726e+02
1.720000e-06	5.341923e-06	5.735207e-09	3.813718e+01	3.764538e+02
1.730000e-06	5.328417e-06	5.739261e-09	3.804076e+01	3.757566e+02
1.740000e-06	5.312826e-06	5.674978e-09	3.792945e+01	3.749858e+02
1.750000e-06	5.294902e-06	5.639055e-09	3.780149e+01	3.741470e+02
1.760000e-06	5.274294e-06	5.647757e-09	3.765436e+01	3.732462e+02
1.770000e-06	5.251315e-06	5.636040e-09	3.749031e+01	3.722889e+02
1.780000e-06	5.226981e-06	5.724063e-09	3.731658e+01	3.712795e+02
1.790000e-06	5.201963e-06	5.666821e-09	3.713798e+01	3.702203e+02
1.800000e-06	5.175622e-06	5.537796e-09	3.694992e+01	3.691111e+02
1.810000e-06	5.147204e-06	5.633079e-09	3.674704e+01	3.679492e+02
1.820000e-06	5.116954e-06	5.540720e-09	3.653108e+01	3.667290e+02
1.830000e-06	5.084912e-06	5.488133e-09	3.630232e+01	3.654429e+02
1.840000e-06	5.050864e-06	5.639919e-09	3.605925e+01	3.640813e+02
1.850000e-06	5.015225e-06	5.515414e-09	3.580481e+01	3.626341e+02
1.860000e-06	4.977857e-06	5.477487e-09	3.553803e+01	3.610914e+02
1.870000e-06	4.938531e-06	5.523275e-09	3.525728e+01	3.594446e+02
1.880000e-06	4.897552e-06	5.386355e-09	3.496472e+01	3.576872e+02
1.890000e-06	4.854783e-06	5.435746e-09	3.465938e+01	3.558155e+02
1.900000e-06	4.810347e-06	5.405991e-09	3.434214e+01	3.538286e+02
1.910000e-06	4.764180e-06	5.338457e-09	3.401255e+01	3.517290e+02
1.920000e-06	4.715983e-06	5.377386e-09	3.366846e+01	3.495217e+02
1.930000e-06	4.666110e-06	5.223631e-09	3.331240e+01	3.472135e+02
1.940000e-06	4.614589e-06	5.257584e-09	3.294458e+01	3.448125e+02
1.950000e-06	4.561053e-06	5.280629e-09	3.256237e+01	3.423268e+02
1.960000e-06	4.505550e-06	5.153130e-09	3.216613e+01	3.397637e+02
1.970000e-06	4.448289e-06	5.132983e-09	3.175733e+01	3.371289e+02
1.980000e-06	4.389552e-06	5.070067e-09	3.133799e+01	3.344257e+02
1.990000e-06	4.329421e-06	5.077068e-09	3.090871e+01	3.316553e+02
2.000000e-06	4.267662e-06	5.023585e-09	3.046779e+01	3.288162e+02
2.010000e-06	4.204268e-06	4.949789e-09	3.001521e+01	3.259051e+02
2.020000e-06	4.139315e-06	4.945741e-09	2.955150e+01	3.229173e+02
2.030000e-06	4.072902e-06	4.836839e-09	2.907735e+01	3.198475e+02
2.040000e-06	4.005152e-06	4.816643e-09	2.859367e+01	3.166903e+02
2.050000e-06	3.935992e-06	4.791620e-09	2.809992e+01	3.134417e+02
2.060000e-06	3.865258e-06	4.750634e-09	2.759494e+01	3.100987e+02
2.070000e-06	3.793065e-06	4.695656e-09	2.707954e+01	3.066603e+02
2.080000e-06	3.719574e-06	4.583501e-09	2.655487e+01	3.031273e+02
2.090000e-06	3.644750e-06	4.553186e-09	2.602068e+01	2.995019e+02
2.100000e-06	3.568580e-06	4.499682e-09	2.547689e+01	2.957876e+02
2.110000e-06	3.490784e-06	4.459098e-09	2.492149e+01	2.919883e+02
2.120000e-06	3.411467e-06	4.400366e-09	2.435523e+01	2.881078e+02
2.130000e-06	3.331043e-06	4.323285e-09	2.378106e+01	2.841491e+02
2.140000e-06	3.249516e-06	4.266710e-09	2.319902e+01	2.801136e+02
2.150000e-06	3.166875e-06	4.191602e-09	2.260903e+01	2.760013e+02
2.160000e-06	3.083223e-06	4.148871e-09	2.201182e+01	2.718104e+02
2.170000e-06	2.998610e-06	4.086987e-09	2.140774e+01	2.675374e+02
2.180000e-06	2.912709e-06	4.017160e-09	2.079448e+01	2.631775e+02
2.190000e-06	2.825447e-06	3.937767e-09	2.017150e+01	2.587253e+02
2.200000e-06	2.737139e-06	3.868557e-09	1.954105e+01	2.541751e+02
2.210000e-06	2.647944e-06	3.818301e-09	1.890427e+01	2.495218e+02
2.220000e-06	2.557874e-06	3.742601e-09	1.826123e+01	2.447615e+02
2.230000e-06	2.466906e-06	3.655735e-09	1.761179e+01	2.398913e+02
2.240000e-06	2.375184e-06	3.568496e-09	1.695697e+01	2.349104e+02
2.250000e-06	2.282760e-06	3.501276e-09	1.629714e+01	2.298192e+02
2.260000e-06	2.189595e-06	3.431640e-09	1.563201e+01	2.246197e+02
2.270000e-06	2.095414e-06	3.358307e-09	1.495963e+01	2.193147e+02
2.280000e-06	2.000086e-06	3.276260e-09	1.427906e+01	2.139077e+02
2.290000e-06	1.903964e-06	3.179342e-09	1.359282e+01	2.084020e+02
2.300000e-06	1.807317e-06	3.083384e-09	1.290284e+01	2.028004e+02
2.310000e-06	1.710218e-06	3.001519e-09	1.220963e+01	1.971046e+02
2.320000e-06	1.612599e-06	2.930588e-09	1.151270e+01	1.913153e+02
2.330000e-06	1.514433e-06	2.842571e-09	1.081188e+01	1.854317e+02
2.340000e-06	1.415776e-06	2.741714e-09	1.010754e+01	1.794516e+02
2.350000e-06	1.316641e-06	2.641909e-09	9.399797e+00	1.733718e+02
2.360000e-06	1.217122e-06	2.552016e-09	8.689307e+00	1.671885e+02
2.370000e-06	1.117391e-06	2.461604e-09	7.977304e+00	1.608969e+02
2.380000e-06	1.017447e-06	2.364266e-09	7.263783e+00	1.544926e+02
2.390000e-06	9.171791e-07	2.263708e-09	6.547946e+00	1.479709e+02
2.400000e-06	8.165163e-07	2.158032e-09	5.829292e+00	1.413277e+02
2.410000e-06	7.154759e-07	2.053643e-09	5.107942e+00	1.345590e+02
2.420000e-06	6.141922e-07	1.953138e-09	4.384855e+00	1.276613e+02
2.430000e-06	5.126442e-07	1.850412e-09	3.659881e+00	1.206309e+02
2.440000e-06	4.108468e-07	1.739068e-09	2.933127e+00	1.134644e+02
2.450000e-06	3.089355e-07	1.622397e-09	2.205559e+00	1.061573e+02
2.460000e-06	2.068829e-07	1.505698e-09	1.476984e+00	9.870496e+01
2.470000e-06	1.045932e-07	1.391525e-09	7.467141e-01	9.110122e+01
2.480000e-06	2.145215e-09	1.275359e-09	1.531517e-02	8.333902e+01
2.490000e-06	-1.002820e-07	1.151631e-09	-7.159353e-01	7.541011e+01
2.500000e-06	-2.026362e-07	1.022613e-09	-1.446665e+00	6.730521e+01
2.510000e-06	-3.048844e-07	8.946169e-10	-2.176638e+00	5.901439e+01
2.520000e-06	-4.069889e-07	7.687599e-10	-2.905585e+00	5.052752e+01
2.530000e-06	-5.089556e-07	6.403255e-10	-3.633548e+00	4.183484e+01
2.540000e-06	-6.107315e-07	5.074415e-10	-4.360149e+00	3.292769e+01
2.550000e-06	-7.121659e-07	3.683155e-10	-5.084312e+00	2.379923e+01
2.560000e-06	-8.132436e-07	2.222148e-10	-5.805928e+00	1.444527e+01
2.570000e-06	-9.140132e-07	7.230308e-11	-6.525344e+00	4.864912e+00
2.580000e-06	-1.014405e-06	-7.636374e-11	-7.242065e+00	-4.938718e+00
2.590000e-06	-1.114400e-06	-2.245389e-10	-7.955951e+00	-1.495798e+01
2.600000e-06	-1.214017e-06	-3.777971e-10	-8.667140e+00	-2.518030e+01
2.610000e-06	-1.313274e-06	-5.356250e-10	-9.375754e+00	-3.558802e+01
2.620000e-06	-1.412154e-06	-6.960261e-10	-1.008168e+01	-4.615838e+01
2.630000e-06	-1.510513e-06	-8.574529e-10	-1.078389e+01	-5.686372e+01
2.640000e-06	-1.608284e-06	-1.019528e-09	-1.148190e+01	-6.767197e+01
2.650000e-06	-1.705463e-06	-1.184026e-09	-1.217568e+01	-7.854728e+01
2.660000e-06	-1.802125e-06	-1.350663e-09	-1.286577e+01	-8.945083e+01
2.670000e-06	-1.898327e-06	-1.519044e-09	-1.355258e+01	-1.003418e+02
2.680000e-06	-1.993916e-06	-1.683453e-09	-1.423501e+01	-1.111787e+02
2.690000e-06	-2.088708e-06	-1.841470e-09	-1.491175e+01	-1.219199e+02
2.700000e-06	-2.182562e-06	-1.998042e-09	-1.558180e+01	-1.325256e+02
2.710000e-06	-2.275464e-06	-2.157843e-09	-1.624504e+01	-1.429580e+02
2.720000e-06	-2.367478e-06	-2.319426e-09	-1.690196e+01	-1.531831e+02
2.730000e-06	-2.458707e-06	-2.474621e-09	-1.755326e+01	-1.631706e+02
2.740000e-06	-2.549051e-06	-2.621008e-09	-1.819824e+01	-1.728952e+02
2.750000e-06	-2.638441e-06	-2.762864e-09	-1.883642e+01	-1.823364e+02
2.760000e-06	-2.726970e-06	-2.901480e-09	-1.946845e+01	-1.914788e+02
2.770000e-06	-2.814652e-06	-3.035710e-09	-2.009443e+01	-2.003118e+02
2.780000e-06	-2.901370e-06	-3.166404e-09	-2.071353e+01	-2.088297e+02
2.790000e-06	-2.986950e-06	-3.292164e-09	-2.132451e+01	-2.170305e+02
2.800000e-06	-3.071385e-06	-3.412312e-09	-2.192730e+01	-2.249163e+02
2.810000e-06	-3.154753e-06	-3.529303e-09	-2.252249e+01	-2.324918e+02
2.820000e-06	-3.237088e-06	-3.643193e-09	-2.311029e+01	-2.397645e+02
2.830000e-06	-3.318390e-06	-3.752942e-09	-2.369073e+01	-2.467437e+02
2.840000e-06	-3.398667e-06	-3.856144e-09	-2.426384e+01	-2.534401e+02
2.850000e-06	-3.477723e-06	-3.952363e-09	-2.482824e+01	-2.598658e+02
2.860000e-06	-3.555311e-06	-4.044807e-09	-2.538216e+01	-2.660334e+02
2.870000e-06	-3.631425e-06	-4.135255e-09	-2.592556e+01	-2.719559e+02
2.880000e-06	-3.706106e-06	-4.222317e-09	-2.645872e+01	-2.776468e+02
2.890000e-06	-3.779355e-06	-4.305833e-09	-2.698166e+01	-2.831194e+02
2.900000e-06	-3.851300e-06	-4.386651e-09	-2.749529e+01	-2.883864e+02
2.910000e-06	-3.921866e-06	-4.463969e-09	-2.799908e+01	-2.934603e+02
2.920000e-06	-3.990914e-06	-4.538436e-09	-2.849202e+01	-2.983520e+02
2.930000e-06	-4.058496e-06	-4.611044e-09	-2.897451e+01	-3.030713e+02
2.940000e-06	-4.124621e-06	-4.681615e-09	-2.944659e+01	-3.076262e+02
2.950000e-06	-4.189386e-06	-4.749938e-09	-2.990896e+01	-3.120229e+02
2.960000e-06	-4.252708e-06	-4.816067e-09	-3.036103e+01	-3.162653e+02
2.970000e-06	-4.314280e-06	-4.879698e-09	-3.080061e+01	-3.203552e+02
2.980000e-06	-4.374250e-06	-4.940772e-09	-3.122875e+01	-3.242928e+02
2.990000e-06	-4.432815e-06	-4.998732e-09	-3.164685e+01	-3.280765e+02
3.000000e-06	-4.489849e-06	-5.055459e-09	-3.205403e+01	-3.317038e+02
3.010000e-06	-4.545258e-06	-5.112084e-09	-3.244961e+01	-3.351716e+02
3.020000e-06	-4.598795e-06	-5.165190e-09	-3.283183e+01	-3.384773e+02
3.030000e-06	-4.650426e-06	-5.215027e-09	-3.320043e+01	-3.416189e+02
3.040000e-06	-4.700257e-06	-5.262010e-09	-3.355619e+01	-3.445960e+02
3.050000e-06	-4.748145e-06	-5.306946e-09	-3.389807e+01	-3.474098e+02
3.060000e-06	-4.794246e-06	-5.348410e-09	-3.422719e+01	-3.500634e+02
3.070000e-06	-4.838837e-06	-5.387875e-09	-3.454553e+01	-3.525620e+02
3.080000e-06	-4.881936e-06	-5.425962e-09	-3.485323e+01	-3.549122e+02
3.090000e-06	-4.923503e-06	-5.462595e-09	-3.514999e+01	-3.571218e+02
3.100000e-06	-4.963425e-06	-5.497915e-09	-3.543500e+01	-3.591990e+02
3.110000e-06	-5.001483e-06	-5.530356e-09	-3.570670e+01	-3.611521e+02
3.120000e-06	-5.037642e-06	-5.559894e-09	-3.596485e+01	-3.629883e+02
3.130000e-06	-5.072102e-06	-5.587646e-09	-3.621087e+01	-3.647138e+02
3.140000e-06	-5.104948e-06	-5.613392e-09	-3.644536e+01	-3.663328e+02
3.150000e-06	-5.135885e-06	-5.636499e-09	-3.666623e+01	-3.678480e+02
3.160000e-06	-5.164805e-06	-5.659520e-09	-3.687270e+01	-3.692603e+02
3.170000e-06	-5.191958e-06	-5.682507e-09	-3.706655e+01	-3.705690e+02
3.180000e-06	-5.217422e-06	-5.702149e-09	-3.724834e+01	-3.717727e+02
3.190000e-06	-5.241058e-06	-5.718366e-09	-3.741709e+01	-3.728696e+02
3.200000e-06	-5.262683e-06	-5.733175e-09	-3.757147e+01	-3.738583e+02
3.210000e-06	-5.282402e-06	-5.745679e-09	-3.771224e+01	-3.747378e+02
3.220000e-06	-5.300351e-06	-5.757418e-09	-3.784039e+01	-3.755085e+02
3.230000e-06	-5.316432e-06	-5.768255e-09	-3.795520e+01	-3.761721e+02
3.240000e-06	-5.330394e-06	-5.775683e-09	-3.805488e+01	-3.767314e+02
3.250000e-06	-5.342175e-06	-5.780662e-09	-3.813898e+01	-3.771904e+02
3.260000e-06	-5.351986e-06	-5.786155e-09	-3.820902e+01	-3.775537e+02
3.270000e-06	-5.359918e-06	-5.791584e-09	-3.826565e+01	-3.778258e+02
3.280000e-06	-5.365795e-06	-5.794877e-09	-3.830761e+01	-3.780110e+02
3.290000e-06	-5.369773e-06	-5.794281e-09	-3.833601e+01	-3.781129e+02
3.300000e-06	-5.372062e-06	-5.792069e-09	-3.835235e+01	-3.781336e+02
3.310000e-06	-5.372588e-06	-5.789419e-09	-3.835610e+01	-3.780742e+02
