# Configuracion:
# Concentracion g/m^3_=_15000.0
# C_Vs_to_Am_M_A/Vsm_=_65563218390.804596
# pendiente_HvsI_1/m_=_3716.3
# ordenada_HvsI_A/m_=_1297.0
# frecuencia_ref_Hz_=_301981.88089209335
# 
Resultados:
# tau_ns_=_(6.80+/-0.59)e+01
# dphi_rad_=_6.41+/-0.01
# SAR_W/g_=_382.76+/-8.57
# Hc_kA/m_=_8.72+/-0.48
# Mr_A/m_=_193.39+/-6.28
# Magnetizacion_max_emu/g_=_48+/-4
# Suceptibilidad_a_M=0_=_(2.630+/-0.198)e-02

Nombre_archivo	Time_m_(s)	Temperatura_(ºC)	Mr_(A/m)	Hc_(kA/m)	Campo_max_(A/m)	Mag_max_(A/m)	f0	mag0	dphi0	SAR_(W/g)	Tau_(ns)	N	xi_M_0
300kHz_125dA_100Mss_bobN1NF0008.txt	47.93	26.46	190.95	9.57	47750.75	665.08	3.019845e+05	4.874709e+01	6.430330e+00	404.33	78.121202	4636	2.382e-02
300kHz_125dA_100Mss_bobN1NF0009.txt	48.45	26.68	190.10	9.54	47750.75	658.65	3.019193e+05	4.835299e+01	6.430564e+00	401.61	78.246639	4637	2.396e-02
300kHz_125dA_100Mss_bobN1NF0010.txt	48.98	26.89	189.72	9.61	47750.75	653.46	3.019193e+05	4.796280e+01	6.431748e+00	401.55	78.885017	4637	2.344e-02
300kHz_125dA_100Mss_bobN1NF0011.txt	49.47	27.14	189.39	9.53	47750.75	656.36	3.019193e+05	4.818280e+01	6.429626e+00	397.67	77.741251	4637	2.351e-02
300kHz_125dA_100Mss_bobN1NF0012.txt	49.98	27.39	189.92	9.55	47750.75	655.88	3.019845e+05	4.814967e+01	6.430387e+00	399.53	78.151580	4636	2.382e-02
300kHz_125dA_100Mss_bobN1NF0013.txt	50.5	27.65	189.85	9.59	47750.75	652.11	3.019845e+05	4.787528e+01	6.431720e+00	400.83	78.870397	4636	2.369e-02
300kHz_125dA_100Mss_bobN1NF0014.txt	51.01	27.90	189.33	9.49	47750.75	655.72	3.019845e+05	4.811962e+01	6.429273e+00	396.28	77.551023	4636	2.384e-02
300kHz_125dA_100Mss_bobN1NF0015.txt	51.53	28.16	188.75	9.49	47750.75	653.97	3.019845e+05	4.805264e+01	6.428453e+00	393.53	77.109122	4636	2.357e-02
300kHz_125dA_100Mss_bobN1NF0016.txt	52.03	28.42	189.86	9.50	47750.75	655.54	3.019845e+05	4.815913e+01	6.429472e+00	397.14	77.657282	4636	2.400e-02
300kHz_125dA_100Mss_bobN1NF0017.txt	52.53	28.72	190.63	9.49	47750.75	655.91	3.019845e+05	4.819791e+01	6.429346e+00	397.13	77.590252	4636	2.386e-02
300kHz_125dA_100Mss_bobN1NF0018.txt	53.1	29.08	189.73	9.46	47750.75	657.55	3.019845e+05	4.829886e+01	6.428320e+00	395.18	77.037632	4636	2.411e-02
300kHz_125dA_100Mss_bobN1NF0019.txt	54.2	29.90	190.01	9.41	47750.75	658.89	3.019193e+05	4.842498e+01	6.427454e+00	393.78	76.571779	4637	2.403e-02
300kHz_125dA_100Mss_bobN1NF0020.txt	54.72	30.16	190.26	9.48	47750.75	656.36	3.019193e+05	4.825089e+01	6.428802e+00	396.01	77.297892	4637	2.394e-02
300kHz_125dA_100Mss_bobN1NF0021.txt	55.25	30.40	189.36	9.43	47750.75	655.72	3.019193e+05	4.819867e+01	6.427817e+00	392.92	76.768114	4637	2.387e-02
300kHz_125dA_100Mss_bobN1NF0022.txt	55.86	30.64	189.40	9.41	47750.75	657.23	3.019845e+05	4.831045e+01	6.426947e+00	391.56	76.299745	4636	2.393e-02
300kHz_125dA_100Mss_bobN1NF0023.txt	56.37	30.77	189.58	9.37	47750.75	659.35	3.019845e+05	4.845224e+01	6.426166e+00	390.59	75.878812	4636	2.405e-02
300kHz_125dA_100Mss_bobN1NF0024.txt	56.88	30.88	189.82	9.44	47750.75	654.36	3.019845e+05	4.810827e+01	6.428238e+00	393.40	76.994452	4636	2.395e-02
300kHz_125dA_100Mss_bobN1NF0025.txt	57.38	30.90	189.34	9.43	47750.75	654.91	3.019193e+05	4.814328e+01	6.427756e+00	392.30	76.734585	4637	2.399e-02
300kHz_125dA_100Mss_bobN1NF0026.txt	57.88	30.90	189.99	9.41	47750.75	655.32	3.019193e+05	4.821304e+01	6.427415e+00	391.95	76.550319	4637	2.415e-02
300kHz_125dA_100Mss_bobN1NF0027.txt	58.37	30.94	189.51	9.37	47750.75	656.50	3.019193e+05	4.828782e+01	6.426130e+00	389.09	75.858800	4637	2.422e-02
300kHz_125dA_100Mss_bobN1NF0028.txt	58.89	30.99	189.49	9.35	47750.75	656.47	3.019193e+05	4.829413e+01	6.425800e+00	388.25	75.681302	4637	2.425e-02
300kHz_125dA_100Mss_bobN1NF0029.txt	59.42	31.13	190.06	9.34	47750.75	661.07	3.019193e+05	4.862191e+01	6.425826e+00	390.95	75.695458	4637	2.400e-02
300kHz_125dA_100Mss_bobN1NF0030.txt	59.95	31.28	190.71	9.34	47750.75	660.53	3.019845e+05	4.858518e+01	6.426030e+00	391.30	75.804967	4636	2.439e-02
300kHz_125dA_100Mss_bobN1NF0031.txt	60.46	31.44	189.03	9.38	47750.75	656.39	3.019193e+05	4.824435e+01	6.426286e+00	389.16	75.943593	4637	2.403e-02
300kHz_125dA_100Mss_bobN1NF0032.txt	60.98	31.59	189.76	9.32	47750.75	659.89	3.019193e+05	4.852504e+01	6.425838e+00	390.21	75.703082	4637	2.402e-02
300kHz_125dA_100Mss_bobN1NF0033.txt	61.51	31.86	190.25	9.28	47750.75	662.82	3.019193e+05	4.875152e+01	6.424787e+00	389.16	75.136870	4637	2.426e-02
300kHz_125dA_100Mss_bobN1NF0034.txt	62.02	32.12	189.75	9.33	47750.75	658.51	3.019193e+05	4.844490e+01	6.425774e+00	389.39	75.668192	4637	2.411e-02
300kHz_125dA_100Mss_bobN1NF0035.txt	62.54	32.59	189.66	9.29	47750.75	662.61	3.019845e+05	4.869550e+01	6.424365e+00	387.64	74.910220	4636	2.445e-02
300kHz_125dA_100Mss_bobN1NF0036.txt	63.03	33.02	189.53	9.25	47750.75	663.69	3.019845e+05	4.879181e+01	6.423515e+00	386.09	74.452153	4636	2.449e-02
300kHz_125dA_100Mss_bobN1NF0037.txt	63.65	33.52	188.57	9.28	47750.75	658.42	3.019193e+05	4.840574e+01	6.424440e+00	385.46	74.950342	4637	2.410e-02
300kHz_125dA_100Mss_bobN1NF0038.txt	64.66	34.06	189.69	9.22	47750.75	665.17	3.019845e+05	4.891416e+01	6.423140e+00	386.03	74.250548	4636	2.433e-02
300kHz_125dA_100Mss_bobN1NF0039.txt	65.15	34.34	189.74	9.18	47750.75	667.61	3.019845e+05	4.907309e+01	6.422201e+00	384.70	73.746045	4636	2.475e-02
300kHz_125dA_100Mss_bobN1NF0040.txt	65.68	34.81	189.85	9.22	47750.75	664.77	3.019193e+05	4.889802e+01	6.423300e+00	386.26	74.337093	4637	2.448e-02
300kHz_125dA_100Mss_bobN1NF0041.txt	66.2	35.30	189.72	9.17	47750.75	669.19	3.019845e+05	4.917158e+01	6.422004e+00	384.93	73.640377	4636	2.442e-02
300kHz_125dA_100Mss_bobN1NF0042.txt	66.71	35.81	189.39	9.18	47750.75	666.34	3.019845e+05	4.897832e+01	6.421756e+00	382.74	73.507930	4636	2.440e-02
300kHz_125dA_100Mss_bobN1NF0043.txt	67.23	36.42	188.59	9.19	47750.75	665.48	3.019193e+05	4.890854e+01	6.422066e+00	382.96	73.674984	4637	2.431e-02
300kHz_125dA_100Mss_bobN1NF0044.txt	67.72	37.11	188.94	9.15	47750.75	668.53	3.019845e+05	4.912816e+01	6.421363e+00	382.83	73.296917	4636	2.439e-02
300kHz_125dA_100Mss_bobN1NF0045.txt	68.23	37.71	189.27	9.13	47750.75	667.98	3.019193e+05	4.911442e+01	6.421497e+00	383.00	73.368384	4637	2.456e-02
300kHz_125dA_100Mss_bobN1NF0046.txt	68.74	38.17	189.14	9.17	47750.75	666.36	3.019193e+05	4.898145e+01	6.421926e+00	383.15	73.598982	4637	2.438e-02
300kHz_125dA_100Mss_bobN1NF0047.txt	69.27	38.67	188.94	9.17	47750.75	666.41	3.019845e+05	4.897934e+01	6.421245e+00	381.34	73.232878	4636	2.471e-02
300kHz_125dA_100Mss_bobN1NF0048.txt	69.78	39.18	188.75	9.14	47750.75	667.05	3.019845e+05	4.902103e+01	6.420820e+00	380.50	73.004375	4636	2.439e-02
300kHz_125dA_100Mss_bobN1NF0049.txt	70.29	39.40	188.96	9.14	47750.75	668.76	3.019193e+05	4.915527e+01	6.420732e+00	381.22	72.957450	4637	2.461e-02
300kHz_125dA_100Mss_bobN1NF0050.txt	70.81	39.40	188.83	9.04	47750.75	672.48	3.019845e+05	4.944632e+01	6.418767e+00	378.11	71.900887	4636	2.482e-02
300kHz_125dA_100Mss_bobN1NF0051.txt	71.33	39.73	188.40	9.07	47750.75	671.23	3.019193e+05	4.931746e+01	6.419764e+00	379.80	72.437127	4637	2.475e-02
300kHz_125dA_100Mss_bobN1NF0052.txt	71.85	40.25	189.43	9.04	47750.75	676.83	3.019845e+05	4.970742e+01	6.419411e+00	381.90	72.247243	4636	2.475e-02
300kHz_125dA_100Mss_bobN1NF0053.txt	72.34	40.98	189.11	9.04	47750.75	674.63	3.019845e+05	4.955080e+01	6.419193e+00	380.09	72.129877	4636	2.474e-02
300kHz_125dA_100Mss_bobN1NF0054.txt	72.86	41.86	188.70	9.05	47750.75	672.55	3.019845e+05	4.940009e+01	6.419532e+00	379.87	72.312026	4636	2.468e-02
300kHz_125dA_100Mss_bobN1NF0055.txt	73.38	42.10	188.88	9.02	47750.75	676.54	3.019845e+05	4.967345e+01	6.418492e+00	379.08	71.753972	4636	2.482e-02
300kHz_125dA_100Mss_bobN1NF0056.txt	73.92	42.10	188.98	9.02	47750.75	675.89	3.019193e+05	4.965205e+01	6.418549e+00	379.00	71.784363	4637	2.488e-02
300kHz_125dA_100Mss_bobN1NF0057.txt	74.98	42.88	188.98	9.00	47750.75	677.28	3.019845e+05	4.974410e+01	6.418313e+00	379.12	71.657866	4636	2.487e-02
300kHz_125dA_100Mss_bobN1NF0058.txt	75.49	43.29	189.22	8.91	47750.75	685.11	3.019193e+05	5.029157e+01	6.416417e+00	377.87	70.639956	4637	2.534e-02
300kHz_125dA_100Mss_bobN1NF0059.txt	76.03	43.72	188.70	8.96	47750.75	682.01	3.019193e+05	5.008217e+01	6.417349e+00	378.91	71.140268	4637	2.509e-02
300kHz_125dA_100Mss_bobN1NF0060.txt	76.53	44.07	187.24	8.92	47750.75	681.41	3.019845e+05	4.999218e+01	6.415825e+00	374.04	70.323253	4636	2.486e-02
300kHz_125dA_100Mss_bobN1NF0061.txt	77.08	44.53	188.66	8.95	47750.75	682.15	3.019193e+05	5.008204e+01	6.417349e+00	378.91	71.141025	4637	2.508e-02
300kHz_125dA_100Mss_bobN1NF0062.txt	77.61	45.38	188.85	8.95	47750.75	680.96	3.019845e+05	5.001840e+01	6.417087e+00	377.77	70.999464	4636	2.494e-02
300kHz_125dA_100Mss_bobN1NF0063.txt	78.11	46.10	188.30	8.92	47750.75	681.44	3.019193e+05	5.005187e+01	6.416229e+00	375.54	70.539260	4637	2.517e-02
300kHz_125dA_100Mss_bobN1NF0064.txt	78.63	46.57	187.96	8.94	47750.75	681.13	3.019845e+05	4.997392e+01	6.416420e+00	375.57	70.642214	4636	2.497e-02
300kHz_125dA_100Mss_bobN1NF0065.txt	79.13	46.94	188.10	8.89	47750.75	686.37	3.019193e+05	5.034525e+01	6.415446e+00	375.53	70.120136	4637	2.521e-02
300kHz_125dA_100Mss_bobN1NF0066.txt	79.65	47.10	187.80	8.90	47750.75	685.77	3.019845e+05	5.029931e+01	6.415510e+00	375.45	70.154603	4636	2.501e-02
300kHz_125dA_100Mss_bobN1NF0067.txt	80.18	47.34	188.94	8.83	47750.75	692.82	3.019845e+05	5.080685e+01	6.414588e+00	376.61	69.658916	4636	2.537e-02
300kHz_125dA_100Mss_bobN1NF0068.txt	80.69	47.75	189.03	8.83	47750.75	691.33	3.019845e+05	5.071723e+01	6.414847e+00	376.68	69.797574	4636	2.543e-02
300kHz_125dA_100Mss_bobN1NF0069.txt	81.2	48.16	188.62	8.85	47750.75	691.31	3.019845e+05	5.069785e+01	6.414824e+00	376.47	69.785728	4636	2.534e-02
300kHz_125dA_100Mss_bobN1NF0070.txt	81.72	48.58	188.42	8.82	47750.75	691.07	3.019193e+05	5.069875e+01	6.414490e+00	375.45	69.606568	4637	2.549e-02
300kHz_125dA_100Mss_bobN1NF0071.txt	82.23	49.05	188.42	8.82	47750.75	694.05	3.019845e+05	5.088476e+01	6.413717e+00	374.70	69.191903	4636	2.536e-02
300kHz_125dA_100Mss_bobN1NF0072.txt	82.74	49.61	188.03	8.83	47750.75	692.70	3.019193e+05	5.077755e+01	6.413784e+00	374.02	69.228292	4637	2.541e-02
300kHz_125dA_100Mss_bobN1NF0073.txt	83.25	50.08	188.50	8.74	47750.75	701.35	3.019845e+05	5.138349e+01	6.412354e+00	374.44	68.461692	4636	2.566e-02
300kHz_125dA_100Mss_bobN1NF0074.txt	83.76	50.43	188.43	8.77	47750.75	698.89	3.019845e+05	5.119152e+01	6.412558e+00	373.63	68.571771	4636	2.553e-02
300kHz_125dA_100Mss_bobN1NF0075.txt	84.27	50.84	187.77	8.72	47750.75	700.20	3.019193e+05	5.130575e+01	6.411995e+00	372.77	68.269780	4637	2.576e-02
300kHz_125dA_100Mss_bobN1NF0076.txt	85.3	51.68	188.34	8.69	47750.75	703.37	3.019193e+05	5.155013e+01	6.411132e+00	372.04	67.806528	4637	2.562e-02
300kHz_125dA_100Mss_bobN1NF0077.txt	85.81	51.99	187.55	8.67	47750.75	704.74	3.019193e+05	5.162635e+01	6.410378e+00	370.41	67.402501	4637	2.595e-02
300kHz_125dA_100Mss_bobN1NF0078.txt	86.4	52.46	188.41	8.68	47750.75	705.59	3.019845e+05	5.169088e+01	6.411038e+00	372.87	67.756431	4636	2.583e-02
300kHz_125dA_100Mss_bobN1NF0079.txt	86.91	52.92	188.80	8.69	47750.75	707.13	3.019845e+05	5.179805e+01	6.411237e+00	374.22	67.862995	4636	2.596e-02
300kHz_125dA_100Mss_bobN1NF0080.txt	87.42	53.34	187.75	8.65	47750.75	708.10	3.019845e+05	5.184959e+01	6.409846e+00	370.55	67.118174	4636	2.592e-02
300kHz_125dA_100Mss_bobN1NF0081.txt	87.93	53.74	188.24	8.67	47750.75	707.81	3.019845e+05	5.181997e+01	6.410129e+00	371.16	67.269568	4636	2.590e-02
300kHz_125dA_100Mss_bobN1NF0082.txt	88.45	53.89	187.87	8.64	47750.75	709.16	3.019193e+05	5.193261e+01	6.409629e+00	370.43	67.001521	4637	2.576e-02
300kHz_125dA_100Mss_bobN1NF0083.txt	88.97	53.99	187.99	8.68	47750.75	704.40	3.019193e+05	5.161419e+01	6.410584e+00	370.92	67.512815	4637	2.593e-02
300kHz_125dA_100Mss_bobN1NF0084.txt	89.47	54.42	188.49	8.60	47750.75	713.00	3.019193e+05	5.221606e+01	6.409173e+00	371.11	66.756718	4637	2.588e-02
300kHz_125dA_100Mss_bobN1NF0085.txt	89.98	54.88	187.90	8.60	47750.75	713.86	3.019193e+05	5.226641e+01	6.408863e+00	370.56	66.590968	4637	2.586e-02
300kHz_125dA_100Mss_bobN1NF0086.txt	90.5	55.30	188.00	8.63	47750.75	713.19	3.019845e+05	5.217456e+01	6.409182e+00	370.92	66.762351	4636	2.594e-02
300kHz_125dA_100Mss_bobN1NF0087.txt	91.0	55.70	188.55	8.59	47750.75	716.61	3.019845e+05	5.241666e+01	6.408051e+00	369.32	66.156252	4636	2.586e-02
300kHz_125dA_100Mss_bobN1NF0088.txt	91.5	56.55	188.76	8.58	47750.75	718.54	3.019193e+05	5.257915e+01	6.408611e+00	372.04	66.456939	4637	2.605e-02
300kHz_125dA_100Mss_bobN1NF0089.txt	92.02	57.42	189.36	8.58	47750.75	718.28	3.019193e+05	5.260306e+01	6.408487e+00	371.84	66.389418	4637	2.615e-02
300kHz_125dA_100Mss_bobN1NF0090.txt	92.53	57.82	190.08	8.55	47750.75	720.57	3.019193e+05	5.278516e+01	6.407790e+00	371.06	66.016338	4637	2.637e-02
300kHz_125dA_100Mss_bobN1NF0091.txt	93.05	58.24	189.21	8.54	47750.75	722.31	3.019193e+05	5.287284e+01	6.407267e+00	370.13	65.736654	4637	2.626e-02
300kHz_125dA_100Mss_bobN1NF0092.txt	93.58	58.66	189.48	8.54	47750.75	725.18	3.019845e+05	5.302926e+01	6.407544e+00	372.12	65.885447	4636	2.613e-02
300kHz_125dA_100Mss_bobN1NF0093.txt	94.09	59.00	190.66	8.49	47750.75	731.78	3.019845e+05	5.353740e+01	6.406508e+00	372.57	65.330485	4636	2.647e-02
300kHz_125dA_100Mss_bobN1NF0094.txt	94.62	59.00	189.34	8.50	47750.75	730.05	3.019845e+05	5.337673e+01	6.406110e+00	370.26	65.117739	4636	2.621e-02
300kHz_125dA_100Mss_bobN1NF0095.txt	95.65	59.78	190.12	8.57	47750.75	725.67	3.019845e+05	5.306347e+01	6.408446e+00	375.05	66.368834	4636	2.647e-02
300kHz_125dA_100Mss_bobN1NF0096.txt	96.15	60.29	189.91	8.51	47750.75	729.48	3.019845e+05	5.333969e+01	6.406654e+00	371.64	65.409140	4636	2.636e-02
300kHz_125dA_100Mss_bobN1NF0097.txt	96.68	60.61	190.79	8.44	47750.75	739.80	3.019845e+05	5.406562e+01	6.405188e+00	372.24	64.624355	4636	2.660e-02
300kHz_125dA_100Mss_bobN1NF0098.txt	97.2	60.92	191.36	8.46	47750.75	740.56	3.019845e+05	5.413135e+01	6.405799e+00	374.55	64.951715	4636	2.659e-02
300kHz_125dA_100Mss_bobN1NF0099.txt	97.72	61.23	191.55	8.48	47750.75	739.57	3.019845e+05	5.405613e+01	6.406196e+00	375.24	65.164291	4636	2.660e-02
300kHz_125dA_100Mss_bobN1NF0100.txt	98.23	61.70	191.85	8.48	47750.75	742.57	3.019845e+05	5.427384e+01	6.405832e+00	375.64	64.969448	4636	2.676e-02
300kHz_125dA_100Mss_bobN1NF0101.txt	98.74	62.36	192.15	8.44	47750.75	746.84	3.019193e+05	5.456518e+01	6.405028e+00	375.11	64.538558	4637	2.694e-02
300kHz_125dA_100Mss_bobN1NF0102.txt	99.25	62.90	191.93	8.42	47750.75	748.35	3.019845e+05	5.466493e+01	6.404669e+00	374.78	64.347026	4636	2.692e-02
300kHz_125dA_100Mss_bobN1NF0103.txt	99.75	63.30	191.73	8.42	47750.75	749.33	3.019193e+05	5.471418e+01	6.404343e+00	374.03	64.173465	4637	2.688e-02
300kHz_125dA_100Mss_bobN1NF0104.txt	100.25	63.68	192.68	8.43	47750.75	749.08	3.019845e+05	5.474000e+01	6.404719e+00	375.45	64.373789	4636	2.698e-02
300kHz_125dA_100Mss_bobN1NF0105.txt	100.75	64.03	193.25	8.38	47750.75	754.97	3.019845e+05	5.516504e+01	6.403767e+00	375.41	63.864330	4636	2.723e-02
300kHz_125dA_100Mss_bobN1NF0106.txt	101.27	64.52	193.01	8.37	47750.75	754.36	3.019193e+05	5.512759e+01	6.403880e+00	375.43	63.924892	4637	2.701e-02
300kHz_125dA_100Mss_bobN1NF0107.txt	101.77	65.12	192.63	8.39	47750.75	754.12	3.019193e+05	5.507764e+01	6.403820e+00	374.90	63.893104	4637	2.670e-02
300kHz_125dA_100Mss_bobN1NF0108.txt	102.28	65.60	192.99	8.40	47750.75	753.93	3.019845e+05	5.502924e+01	6.403982e+00	375.15	63.979705	4636	2.708e-02
300kHz_125dA_100Mss_bobN1NF0109.txt	102.79	65.95	193.29	8.35	47750.75	759.13	3.019845e+05	5.542266e+01	6.403094e+00	375.07	63.504494	4636	2.734e-02
300kHz_125dA_100Mss_bobN1NF0110.txt	103.4	66.46	193.27	8.34	47750.75	758.78	3.019193e+05	5.544259e+01	6.403403e+00	376.09	63.670170	4637	2.702e-02
300kHz_125dA_100Mss_bobN1NF0111.txt	103.92	66.93	193.67	8.32	47750.75	763.94	3.019845e+05	5.577955e+01	6.402317e+00	375.05	63.089300	4636	2.749e-02
300kHz_125dA_100Mss_bobN1NF0112.txt	104.42	67.08	194.30	8.32	47750.75	765.98	3.019845e+05	5.593310e+01	6.402303e+00	376.04	63.081684	4636	2.724e-02
300kHz_125dA_100Mss_bobN1NF0113.txt	104.92	67.18	195.62	8.34	47750.75	768.83	3.019845e+05	5.615736e+01	6.402918e+00	379.49	63.410954	4636	2.730e-02
300kHz_125dA_100Mss_bobN1NF0114.txt	105.93	68.13	195.17	8.33	47750.75	770.41	3.019845e+05	5.624512e+01	6.402416e+00	378.49	63.142061	4636	2.728e-02
300kHz_125dA_100Mss_bobN1NF0115.txt	106.47	68.48	194.94	8.27	47750.75	774.35	3.019193e+05	5.653198e+01	6.401382e+00	377.06	62.589162	4637	2.759e-02
300kHz_125dA_100Mss_bobN1NF0116.txt	106.97	68.78	194.78	8.28	47750.75	774.12	3.019193e+05	5.650753e+01	6.400984e+00	375.63	62.376505	4637	2.748e-02
300kHz_125dA_100Mss_bobN1NF0117.txt	107.48	69.09	195.98	8.28	47750.75	778.84	3.019193e+05	5.685131e+01	6.401180e+00	378.55	62.481125	4637	2.763e-02
300kHz_125dA_100Mss_bobN1NF0118.txt	107.98	69.39	197.32	8.27	47750.75	783.50	3.019845e+05	5.714673e+01	6.400974e+00	379.93	62.370571	4636	2.778e-02
300kHz_125dA_100Mss_bobN1NF0119.txt	108.49	69.65	196.64	8.24	47750.75	782.79	3.019193e+05	5.714068e+01	6.400312e+00	377.68	62.017108	4637	2.797e-02
300kHz_125dA_100Mss_bobN1NF0120.txt	108.99	69.90	197.93	8.24	47750.75	787.08	3.019193e+05	5.745804e+01	6.400730e+00	381.13	62.240096	4637	2.813e-02
300kHz_125dA_100Mss_bobN1NF0121.txt	109.5	70.40	197.73	8.24	47750.75	787.62	3.019193e+05	5.750244e+01	6.400694e+00	381.31	62.221390	4637	2.809e-02
300kHz_125dA_100Mss_bobN1NF0122.txt	110.0	70.90	197.50	8.23	47750.75	788.56	3.019193e+05	5.753560e+01	6.400189e+00	379.90	61.951654	4637	2.803e-02
300kHz_125dA_100Mss_bobN1NF0123.txt	110.63	71.22	199.61	8.26	47750.75	793.02	3.019193e+05	5.787901e+01	6.400917e+00	384.53	62.340812	4637	2.823e-02
300kHz_125dA_100Mss_bobN1NF0124.txt	111.12	71.53	200.32	8.26	47750.75	796.31	3.019193e+05	5.814302e+01	6.400731e+00	385.68	62.241609	4637	2.844e-02
300kHz_125dA_100Mss_bobN1NF0125.txt	111.62	72.08	200.51	8.19	47750.75	801.45	3.019845e+05	5.847862e+01	6.399187e+00	382.91	61.416156	4636	2.856e-02
300kHz_125dA_100Mss_bobN1NF0126.txt	112.12	72.70	201.33	8.24	47750.75	802.35	3.019193e+05	5.854866e+01	6.400122e+00	386.37	61.916112	4637	2.862e-02
300kHz_125dA_100Mss_bobN1NF0127.txt	112.65	73.61	203.59	8.25	47750.75	807.88	3.019193e+05	5.899631e+01	6.400645e+00	391.05	62.195100	4637	2.904e-02
300kHz_125dA_100Mss_bobN1NF0128.txt	113.16	74.31	204.10	8.26	47750.75	808.90	3.019193e+05	5.906410e+01	6.400839e+00	392.15	62.298742	4637	2.892e-02
300kHz_125dA_100Mss_bobN1NF0129.txt	113.66	74.66	202.65	8.20	47750.75	812.19	3.019193e+05	5.925079e+01	6.399485e+00	388.88	61.576209	4637	2.892e-02
300kHz_125dA_100Mss_bobN1NF0130.txt	114.15	75.01	203.18	8.21	47750.75	812.78	3.019193e+05	5.929675e+01	6.399519e+00	389.29	61.593924	4637	2.909e-02
300kHz_125dA_100Mss_bobN1NF0131.txt	114.66	75.36	202.92	8.20	47750.75	814.45	3.019845e+05	5.937671e+01	6.398746e+00	387.32	61.181114	4636	2.895e-02
300kHz_125dA_100Mss_bobN1NF0132.txt	115.18	75.74	203.03	8.22	47750.75	812.77	3.019845e+05	5.930296e+01	6.399315e+00	388.74	61.484961	4636	2.882e-02
300kHz_125dA_100Mss_bobN1NF0133.txt	116.2	76.46	204.17	8.19	47750.75	818.48	3.019193e+05	5.971664e+01	6.399177e+00	390.90	61.411575	4637	2.916e-02
300kHz_125dA_100Mss_bobN1NF0134.txt	116.71	76.61	203.34	8.20	47750.75	814.90	3.019845e+05	5.942407e+01	6.398551e+00	386.98	61.076536	4636	2.896e-02
300kHz_125dA_100Mss_bobN1NF0135.txt	117.24	76.77	204.26	8.21	47750.75	816.54	3.019193e+05	5.960276e+01	6.399299e+00	390.57	61.476209	4637	2.917e-02
300kHz_125dA_100Mss_bobN1NF0136.txt	117.73	76.92	202.90	8.15	47750.75	819.02	3.019193e+05	5.975017e+01	6.397708e+00	386.19	60.626011	4637	2.924e-02
300kHz_125dA_100Mss_bobN1NF0137.txt	118.28	77.22	203.60	8.14	47750.75	822.21	3.019845e+05	5.996547e+01	6.397564e+00	387.18	60.549189	4636	2.925e-02
300kHz_125dA_100Mss_bobN1NF0138.txt	118.79	77.63	204.51	8.17	47750.75	821.87	3.019193e+05	5.994178e+01	6.398585e+00	390.38	61.094292	4637	2.950e-02
300kHz_125dA_100Mss_bobN1NF0139.txt	119.31	77.99	204.65	8.18	47750.75	822.02	3.019845e+05	5.995590e+01	6.398535e+00	390.39	61.068054	4636	2.921e-02
300kHz_125dA_100Mss_bobN1NF0140.txt	119.83	78.30	204.28	8.17	47750.75	821.10	3.019193e+05	5.989243e+01	6.398874e+00	391.04	61.249332	4637	2.934e-02
300kHz_125dA_100Mss_bobN1NF0141.txt	120.34	78.47	203.85	8.18	47750.75	824.22	3.019845e+05	6.007261e+01	6.398403e+00	390.71	60.997990	4636	2.913e-02
300kHz_125dA_100Mss_bobN1NF0142.txt	120.88	78.58	205.00	8.15	47750.75	828.46	3.019845e+05	6.038584e+01	6.397892e+00	391.01	60.724229	4636	2.936e-02
300kHz_125dA_100Mss_bobN1NF0143.txt	121.42	78.85	206.20	8.11	47750.75	835.71	3.019845e+05	6.093099e+01	6.397078e+00	391.75	60.289219	4636	2.977e-02
300kHz_125dA_100Mss_bobN1NF0144.txt	121.92	79.15	206.63	8.12	47750.75	834.93	3.019845e+05	6.088978e+01	6.397273e+00	392.15	60.394015	4636	2.972e-02
300kHz_125dA_100Mss_bobN1NF0145.txt	122.43	79.50	205.49	8.17	47750.75	830.66	3.019193e+05	6.054913e+01	6.397895e+00	391.99	60.726369	4637	2.945e-02
300kHz_125dA_100Mss_bobN1NF0146.txt	122.94	79.86	205.93	8.11	47750.75	836.77	3.019193e+05	6.100106e+01	6.397124e+00	392.27	60.314342	4637	2.977e-02
300kHz_125dA_100Mss_bobN1NF0147.txt	123.46	80.59	207.02	8.16	47750.75	833.45	3.019845e+05	6.077859e+01	6.398213e+00	394.65	60.896679	4636	2.955e-02
300kHz_125dA_100Mss_bobN1NF0148.txt	123.97	81.36	206.94	8.13	47750.75	838.45	3.019845e+05	6.112248e+01	6.397472e+00	394.33	60.500615	4636	2.973e-02
300kHz_125dA_100Mss_bobN1NF0149.txt	124.46	81.40	206.44	8.10	47750.75	837.44	3.019193e+05	6.105435e+01	6.397244e+00	393.03	60.378548	4637	2.993e-02
300kHz_125dA_100Mss_bobN1NF0150.txt	124.97	81.40	205.28	8.10	47750.75	835.64	3.019193e+05	6.087947e+01	6.396675e+00	389.96	60.074979	4637	2.975e-02
300kHz_125dA_100Mss_bobN1NF0151.txt	125.48	82.07	206.34	8.12	47750.75	836.27	3.019845e+05	6.094642e+01	6.397254e+00	392.45	60.384398	4636	2.974e-02
300kHz_125dA_100Mss_bobN1NF0152.txt	126.51	83.21	207.35	8.09	47750.75	842.09	3.019845e+05	6.139086e+01	6.396796e+00	393.74	60.139564	4636	3.009e-02
300kHz_125dA_100Mss_bobN1NF0153.txt	127.01	83.62	206.07	8.08	47750.75	839.06	3.019845e+05	6.115210e+01	6.396249e+00	390.32	59.847292	4636	2.974e-02
300kHz_125dA_100Mss_bobN1NF0154.txt	127.54	84.73	204.90	8.05	47750.75	839.28	3.019845e+05	6.114315e+01	6.395189e+00	386.62	59.281582	4636	2.979e-02
300kHz_125dA_100Mss_bobN1NF0155.txt	128.03	85.73	202.75	8.05	47750.75	830.13	3.019193e+05	6.049144e+01	6.394554e+00	380.26	58.942592	4637	2.966e-02
300kHz_125dA_100Mss_bobN1NF0156.txt	128.57	86.33	201.39	8.02	47750.75	828.37	3.019193e+05	6.032001e+01	6.394576e+00	379.26	58.954611	4637	2.962e-02
