# Temperatura_=_60.28
# Concentracion g/m^3_=_15000.0
# C_Vs_to_Am_M_A/Vsm_=_65563218390.804596
# pendiente_HvsI_1/m_=_3716.3
# ordenada_HvsI_A/m_=_1297.0
# frecuencia_Hz_=_301582.0294084495

Tiempo_(s)	Campo_(V.s)	Magnetizacion_(V.s)	Campo_(kA/m)	Magnetizacion_(A/m)
0.000000e+00	-5.368211e-06	-6.665581e-09	-3.833698e+01	-4.361467e+02
1.000000e-08	-5.365461e-06	-6.661799e-09	-3.831734e+01	-4.359679e+02
2.000000e-08	-5.360930e-06	-6.655538e-09	-3.828498e+01	-4.356781e+02
3.000000e-08	-5.354779e-06	-6.648496e-09	-3.824105e+01	-4.352775e+02
4.000000e-08	-5.347102e-06	-6.640321e-09	-3.818622e+01	-4.347700e+02
5.000000e-08	-5.337679e-06	-6.630087e-09	-3.811894e+01	-4.341627e+02
6.000000e-08	-5.326187e-06	-6.617474e-09	-3.803687e+01	-4.334661e+02
7.000000e-08	-5.312731e-06	-6.604230e-09	-3.794077e+01	-4.326921e+02
8.000000e-08	-5.297153e-06	-6.594636e-09	-3.782952e+01	-4.318533e+02
9.000000e-08	-5.279343e-06	-6.619163e-09	-3.770233e+01	-4.309614e+02
1.000000e-07	-5.259511e-06	-6.621818e-09	-3.756070e+01	-4.300252e+02
1.100000e-07	-5.237786e-06	-6.577860e-09	-3.740555e+01	-4.290498e+02
1.200000e-07	-5.214358e-06	-6.542689e-09	-3.723824e+01	-4.280361e+02
1.300000e-07	-5.189405e-06	-6.483487e-09	-3.706004e+01	-4.269796e+02
1.400000e-07	-5.162819e-06	-6.453471e-09	-3.687018e+01	-4.258718e+02
1.500000e-07	-5.134611e-06	-6.525791e-09	-3.666873e+01	-4.247005e+02
1.600000e-07	-5.104942e-06	-6.474432e-09	-3.645684e+01	-4.234512e+02
1.700000e-07	-5.073705e-06	-6.446672e-09	-3.623377e+01	-4.221089e+02
1.800000e-07	-5.040405e-06	-6.497310e-09	-3.599595e+01	-4.206597e+02
1.900000e-07	-5.005146e-06	-6.390604e-09	-3.574415e+01	-4.190919e+02
2.000000e-07	-4.968478e-06	-6.350913e-09	-3.548229e+01	-4.173977e+02
2.100000e-07	-4.930172e-06	-6.330152e-09	-3.520873e+01	-4.155733e+02
2.200000e-07	-4.890031e-06	-6.223369e-09	-3.492207e+01	-4.136196e+02
2.300000e-07	-4.847950e-06	-6.245888e-09	-3.462154e+01	-4.115411e+02
2.400000e-07	-4.803941e-06	-6.279257e-09	-3.430726e+01	-4.093454e+02
2.500000e-07	-4.758231e-06	-6.241133e-09	-3.398082e+01	-4.070420e+02
2.600000e-07	-4.710694e-06	-6.212011e-09	-3.364133e+01	-4.046410e+02
2.700000e-07	-4.661090e-06	-6.106458e-09	-3.328709e+01	-4.021515e+02
2.800000e-07	-4.609357e-06	-6.066551e-09	-3.291763e+01	-3.995809e+02
2.900000e-07	-4.555694e-06	-6.077386e-09	-3.253440e+01	-3.969340e+02
3.000000e-07	-4.500438e-06	-6.044171e-09	-3.213979e+01	-3.942130e+02
3.100000e-07	-4.443537e-06	-5.998726e-09	-3.173344e+01	-3.914169e+02
3.200000e-07	-4.384804e-06	-5.932082e-09	-3.131399e+01	-3.885429e+02
3.300000e-07	-4.324460e-06	-5.869825e-09	-3.088305e+01	-3.855863e+02
3.400000e-07	-4.262673e-06	-5.813983e-09	-3.044180e+01	-3.825420e+02
3.500000e-07	-4.199475e-06	-5.791348e-09	-2.999047e+01	-3.794050e+02
3.600000e-07	-4.134823e-06	-5.755618e-09	-2.952876e+01	-3.761709e+02
3.700000e-07	-4.068505e-06	-5.678132e-09	-2.905515e+01	-3.728370e+02
3.800000e-07	-4.000589e-06	-5.632794e-09	-2.857013e+01	-3.694016e+02
3.900000e-07	-3.931343e-06	-5.595847e-09	-2.807561e+01	-3.658648e+02
4.000000e-07	-3.860880e-06	-5.540617e-09	-2.757240e+01	-3.622273e+02
4.100000e-07	-3.789213e-06	-5.471428e-09	-2.706059e+01	-3.584905e+02
4.200000e-07	-3.716204e-06	-5.390441e-09	-2.653920e+01	-3.546558e+02
4.300000e-07	-3.641604e-06	-5.335225e-09	-2.600645e+01	-3.507240e+02
4.400000e-07	-3.565407e-06	-5.290545e-09	-2.546229e+01	-3.466949e+02
4.500000e-07	-3.487818e-06	-5.250998e-09	-2.490819e+01	-3.425677e+02
4.600000e-07	-3.408847e-06	-5.197237e-09	-2.434422e+01	-3.383404e+02
4.700000e-07	-3.328497e-06	-5.109545e-09	-2.377040e+01	-3.340103e+02
4.800000e-07	-3.246928e-06	-5.013690e-09	-2.318788e+01	-3.295748e+02
4.900000e-07	-3.164213e-06	-4.938813e-09	-2.259717e+01	-3.250311e+02
5.000000e-07	-3.080496e-06	-4.889733e-09	-2.199930e+01	-3.203771e+02
5.100000e-07	-2.995938e-06	-4.826506e-09	-2.139543e+01	-3.156116e+02
5.200000e-07	-2.910425e-06	-4.747204e-09	-2.078474e+01	-3.107341e+02
5.300000e-07	-2.823875e-06	-4.657671e-09	-2.016665e+01	-3.057450e+02
5.400000e-07	-2.736386e-06	-4.573532e-09	-1.954185e+01	-3.006451e+02
5.500000e-07	-2.647984e-06	-4.504255e-09	-1.891053e+01	-2.954353e+02
5.600000e-07	-2.558472e-06	-4.431462e-09	-1.827128e+01	-2.901161e+02
5.700000e-07	-2.467792e-06	-4.345926e-09	-1.762369e+01	-2.846875e+02
5.800000e-07	-2.376210e-06	-4.248096e-09	-1.696966e+01	-2.791481e+02
5.900000e-07	-2.283900e-06	-4.159262e-09	-1.631043e+01	-2.734956e+02
6.000000e-07	-2.190803e-06	-4.079039e-09	-1.564558e+01	-2.677268e+02
6.100000e-07	-2.096903e-06	-3.992430e-09	-1.497499e+01	-2.618377e+02
6.200000e-07	-2.002289e-06	-3.894085e-09	-1.429931e+01	-2.558243e+02
6.300000e-07	-1.906991e-06	-3.792280e-09	-1.361874e+01	-2.496827e+02
6.400000e-07	-1.811053e-06	-3.697669e-09	-1.293360e+01	-2.434100e+02
6.500000e-07	-1.714476e-06	-3.610917e-09	-1.224390e+01	-2.370044e+02
6.600000e-07	-1.617134e-06	-3.522381e-09	-1.154873e+01	-2.304654e+02
6.700000e-07	-1.519022e-06	-3.417433e-09	-1.084807e+01	-2.237936e+02
6.800000e-07	-1.420263e-06	-3.297899e-09	-1.014278e+01	-2.169905e+02
6.900000e-07	-1.320984e-06	-3.179676e-09	-9.433783e+00	-2.100574e+02
7.000000e-07	-1.221251e-06	-3.075835e-09	-8.721544e+00	-2.029955e+02
7.100000e-07	-1.121162e-06	-2.974468e-09	-8.006758e+00	-1.958043e+02
7.200000e-07	-1.020827e-06	-2.863744e-09	-7.290217e+00	-1.884817e+02
7.300000e-07	-9.202316e-07	-2.745560e-09	-6.571817e+00	-1.810231e+02
7.400000e-07	-8.194065e-07	-2.626488e-09	-5.851776e+00	-1.734214e+02
7.500000e-07	-7.183041e-07	-2.510862e-09	-5.129755e+00	-1.656678e+02
7.600000e-07	-6.168444e-07	-2.396698e-09	-4.405183e+00	-1.577515e+02
7.700000e-07	-5.151400e-07	-2.277323e-09	-3.678863e+00	-1.496612e+02
7.800000e-07	-4.132778e-07	-2.147285e-09	-2.951416e+00	-1.413856e+02
7.900000e-07	-3.112981e-07	-2.010890e-09	-2.223129e+00	-1.329147e+02
8.000000e-07	-2.091803e-07	-1.875013e-09	-1.493857e+00	-1.242401e+02
8.100000e-07	-1.069619e-07	-1.744108e-09	-7.638663e-01	-1.153557e+02
8.200000e-07	-4.727072e-09	-1.608759e-09	-3.375829e-02	-1.062578e+02
8.300000e-07	9.753364e-08	-1.462576e-09	6.965347e-01	-9.694455e+01
8.400000e-07	1.997983e-07	-1.311236e-09	1.426856e+00	-8.741526e+01
8.500000e-07	3.020004e-07	-1.161959e-09	2.156730e+00	-7.766965e+01
8.600000e-07	4.040972e-07	-1.015065e-09	2.885852e+00	-6.770671e+01
8.700000e-07	5.060941e-07	-8.626606e-10	3.614262e+00	-5.752385e+01
8.800000e-07	6.079432e-07	-7.009830e-10	4.341615e+00	-4.711636e+01
8.900000e-07	7.095919e-07	-5.329298e-10	5.067537e+00	-3.647730e+01
9.000000e-07	8.109788e-07	-3.623172e-10	5.791590e+00	-2.559806e+01
9.100000e-07	9.120228e-07	-1.911608e-10	6.513194e+00	-1.446947e+01
9.200000e-07	1.012695e-06	-1.942970e-11	7.232139e+00	-3.083388e+00
9.300000e-07	1.113061e-06	1.560708e-10	7.948908e+00	8.565179e+00
9.400000e-07	1.213195e-06	3.377284e-10	8.664008e+00	2.047597e+01
9.500000e-07	1.313049e-06	5.224669e-10	9.377116e+00	3.264135e+01
9.600000e-07	1.412420e-06	7.062893e-10	1.008677e+01	4.504470e+01
9.700000e-07	1.511106e-06	8.920321e-10	1.079153e+01	5.765933e+01
9.800000e-07	1.609028e-06	1.084464e-09	1.149085e+01	7.044831e+01
9.900000e-07	1.706118e-06	1.282803e-09	1.218421e+01	8.336513e+01
1.000000e-06	1.802497e-06	1.481205e-09	1.287250e+01	9.635534e+01
1.010000e-06	1.898281e-06	1.676756e-09	1.355654e+01	1.093588e+02
1.020000e-06	1.993348e-06	1.869865e-09	1.423546e+01	1.223128e+02
1.030000e-06	2.087715e-06	2.062453e-09	1.490938e+01	1.351549e+02
1.040000e-06	2.181362e-06	2.255603e-09	1.557816e+01	1.478260e+02
1.050000e-06	2.274243e-06	2.445922e-09	1.624146e+01	1.602735e+02
1.060000e-06	2.366482e-06	2.631052e-09	1.690018e+01	1.724525e+02
1.070000e-06	2.458068e-06	2.809211e-09	1.755425e+01	1.843279e+02
1.080000e-06	2.548761e-06	2.982474e-09	1.820193e+01	1.958739e+02
1.090000e-06	2.638265e-06	3.154703e-09	1.884112e+01	2.070740e+02
1.100000e-06	2.726648e-06	3.322847e-09	1.947230e+01	2.179194e+02
1.110000e-06	2.814065e-06	3.481427e-09	2.009659e+01	2.284073e+02
1.120000e-06	2.900546e-06	3.633077e-09	2.071420e+01	2.385391e+02
1.130000e-06	2.986127e-06	3.780904e-09	2.132537e+01	2.483182e+02
1.140000e-06	3.070798e-06	3.926582e-09	2.193004e+01	2.577483e+02
1.150000e-06	3.154569e-06	4.066724e-09	2.252830e+01	2.668330e+02
1.160000e-06	3.237300e-06	4.198868e-09	2.311912e+01	2.755744e+02
1.170000e-06	3.318787e-06	4.323784e-09	2.370105e+01	2.839739e+02
1.180000e-06	3.399033e-06	4.442667e-09	2.427413e+01	2.920327e+02
1.190000e-06	3.478056e-06	4.558101e-09	2.483847e+01	2.997524e+02
1.200000e-06	3.555866e-06	4.670899e-09	2.539415e+01	3.071369e+02
1.210000e-06	3.632506e-06	4.780628e-09	2.594147e+01	3.141927e+02
1.220000e-06	3.707829e-06	4.883342e-09	2.647939e+01	3.209302e+02
1.230000e-06	3.781552e-06	4.978680e-09	2.700589e+01	3.273634e+02
1.240000e-06	3.853701e-06	5.069551e-09	2.752114e+01	3.335099e+02
1.250000e-06	3.924419e-06	5.159147e-09	2.802617e+01	3.393902e+02
1.260000e-06	3.993701e-06	5.246173e-09	2.852094e+01	3.450260e+02
1.270000e-06	4.061690e-06	5.328059e-09	2.900648e+01	3.504390e+02
1.280000e-06	4.128275e-06	5.405881e-09	2.948200e+01	3.556491e+02
1.290000e-06	4.193169e-06	5.481898e-09	2.994544e+01	3.606731e+02
1.300000e-06	4.256452e-06	5.555821e-09	3.039737e+01	3.655234e+02
1.310000e-06	4.318304e-06	5.627227e-09	3.083909e+01	3.702078e+02
1.320000e-06	4.378835e-06	5.696368e-09	3.127136e+01	3.747292e+02
1.330000e-06	4.437991e-06	5.762951e-09	3.169383e+01	3.790864e+02
1.340000e-06	4.495397e-06	5.825873e-09	3.210379e+01	3.832752e+02
1.350000e-06	4.550978e-06	5.885764e-09	3.250072e+01	3.872894e+02
1.360000e-06	4.604954e-06	5.944392e-09	3.288619e+01	3.911231e+02
1.370000e-06	4.657225e-06	5.998521e-09	3.325949e+01	3.947711e+02
1.380000e-06	4.707522e-06	6.047504e-09	3.361868e+01	3.982310e+02
1.390000e-06	4.755870e-06	6.094963e-09	3.396395e+01	4.015030e+02
1.400000e-06	4.802504e-06	6.139704e-09	3.429699e+01	4.045906e+02
1.410000e-06	4.847546e-06	6.180935e-09	3.461866e+01	4.075004e+02
1.420000e-06	4.890973e-06	6.221333e-09	3.492879e+01	4.102405e+02
1.430000e-06	4.932508e-06	6.260432e-09	3.522541e+01	4.128205e+02
1.440000e-06	4.972191e-06	6.296396e-09	3.550881e+01	4.152496e+02
1.450000e-06	5.010282e-06	6.329306e-09	3.578083e+01	4.175362e+02
1.460000e-06	5.046833e-06	6.361081e-09	3.604186e+01	4.196865e+02
1.470000e-06	5.081635e-06	6.390333e-09	3.629040e+01	4.217045e+02
1.480000e-06	5.114450e-06	6.416560e-09	3.652475e+01	4.235920e+02
1.490000e-06	5.145429e-06	6.441136e-09	3.674598e+01	4.253489e+02
1.500000e-06	5.174732e-06	6.463829e-09	3.695525e+01	4.269742e+02
1.510000e-06	5.202363e-06	6.484704e-09	3.715258e+01	4.284663e+02
1.520000e-06	5.228063e-06	6.503770e-09	3.733611e+01	4.298249e+02
1.530000e-06	5.251699e-06	6.521632e-09	3.750491e+01	4.310509e+02
1.540000e-06	5.273464e-06	6.538376e-09	3.766035e+01	4.321473e+02
1.550000e-06	5.293496e-06	6.553493e-09	3.780340e+01	4.331192e+02
1.560000e-06	5.311665e-06	6.567368e-09	3.793315e+01	4.339736e+02
1.570000e-06	5.327816e-06	6.580330e-09	3.804850e+01	4.347183e+02
1.580000e-06	5.342020e-06	6.590885e-09	3.814993e+01	4.353617e+02
1.590000e-06	5.354286e-06	6.600497e-09	3.823753e+01	4.359111e+02
1.600000e-06	5.364381e-06	6.609191e-09	3.830963e+01	4.363718e+02
1.610000e-06	5.372314e-06	6.615445e-09	3.836628e+01	4.367470e+02
1.620000e-06	5.378370e-06	6.619348e-09	3.840953e+01	4.370369e+02
1.630000e-06	5.382684e-06	6.621827e-09	3.844033e+01	4.372387e+02
1.640000e-06	5.385089e-06	6.624108e-09	3.845751e+01	4.373480e+02
1.650000e-06	5.385437e-06	6.627541e-09	3.846000e+01	4.373587e+02
1.660000e-06	5.383945e-06	6.628868e-09	3.844934e+01	4.372650e+02
1.670000e-06	5.380841e-06	6.624671e-09	3.842717e+01	4.370623e+02
1.680000e-06	5.376055e-06	6.621088e-09	3.839299e+01	4.367484e+02
1.690000e-06	5.369287e-06	6.616178e-09	3.834466e+01	4.363242e+02
1.700000e-06	5.360748e-06	6.610267e-09	3.828368e+01	4.357943e+02
1.710000e-06	5.350730e-06	6.604612e-09	3.821214e+01	4.351668e+02
1.720000e-06	5.338994e-06	6.598438e-09	3.812832e+01	4.344522e+02
1.730000e-06	5.325287e-06	6.591856e-09	3.803044e+01	4.336631e+02
1.740000e-06	5.309550e-06	6.539073e-09	3.791805e+01	4.328118e+02
1.750000e-06	5.291505e-06	6.502143e-09	3.778918e+01	4.319094e+02
1.760000e-06	5.270793e-06	6.518539e-09	3.764127e+01	4.309643e+02
1.770000e-06	5.247766e-06	6.519916e-09	3.747682e+01	4.299806e+02
1.780000e-06	5.223413e-06	6.560223e-09	3.730291e+01	4.289580e+02
1.790000e-06	5.198345e-06	6.514311e-09	3.712388e+01	4.278911e+02
1.800000e-06	5.171916e-06	6.383245e-09	3.693514e+01	4.267706e+02
1.810000e-06	5.143291e-06	6.445615e-09	3.673071e+01	4.255836e+02
1.820000e-06	5.112845e-06	6.414756e-09	3.651328e+01	4.243154e+02
1.830000e-06	5.080767e-06	6.352134e-09	3.628420e+01	4.229511e+02
1.840000e-06	5.046716e-06	6.487159e-09	3.604103e+01	4.214771e+02
1.850000e-06	5.011039e-06	6.438640e-09	3.578624e+01	4.198825e+02
1.860000e-06	4.973604e-06	6.401920e-09	3.551890e+01	4.181603e+02
1.870000e-06	4.934221e-06	6.461026e-09	3.523764e+01	4.163078e+02
1.880000e-06	4.893197e-06	6.313988e-09	3.494468e+01	4.143266e+02
1.890000e-06	4.850359e-06	6.273652e-09	3.463875e+01	4.122220e+02
1.900000e-06	4.805846e-06	6.238206e-09	3.432086e+01	4.100021e+02
1.910000e-06	4.759636e-06	6.171905e-09	3.399085e+01	4.076768e+02
1.920000e-06	4.711386e-06	6.270756e-09	3.364628e+01	4.052558e+02
1.930000e-06	4.661457e-06	6.166941e-09	3.328971e+01	4.027481e+02
1.940000e-06	4.609831e-06	6.105241e-09	3.292102e+01	4.001606e+02
1.950000e-06	4.556136e-06	6.108345e-09	3.253756e+01	3.974976e+02
1.960000e-06	4.500496e-06	5.989323e-09	3.214021e+01	3.947603e+02
1.970000e-06	4.443160e-06	5.983735e-09	3.173074e+01	3.919477e+02
1.980000e-06	4.384366e-06	5.956022e-09	3.131087e+01	3.890561e+02
1.990000e-06	4.324125e-06	5.937034e-09	3.088066e+01	3.860810e+02
2.000000e-06	4.262258e-06	5.875121e-09	3.043884e+01	3.830170e+02
2.010000e-06	4.198720e-06	5.774651e-09	2.998508e+01	3.798592e+02
2.020000e-06	4.133634e-06	5.785374e-09	2.952027e+01	3.766037e+02
2.030000e-06	4.067123e-06	5.691867e-09	2.904528e+01	3.732479e+02
2.040000e-06	3.999186e-06	5.645558e-09	2.856011e+01	3.697905e+02
2.050000e-06	3.929847e-06	5.626445e-09	2.806493e+01	3.662318e+02
2.060000e-06	3.858999e-06	5.560585e-09	2.755897e+01	3.625727e+02
2.070000e-06	3.786683e-06	5.521708e-09	2.704253e+01	3.588146e+02
2.080000e-06	3.713072e-06	5.419445e-09	2.651684e+01	3.549587e+02
2.090000e-06	3.638160e-06	5.375907e-09	2.598185e+01	3.510059e+02
2.100000e-06	3.561838e-06	5.301111e-09	2.543680e+01	3.469557e+02
2.110000e-06	3.483869e-06	5.212504e-09	2.487999e+01	3.428069e+02
2.120000e-06	3.404447e-06	5.176221e-09	2.431279e+01	3.385576e+02
2.130000e-06	3.323961e-06	5.128121e-09	2.373800e+01	3.342049e+02
2.140000e-06	3.242367e-06	5.082870e-09	2.315530e+01	3.297462e+02
2.150000e-06	3.159680e-06	4.993119e-09	2.256479e+01	3.251788e+02
2.160000e-06	3.075984e-06	4.912041e-09	2.196708e+01	3.205008e+02
2.170000e-06	2.991244e-06	4.823505e-09	2.136191e+01	3.157110e+02
2.180000e-06	2.905232e-06	4.748544e-09	2.074766e+01	3.108093e+02
2.190000e-06	2.817908e-06	4.688844e-09	2.012404e+01	3.057961e+02
2.200000e-06	2.729600e-06	4.612146e-09	1.949339e+01	3.006723e+02
2.210000e-06	2.640425e-06	4.536670e-09	1.885655e+01	2.954388e+02
2.220000e-06	2.550333e-06	4.445690e-09	1.821316e+01	2.900960e+02
2.230000e-06	2.459344e-06	4.368214e-09	1.756336e+01	2.846435e+02
2.240000e-06	2.367592e-06	4.286652e-09	1.690811e+01	2.790799e+02
2.250000e-06	2.275135e-06	4.207178e-09	1.624784e+01	2.734026e+02
2.260000e-06	2.181936e-06	4.123443e-09	1.558226e+01	2.676081e+02
2.270000e-06	2.087743e-06	4.024598e-09	1.490958e+01	2.616925e+02
2.280000e-06	1.992437e-06	3.924218e-09	1.422895e+01	2.556516e+02
2.290000e-06	1.896342e-06	3.827746e-09	1.354269e+01	2.494819e+02
2.300000e-06	1.799733e-06	3.733616e-09	1.285276e+01	2.431806e+02
2.310000e-06	1.702653e-06	3.629676e-09	1.215946e+01	2.367462e+02
2.320000e-06	1.605025e-06	3.528437e-09	1.146226e+01	2.301784e+02
2.330000e-06	1.506831e-06	3.434334e-09	1.076101e+01	2.234781e+02
2.340000e-06	1.408126e-06	3.345763e-09	1.005610e+01	2.166468e+02
2.350000e-06	1.308988e-06	3.245671e-09	9.348115e+00	2.096858e+02
2.360000e-06	1.209517e-06	3.134423e-09	8.637744e+00	2.025961e+02
2.370000e-06	1.109770e-06	3.016881e-09	7.925405e+00	1.953767e+02
2.380000e-06	1.009707e-06	2.894684e-09	7.210800e+00	1.880252e+02
2.390000e-06	9.093199e-07	2.780558e-09	6.493891e+00	1.805363e+02
2.400000e-06	8.086593e-07	2.671786e-09	5.775025e+00	1.729027e+02
2.410000e-06	7.077115e-07	2.557755e-09	5.054109e+00	1.651149e+02
2.420000e-06	6.064551e-07	2.431543e-09	4.330987e+00	1.571621e+02
2.430000e-06	5.049118e-07	2.300604e-09	3.605818e+00	1.490327e+02
2.440000e-06	4.032204e-07	2.175307e-09	2.879591e+00	1.407159e+02
2.450000e-06	3.013942e-07	2.053322e-09	2.152401e+00	1.322017e+02
2.460000e-06	1.992973e-07	1.922894e-09	1.423278e+00	1.234823e+02
2.470000e-06	9.703860e-08	1.785878e-09	6.929993e-01	1.145522e+02
2.480000e-06	-5.209004e-09	1.642535e-09	-3.720001e-02	1.054080e+02
2.490000e-06	-1.074453e-07	1.497352e-09	-7.673187e-01	9.604823e+01
2.500000e-06	-2.096890e-07	1.353653e-09	-1.497490e+00	8.647238e+01
2.510000e-06	-3.118906e-07	1.208571e-09	-2.227361e+00	7.668008e+01
2.520000e-06	-4.139396e-07	1.059698e-09	-2.956142e+00	6.667007e+01
2.530000e-06	-5.157849e-07	9.023190e-10	-3.683468e+00	5.643931e+01
2.540000e-06	-6.174274e-07	7.423735e-10	-4.409346e+00	4.598260e+01
2.550000e-06	-7.187873e-07	5.831997e-10	-5.133206e+00	3.529261e+01
2.560000e-06	-8.197924e-07	4.214652e-10	-5.854532e+00	2.436046e+01
2.570000e-06	-9.204270e-07	2.498203e-10	-6.573212e+00	1.317706e+01
2.580000e-06	-1.020712e-06	7.046388e-11	-7.289394e+00	1.734769e+00
2.590000e-06	-1.120690e-06	-1.116005e-10	-8.003390e+00	-9.970471e+00
2.600000e-06	-1.220292e-06	-2.948224e-10	-8.714695e+00	-2.193698e+01
2.610000e-06	-1.319453e-06	-4.795958e-10	-9.422845e+00	-3.415533e+01
2.620000e-06	-1.418170e-06	-6.683462e-10	-1.012784e+01	-4.660679e+01
2.630000e-06	-1.516443e-06	-8.638597e-10	-1.082965e+01	-5.926248e+01
2.640000e-06	-1.614183e-06	-1.064598e-09	-1.152766e+01	-7.208330e+01
2.650000e-06	-1.711281e-06	-1.265150e-09	-1.222108e+01	-8.502091e+01
2.660000e-06	-1.807835e-06	-1.462546e-09	-1.291062e+01	-9.801940e+01
2.670000e-06	-1.903908e-06	-1.661325e-09	-1.359672e+01	-1.110179e+02
2.680000e-06	-1.999458e-06	-1.864762e-09	-1.427909e+01	-1.239533e+02
2.690000e-06	-2.094205e-06	-2.067405e-09	-1.495573e+01	-1.367637e+02
2.700000e-06	-2.187894e-06	-2.265802e-09	-1.562481e+01	-1.493914e+02
2.710000e-06	-2.280593e-06	-2.454353e-09	-1.628681e+01	-1.617850e+02
2.720000e-06	-2.372437e-06	-2.635362e-09	-1.694272e+01	-1.739019e+02
2.730000e-06	-2.463497e-06	-2.812506e-09	-1.759302e+01	-1.857087e+02
2.740000e-06	-2.553691e-06	-2.985415e-09	-1.823713e+01	-1.971820e+02
2.750000e-06	-2.642936e-06	-3.153117e-09	-1.887448e+01	-2.083068e+02
2.760000e-06	-2.731345e-06	-3.315891e-09	-1.950585e+01	-2.190759e+02
2.770000e-06	-2.819019e-06	-3.477354e-09	-2.013197e+01	-2.294876e+02
2.780000e-06	-2.905714e-06	-3.636968e-09	-2.075110e+01	-2.395437e+02
2.790000e-06	-2.991171e-06	-3.789564e-09	-2.136139e+01	-2.492479e+02
2.800000e-06	-3.075473e-06	-3.932921e-09	-2.196343e+01	-2.586040e+02
2.810000e-06	-3.158731e-06	-4.069397e-09	-2.255802e+01	-2.676152e+02
2.820000e-06	-3.240950e-06	-4.199071e-09	-2.314518e+01	-2.762835e+02
2.830000e-06	-3.322147e-06	-4.323744e-09	-2.372505e+01	-2.846101e+02
2.840000e-06	-3.402306e-06	-4.447012e-09	-2.429751e+01	-2.925962e+02
2.850000e-06	-3.481200e-06	-4.567584e-09	-2.486093e+01	-3.002440e+02
2.860000e-06	-3.558600e-06	-4.680815e-09	-2.541367e+01	-3.075576e+02
2.870000e-06	-3.634498e-06	-4.787516e-09	-2.595570e+01	-3.145445e+02
2.880000e-06	-3.708974e-06	-4.891889e-09	-2.648757e+01	-3.212157e+02
2.890000e-06	-3.782102e-06	-4.991222e-09	-2.700981e+01	-3.275861e+02
2.900000e-06	-3.853985e-06	-5.084547e-09	-2.752316e+01	-3.336740e+02
2.910000e-06	-3.924428e-06	-5.174615e-09	-2.802623e+01	-3.395003e+02
2.920000e-06	-3.993232e-06	-5.260872e-09	-2.851759e+01	-3.450868e+02
2.930000e-06	-4.060617e-06	-5.341996e-09	-2.899882e+01	-3.504550e+02
2.940000e-06	-4.126599e-06	-5.419213e-09	-2.947003e+01	-3.556242e+02
2.950000e-06	-4.191203e-06	-5.495967e-09	-2.993140e+01	-3.606103e+02
2.960000e-06	-4.254441e-06	-5.571217e-09	-3.038301e+01	-3.654248e+02
2.970000e-06	-4.315980e-06	-5.643438e-09	-3.082249e+01	-3.700744e+02
2.980000e-06	-4.375837e-06	-5.713517e-09	-3.124995e+01	-3.745611e+02
2.990000e-06	-4.434251e-06	-5.781044e-09	-3.166712e+01	-3.788829e+02
3.000000e-06	-4.491195e-06	-5.844992e-09	-3.207378e+01	-3.830350e+02
3.010000e-06	-4.546569e-06	-5.905163e-09	-3.246924e+01	-3.870113e+02
3.020000e-06	-4.599995e-06	-5.962430e-09	-3.285078e+01	-3.908058e+02
3.030000e-06	-4.651406e-06	-6.018412e-09	-3.321793e+01	-3.944138e+02
3.040000e-06	-4.701053e-06	-6.072544e-09	-3.357248e+01	-3.978335e+02
3.050000e-06	-4.748790e-06	-6.124156e-09	-3.391339e+01	-4.010659e+02
3.060000e-06	-4.794722e-06	-6.172883e-09	-3.424142e+01	-4.041151e+02
3.070000e-06	-4.839139e-06	-6.219107e-09	-3.455862e+01	-4.069879e+02
3.080000e-06	-4.882044e-06	-6.261737e-09	-3.486503e+01	-4.096931e+02
3.090000e-06	-4.923446e-06	-6.301704e-09	-3.516069e+01	-4.122403e+02
3.100000e-06	-4.963272e-06	-6.341206e-09	-3.544511e+01	-4.146385e+02
3.110000e-06	-5.001221e-06	-6.379024e-09	-3.571613e+01	-4.168956e+02
3.120000e-06	-5.037252e-06	-6.413480e-09	-3.597344e+01	-4.190176e+02
3.130000e-06	-5.071545e-06	-6.444916e-09	-3.621835e+01	-4.210078e+02
3.140000e-06	-5.104205e-06	-6.473578e-09	-3.645159e+01	-4.228676e+02
3.150000e-06	-5.135067e-06	-6.500664e-09	-3.667199e+01	-4.245967e+02
3.160000e-06	-5.163956e-06	-6.525268e-09	-3.687830e+01	-4.261937e+02
3.170000e-06	-5.191020e-06	-6.547252e-09	-3.707157e+01	-4.276575e+02
3.180000e-06	-5.216290e-06	-6.567980e-09	-3.725204e+01	-4.289878e+02
3.190000e-06	-5.239717e-06	-6.589504e-09	-3.741934e+01	-4.301859e+02
3.200000e-06	-5.261170e-06	-6.609375e-09	-3.757255e+01	-4.312553e+02
3.210000e-06	-5.280748e-06	-6.623713e-09	-3.771236e+01	-4.322017e+02
3.220000e-06	-5.298576e-06	-6.634830e-09	-3.783968e+01	-4.330321e+02
3.230000e-06	-5.314505e-06	-6.644161e-09	-3.795344e+01	-4.337547e+02
3.240000e-06	-5.328277e-06	-6.651576e-09	-3.805179e+01	-4.343776e+02
3.250000e-06	-5.339831e-06	-6.657276e-09	-3.813430e+01	-4.349078e+02
3.260000e-06	-5.349434e-06	-6.663447e-09	-3.820288e+01	-4.353504e+02
3.270000e-06	-5.357257e-06	-6.670300e-09	-3.825875e+01	-4.357076e+02
3.280000e-06	-5.363095e-06	-6.675791e-09	-3.830044e+01	-4.359791e+02
3.290000e-06	-5.366962e-06	-6.678467e-09	-3.832806e+01	-4.361618e+02
3.300000e-06	-5.369071e-06	-6.678044e-09	-3.834312e+01	-4.362507e+02
3.310000e-06	-5.369382e-06	-6.672425e-09	-3.834534e+01	-4.362398e+02
