# Temperatura_=_52.28
# Concentracion g/m^3_=_15000.0
# C_Vs_to_Am_M_A/Vsm_=_65563218390.804596
# pendiente_HvsI_1/m_=_3716.3
# ordenada_HvsI_A/m_=_1297.0
# frecuencia_Hz_=_301596.89948509017

Tiempo_(s)	Campo_(V.s)	Magnetizacion_(V.s)	Campo_(kA/m)	Magnetizacion_(A/m)
0.000000e+00	-5.396827e-06	-6.391573e-09	-3.833299e+01	-4.179264e+02
1.000000e-08	-5.394208e-06	-6.390045e-09	-3.831438e+01	-4.178074e+02
2.000000e-08	-5.389729e-06	-6.384201e-09	-3.828257e+01	-4.175915e+02
3.000000e-08	-5.383635e-06	-6.378139e-09	-3.823928e+01	-4.172726e+02
4.000000e-08	-5.376017e-06	-6.371936e-09	-3.818517e+01	-4.168465e+02
5.000000e-08	-5.366601e-06	-6.363238e-09	-3.811829e+01	-4.163127e+02
6.000000e-08	-5.355071e-06	-6.352869e-09	-3.803640e+01	-4.156747e+02
7.000000e-08	-5.341631e-06	-6.339720e-09	-3.794094e+01	-4.149402e+02
8.000000e-08	-5.326129e-06	-6.323408e-09	-3.783083e+01	-4.141204e+02
9.000000e-08	-5.308310e-06	-6.358429e-09	-3.770426e+01	-4.132290e+02
1.000000e-07	-5.288462e-06	-6.358361e-09	-3.756328e+01	-4.122810e+02
1.100000e-07	-5.266783e-06	-6.297856e-09	-3.740930e+01	-4.112901e+02
1.200000e-07	-5.243358e-06	-6.277229e-09	-3.724291e+01	-4.102676e+02
1.300000e-07	-5.218386e-06	-6.206383e-09	-3.706554e+01	-4.092207e+02
1.400000e-07	-5.191789e-06	-6.161424e-09	-3.687663e+01	-4.081513e+02
1.500000e-07	-5.163536e-06	-6.296666e-09	-3.667595e+01	-4.070555e+02
1.600000e-07	-5.133862e-06	-6.196546e-09	-3.646518e+01	-4.059240e+02
1.700000e-07	-5.102645e-06	-6.125149e-09	-3.624345e+01	-4.047427e+02
1.800000e-07	-5.069277e-06	-6.226809e-09	-3.600644e+01	-4.034946e+02
1.900000e-07	-5.033907e-06	-6.097342e-09	-3.575521e+01	-4.021614e+02
2.000000e-07	-4.997162e-06	-6.115452e-09	-3.549421e+01	-4.007253e+02
2.100000e-07	-4.958663e-06	-6.169459e-09	-3.522076e+01	-3.991714e+02
2.200000e-07	-4.918318e-06	-6.015031e-09	-3.493420e+01	-3.974888e+02
2.300000e-07	-4.876104e-06	-5.990869e-09	-3.463436e+01	-3.956719e+02
2.400000e-07	-4.831928e-06	-6.002072e-09	-3.432058e+01	-3.937205e+02
2.500000e-07	-4.786044e-06	-5.962051e-09	-3.399467e+01	-3.916397e+02
2.600000e-07	-4.738338e-06	-5.978488e-09	-3.365582e+01	-3.894389e+02
2.700000e-07	-4.688495e-06	-5.883965e-09	-3.330179e+01	-3.871303e+02
2.800000e-07	-4.636449e-06	-5.834830e-09	-3.293212e+01	-3.847272e+02
2.900000e-07	-4.582502e-06	-5.826661e-09	-3.254894e+01	-3.822426e+02
3.000000e-07	-4.527028e-06	-5.790365e-09	-3.215491e+01	-3.796871e+02
3.100000e-07	-4.469944e-06	-5.763411e-09	-3.174945e+01	-3.770682e+02
3.200000e-07	-4.410966e-06	-5.713511e-09	-3.133054e+01	-3.743895e+02
3.300000e-07	-4.350360e-06	-5.662180e-09	-3.090006e+01	-3.716503e+02
3.400000e-07	-4.288361e-06	-5.592684e-09	-3.045969e+01	-3.688465e+02
3.500000e-07	-4.225010e-06	-5.581115e-09	-3.000971e+01	-3.659712e+02
3.600000e-07	-4.160137e-06	-5.566343e-09	-2.954893e+01	-3.630158e+02
3.700000e-07	-4.093512e-06	-5.482594e-09	-2.907570e+01	-3.599715e+02
3.800000e-07	-4.025324e-06	-5.422398e-09	-2.859137e+01	-3.568304e+02
3.900000e-07	-3.955804e-06	-5.377198e-09	-2.809758e+01	-3.535862e+02
4.000000e-07	-3.885036e-06	-5.334820e-09	-2.759493e+01	-3.502355e+02
4.100000e-07	-3.813003e-06	-5.287977e-09	-2.708328e+01	-3.467769e+02
4.200000e-07	-3.739561e-06	-5.224283e-09	-2.656163e+01	-3.432119e+02
4.300000e-07	-3.664564e-06	-5.167979e-09	-2.602894e+01	-3.395435e+02
4.400000e-07	-3.587992e-06	-5.103381e-09	-2.548506e+01	-3.357755e+02
4.500000e-07	-3.509952e-06	-5.053726e-09	-2.493075e+01	-3.319122e+02
4.600000e-07	-3.430507e-06	-5.014139e-09	-2.436646e+01	-3.279566e+02
4.700000e-07	-3.349803e-06	-4.955508e-09	-2.379323e+01	-3.239106e+02
4.800000e-07	-3.267940e-06	-4.875475e-09	-2.321177e+01	-3.197741e+02
4.900000e-07	-3.184908e-06	-4.793499e-09	-2.262200e+01	-3.155451e+02
5.000000e-07	-3.100832e-06	-4.737934e-09	-2.202482e+01	-3.112199e+02
5.100000e-07	-3.015852e-06	-4.678255e-09	-2.142122e+01	-3.067938e+02
5.200000e-07	-2.929923e-06	-4.609109e-09	-2.081088e+01	-3.022613e+02
5.300000e-07	-2.842969e-06	-4.527599e-09	-2.019325e+01	-2.976175e+02
5.400000e-07	-2.755120e-06	-4.444436e-09	-1.956928e+01	-2.928578e+02
5.500000e-07	-2.666360e-06	-4.374974e-09	-1.893882e+01	-2.879793e+02
5.600000e-07	-2.576416e-06	-4.307731e-09	-1.829996e+01	-2.829803e+02
5.700000e-07	-2.485309e-06	-4.236202e-09	-1.765284e+01	-2.778609e+02
5.800000e-07	-2.393349e-06	-4.148932e-09	-1.699966e+01	-2.726220e+02
5.900000e-07	-2.300643e-06	-4.061764e-09	-1.634118e+01	-2.672656e+02
6.000000e-07	-2.207101e-06	-3.979702e-09	-1.567676e+01	-2.617936e+02
6.100000e-07	-2.112726e-06	-3.899237e-09	-1.500643e+01	-2.562079e+02
6.200000e-07	-2.017662e-06	-3.814732e-09	-1.433120e+01	-2.505092e+02
6.300000e-07	-1.921982e-06	-3.721007e-09	-1.365160e+01	-2.446974e+02
6.400000e-07	-1.825569e-06	-3.623263e-09	-1.296679e+01	-2.387707e+02
6.500000e-07	-1.728295e-06	-3.530093e-09	-1.227586e+01	-2.327265e+02
6.600000e-07	-1.630242e-06	-3.443706e-09	-1.157941e+01	-2.265607e+02
6.700000e-07	-1.531567e-06	-3.349698e-09	-1.087853e+01	-2.202688e+02
6.800000e-07	-1.432322e-06	-3.245583e-09	-1.017360e+01	-2.138460e+02
6.900000e-07	-1.332620e-06	-3.137483e-09	-9.465432e+00	-2.072876e+02
7.000000e-07	-1.232547e-06	-3.037236e-09	-8.754629e+00	-2.005892e+02
7.100000e-07	-1.132110e-06	-2.941321e-09	-8.041233e+00	-1.937467e+02
7.200000e-07	-1.031363e-06	-2.838692e-09	-7.325642e+00	-1.867569e+02
7.300000e-07	-9.303043e-07	-2.728872e-09	-6.607835e+00	-1.796168e+02
7.400000e-07	-8.289410e-07	-2.613138e-09	-5.887864e+00	-1.723234e+02
7.500000e-07	-7.272556e-07	-2.495376e-09	-5.165605e+00	-1.648736e+02
7.600000e-07	-6.252072e-07	-2.379473e-09	-4.440768e+00	-1.572638e+02
7.700000e-07	-5.229383e-07	-2.264341e-09	-3.714365e+00	-1.494899e+02
7.800000e-07	-4.205412e-07	-2.143496e-09	-2.987051e+00	-1.415466e+02
7.900000e-07	-3.179941e-07	-2.017290e-09	-2.258672e+00	-1.334280e+02
8.000000e-07	-2.153199e-07	-1.887817e-09	-1.529390e+00	-1.251271e+02
8.100000e-07	-1.126099e-07	-1.759776e-09	-7.998538e-01	-1.166366e+02
8.200000e-07	-9.858575e-09	-1.631378e-09	-7.002422e-02	-1.079486e+02
8.300000e-07	9.294737e-08	-1.494064e-09	6.601935e-01	-9.905507e+01
8.400000e-07	1.957451e-07	-1.349728e-09	1.390353e+00	-8.994805e+01
8.500000e-07	2.985104e-07	-1.204128e-09	2.120282e+00	-8.061971e+01
8.600000e-07	4.011904e-07	-1.059318e-09	2.849605e+00	-7.106254e+01
8.700000e-07	5.037349e-07	-9.108296e-10	3.577966e+00	-6.126943e+01
8.800000e-07	6.061698e-07	-7.553975e-10	4.305548e+00	-5.123378e+01
8.900000e-07	7.084672e-07	-5.956855e-10	5.032153e+00	-4.094971e+01
9.000000e-07	8.104881e-07	-4.319062e-10	5.756795e+00	-3.041241e+01
9.100000e-07	9.121668e-07	-2.639999e-10	6.479007e+00	-1.961867e+01
9.200000e-07	1.013465e-06	-9.551893e-11	7.198512e+00	-8.567629e+00
9.300000e-07	1.114358e-06	7.395374e-11	7.915147e+00	2.738339e+00
9.400000e-07	1.214912e-06	2.491433e-10	8.629368e+00	1.429258e+01
9.500000e-07	1.315126e-06	4.297795e-10	9.341174e+00	2.608311e+01
9.600000e-07	1.414945e-06	6.118202e-10	1.005018e+01	3.809169e+01
9.700000e-07	1.514316e-06	7.942161e-10	1.075600e+01	5.029308e+01
9.800000e-07	1.613072e-06	9.798066e-10	1.145745e+01	6.265480e+01
9.900000e-07	1.711072e-06	1.170151e-09	1.215353e+01	7.513724e+01
1.000000e-06	1.808171e-06	1.361566e-09	1.284321e+01	8.769437e+01
1.010000e-06	1.904402e-06	1.553032e-09	1.352673e+01	1.002751e+02
1.020000e-06	1.999949e-06	1.743583e-09	1.420539e+01	1.128247e+02
1.030000e-06	2.094841e-06	1.930919e-09	1.487940e+01	1.252876e+02
1.040000e-06	2.189008e-06	2.116507e-09	1.554825e+01	1.376087e+02
1.050000e-06	2.282394e-06	2.299414e-09	1.621156e+01	1.497365e+02
1.060000e-06	2.375044e-06	2.479836e-09	1.686964e+01	1.616246e+02
1.070000e-06	2.466995e-06	2.655895e-09	1.752276e+01	1.732336e+02
1.080000e-06	2.558175e-06	2.826907e-09	1.817040e+01	1.845317e+02
1.090000e-06	2.648376e-06	2.994354e-09	1.881108e+01	1.954957e+02
1.100000e-06	2.737416e-06	3.159787e-09	1.944352e+01	2.061100e+02
1.110000e-06	2.825349e-06	3.318815e-09	2.006810e+01	2.163664e+02
1.120000e-06	2.912351e-06	3.470374e-09	2.068606e+01	2.262623e+02
1.130000e-06	2.998443e-06	3.614375e-09	2.129756e+01	2.357996e+02
1.140000e-06	3.083553e-06	3.753617e-09	2.190209e+01	2.449828e+02
1.150000e-06	3.167735e-06	3.888409e-09	2.250002e+01	2.538177e+02
1.160000e-06	3.250993e-06	4.015952e-09	2.309140e+01	2.623104e+02
1.170000e-06	3.333008e-06	4.138092e-09	2.367394e+01	2.704667e+02
1.180000e-06	3.413659e-06	4.255820e-09	2.424679e+01	2.782920e+02
1.190000e-06	3.493137e-06	4.368578e-09	2.481131e+01	2.857913e+02
1.200000e-06	3.571467e-06	4.475720e-09	2.536769e+01	2.929703e+02
1.210000e-06	3.648553e-06	4.579853e-09	2.591521e+01	2.998359e+02
1.220000e-06	3.724341e-06	4.678703e-09	2.645352e+01	3.063969e+02
1.230000e-06	3.798558e-06	4.772640e-09	2.698068e+01	3.126648e+02
1.240000e-06	3.871108e-06	4.862160e-09	2.749599e+01	3.186540e+02
1.250000e-06	3.942239e-06	4.949955e-09	2.800123e+01	3.243814e+02
1.260000e-06	4.011985e-06	5.035579e-09	2.849663e+01	3.298660e+02
1.270000e-06	4.080389e-06	5.117361e-09	2.898249e+01	3.351276e+02
1.280000e-06	4.147406e-06	5.195099e-09	2.945850e+01	3.401857e+02
1.290000e-06	4.212746e-06	5.269895e-09	2.992260e+01	3.450580e+02
1.300000e-06	4.276450e-06	5.341372e-09	3.037509e+01	3.497588e+02
1.310000e-06	4.338732e-06	5.409492e-09	3.081747e+01	3.542987e+02
1.320000e-06	4.399622e-06	5.476226e-09	3.124997e+01	3.586832e+02
1.330000e-06	4.459156e-06	5.540884e-09	3.167283e+01	3.629132e+02
1.340000e-06	4.517035e-06	5.602610e-09	3.208393e+01	3.669855e+02
1.350000e-06	4.573069e-06	5.661139e-09	3.248194e+01	3.708935e+02
1.360000e-06	4.627451e-06	5.717027e-09	3.286820e+01	3.746290e+02
1.370000e-06	4.680148e-06	5.770008e-09	3.324250e+01	3.781839e+02
1.380000e-06	4.730831e-06	5.820207e-09	3.360250e+01	3.815511e+02
1.390000e-06	4.779404e-06	5.867981e-09	3.394751e+01	3.847266e+02
1.400000e-06	4.826225e-06	5.911804e-09	3.428007e+01	3.877100e+02
1.410000e-06	4.871478e-06	5.951937e-09	3.460150e+01	3.905047e+02
1.420000e-06	4.915218e-06	5.990222e-09	3.491218e+01	3.931184e+02
1.430000e-06	4.957149e-06	6.025101e-09	3.521001e+01	3.955617e+02
1.440000e-06	4.997166e-06	6.057114e-09	3.549425e+01	3.978470e+02
1.450000e-06	5.035582e-06	6.088159e-09	3.576711e+01	3.999876e+02
1.460000e-06	5.072376e-06	6.118057e-09	3.602845e+01	4.019959e+02
1.470000e-06	5.107447e-06	6.146691e-09	3.627756e+01	4.038824e+02
1.480000e-06	5.140557e-06	6.173286e-09	3.651273e+01	4.056546e+02
1.490000e-06	5.171732e-06	6.197388e-09	3.673416e+01	4.073166e+02
1.500000e-06	5.201226e-06	6.218298e-09	3.694365e+01	4.088697e+02
1.510000e-06	5.229130e-06	6.236860e-09	3.714185e+01	4.103124e+02
1.520000e-06	5.255096e-06	6.254673e-09	3.732629e+01	4.116416e+02
1.530000e-06	5.278929e-06	6.272371e-09	3.749557e+01	4.128537e+02
1.540000e-06	5.300896e-06	6.289302e-09	3.765160e+01	4.139460e+02
1.550000e-06	5.321172e-06	6.304375e-09	3.779561e+01	4.149175e+02
1.560000e-06	5.339577e-06	6.318595e-09	3.792634e+01	4.157695e+02
1.570000e-06	5.355927e-06	6.331545e-09	3.804248e+01	4.165060e+02
1.580000e-06	5.370388e-06	6.342633e-09	3.814519e+01	4.171330e+02
1.590000e-06	5.382861e-06	6.352584e-09	3.823379e+01	4.176586e+02
1.600000e-06	5.393050e-06	6.360756e-09	3.830616e+01	4.180909e+02
1.610000e-06	5.401064e-06	6.368284e-09	3.836308e+01	4.184377e+02
1.620000e-06	5.407196e-06	6.374130e-09	3.840663e+01	4.187050e+02
1.630000e-06	5.411604e-06	6.377159e-09	3.843794e+01	4.188961e+02
1.640000e-06	5.414181e-06	6.378522e-09	3.845625e+01	4.190111e+02
1.650000e-06	5.414709e-06	6.382452e-09	3.846000e+01	4.190473e+02
1.660000e-06	5.413354e-06	6.384584e-09	3.845037e+01	4.189991e+02
1.670000e-06	5.410321e-06	6.379826e-09	3.842883e+01	4.188599e+02
1.680000e-06	5.405611e-06	6.377759e-09	3.839538e+01	4.186222e+02
1.690000e-06	5.398984e-06	6.374319e-09	3.834831e+01	4.182804e+02
1.700000e-06	5.390500e-06	6.368570e-09	3.828804e+01	4.178311e+02
1.710000e-06	5.380505e-06	6.362671e-09	3.821705e+01	4.172744e+02
1.720000e-06	5.368850e-06	6.355254e-09	3.813427e+01	4.166148e+02
1.730000e-06	5.355175e-06	6.360119e-09	3.803713e+01	4.158608e+02
1.740000e-06	5.339466e-06	6.294126e-09	3.792555e+01	4.150244e+02
1.750000e-06	5.321470e-06	6.251590e-09	3.779773e+01	4.141195e+02
1.760000e-06	5.300744e-06	6.284109e-09	3.765052e+01	4.131610e+02
1.770000e-06	5.277676e-06	6.268533e-09	3.748667e+01	4.121624e+02
1.780000e-06	5.253201e-06	6.347381e-09	3.731282e+01	4.111342e+02
1.790000e-06	5.227994e-06	6.316431e-09	3.713379e+01	4.100824e+02
1.800000e-06	5.201520e-06	6.116129e-09	3.694575e+01	4.090077e+02
1.810000e-06	5.172758e-06	6.239984e-09	3.674146e+01	4.079051e+02
1.820000e-06	5.142126e-06	6.217710e-09	3.652388e+01	4.067641e+02
1.830000e-06	5.109927e-06	6.085482e-09	3.629517e+01	4.055699e+02
1.840000e-06	5.075733e-06	6.246393e-09	3.605230e+01	4.043050e+02
1.850000e-06	5.039912e-06	6.128526e-09	3.579786e+01	4.029510e+02
1.860000e-06	5.002353e-06	6.048257e-09	3.553109e+01	4.014907e+02
1.870000e-06	4.962866e-06	6.188336e-09	3.525061e+01	3.999098e+02
1.880000e-06	4.921822e-06	6.054988e-09	3.495908e+01	3.981986e+02
1.890000e-06	4.878976e-06	6.054616e-09	3.465475e+01	3.963526e+02
1.900000e-06	4.834392e-06	6.019057e-09	3.433808e+01	3.943728e+02
1.910000e-06	4.787986e-06	5.893021e-09	3.400846e+01	3.922652e+02
1.920000e-06	4.739502e-06	6.013676e-09	3.366409e+01	3.900401e+02
1.930000e-06	4.689385e-06	5.884053e-09	3.330811e+01	3.877100e+02
1.940000e-06	4.637531e-06	5.850470e-09	3.293980e+01	3.852883e+02
1.950000e-06	4.583559e-06	5.891781e-09	3.255644e+01	3.827875e+02
1.960000e-06	4.527651e-06	5.747182e-09	3.215934e+01	3.802179e+02
1.970000e-06	4.470103e-06	5.739930e-09	3.175058e+01	3.775859e+02
1.980000e-06	4.411132e-06	5.694448e-09	3.133172e+01	3.748943e+02
1.990000e-06	4.350649e-06	5.704607e-09	3.090211e+01	3.721416e+02
2.000000e-06	4.288384e-06	5.647561e-09	3.045985e+01	3.693230e+02
2.010000e-06	4.224488e-06	5.528421e-09	3.000601e+01	3.664312e+02
2.020000e-06	4.159117e-06	5.577706e-09	2.954169e+01	3.634573e+02
2.030000e-06	4.092322e-06	5.483827e-09	2.906725e+01	3.603928e+02
2.040000e-06	4.024143e-06	5.434896e-09	2.858299e+01	3.572299e+02
2.050000e-06	3.954415e-06	5.404370e-09	2.808771e+01	3.539630e+02
2.060000e-06	3.883149e-06	5.334871e-09	2.758152e+01	3.505890e+02
2.070000e-06	3.810521e-06	5.306941e-09	2.706566e+01	3.471074e+02
2.080000e-06	3.736590e-06	5.203944e-09	2.654053e+01	3.435198e+02
2.090000e-06	3.661313e-06	5.194671e-09	2.600585e+01	3.398295e+02
2.100000e-06	3.584590e-06	5.140748e-09	2.546090e+01	3.360407e+02
2.110000e-06	3.506256e-06	5.048399e-09	2.490450e+01	3.321572e+02
2.120000e-06	3.426577e-06	4.989082e-09	2.433855e+01	3.281821e+02
2.130000e-06	3.345790e-06	4.928416e-09	2.376473e+01	3.241166e+02
2.140000e-06	3.263841e-06	4.895951e-09	2.318266e+01	3.199604e+02
2.150000e-06	3.180882e-06	4.816063e-09	2.259341e+01	3.157110e+02
2.160000e-06	3.096919e-06	4.752096e-09	2.199702e+01	3.113645e+02
2.170000e-06	3.011798e-06	4.674303e-09	2.139242e+01	3.069159e+02
2.180000e-06	2.925302e-06	4.603235e-09	2.077806e+01	3.023599e+02
2.190000e-06	2.837605e-06	4.541414e-09	2.015515e+01	2.976914e+02
2.200000e-06	2.749008e-06	4.469285e-09	1.952586e+01	2.929064e+02
2.210000e-06	2.659489e-06	4.403846e-09	1.889002e+01	2.880020e+02
2.220000e-06	2.569036e-06	4.313803e-09	1.824754e+01	2.829771e+02
2.230000e-06	2.477753e-06	4.232598e-09	1.759917e+01	2.778318e+02
2.240000e-06	2.385717e-06	4.148639e-09	1.694545e+01	2.725674e+02
2.250000e-06	2.292852e-06	4.076340e-09	1.628584e+01	2.671859e+02
2.260000e-06	2.199076e-06	3.998398e-09	1.561976e+01	2.616894e+02
2.270000e-06	2.104308e-06	3.905664e-09	1.494664e+01	2.560793e+02
2.280000e-06	2.008575e-06	3.814439e-09	1.426666e+01	2.503563e+02
2.290000e-06	1.912074e-06	3.730889e-09	1.358122e+01	2.445199e+02
2.300000e-06	1.814984e-06	3.649153e-09	1.289161e+01	2.385682e+02
2.310000e-06	1.717404e-06	3.553282e-09	1.219851e+01	2.324981e+02
2.320000e-06	1.619314e-06	3.454071e-09	1.150179e+01	2.263056e+02
2.330000e-06	1.520707e-06	3.354744e-09	1.080139e+01	2.199860e+02
2.340000e-06	1.421612e-06	3.260207e-09	1.009753e+01	2.135344e+02
2.350000e-06	1.322153e-06	3.160937e-09	9.391086e+00	2.069463e+02
2.360000e-06	1.222395e-06	3.061769e-09	8.682516e+00	2.002171e+02
2.370000e-06	1.122333e-06	2.958697e-09	7.971790e+00	1.933433e+02
2.380000e-06	1.021944e-06	2.845174e-09	7.258740e+00	1.863214e+02
2.390000e-06	9.210038e-07	2.734014e-09	6.541775e+00	1.791485e+02
2.400000e-06	8.195269e-07	2.628018e-09	5.820997e+00	1.718217e+02
2.410000e-06	7.176989e-07	2.519697e-09	5.097725e+00	1.643379e+02
2.420000e-06	6.156005e-07	2.399293e-09	4.372533e+00	1.566932e+02
2.430000e-06	5.132539e-07	2.272267e-09	3.645578e+00	1.488833e+02
2.440000e-06	4.107392e-07	2.149473e-09	2.917429e+00	1.409029e+02
2.450000e-06	3.080900e-07	2.029684e-09	2.188324e+00	1.327457e+02
2.460000e-06	2.052888e-07	1.904514e-09	1.458141e+00	1.244047e+02
2.470000e-06	1.023883e-07	1.775515e-09	7.272515e-01	1.158724e+02
2.480000e-06	-5.375295e-10	1.641933e-09	-3.818005e-03	1.071409e+02
2.490000e-06	-1.034595e-07	1.503821e-09	-7.348599e-01	9.820220e+01
2.500000e-06	-2.063970e-07	1.364780e-09	-1.466012e+00	8.904827e+01
2.510000e-06	-3.093157e-07	1.226016e-09	-2.197031e+00	7.967139e+01
2.520000e-06	-4.121859e-07	1.085353e-09	-2.927705e+00	7.006413e+01
2.530000e-06	-5.149106e-07	9.339063e-10	-3.657345e+00	6.021946e+01
2.540000e-06	-6.174540e-07	7.763971e-10	-4.385699e+00	5.013092e+01
2.550000e-06	-7.197539e-07	6.220346e-10	-5.112321e+00	3.979283e+01
2.560000e-06	-8.216187e-07	4.659048e-10	-5.835855e+00	2.920066e+01
2.570000e-06	-9.229791e-07	3.013841e-10	-6.555805e+00	1.835164e+01
2.580000e-06	-1.023832e-06	1.298379e-10	-7.272149e+00	7.245521e+00
2.590000e-06	-1.124209e-06	-4.546776e-11	-7.985117e+00	-4.114496e+00
2.600000e-06	-1.224150e-06	-2.234299e-10	-8.694985e+00	-1.572070e+01
2.610000e-06	-1.323706e-06	-4.019138e-10	-9.402118e+00	-2.755984e+01
2.620000e-06	-1.422882e-06	-5.811684e-10	-1.010655e+01	-3.961222e+01
2.630000e-06	-1.521586e-06	-7.675168e-10	-1.080764e+01	-5.185108e+01
2.640000e-06	-1.619726e-06	-9.622832e-10	-1.150471e+01	-6.424236e+01
2.650000e-06	-1.717295e-06	-1.158776e-09	-1.219773e+01	-7.674499e+01
2.660000e-06	-1.814322e-06	-1.352407e-09	-1.288690e+01	-8.931174e+01
2.670000e-06	-1.910741e-06	-1.543710e-09	-1.357175e+01	-1.018906e+02
2.680000e-06	-2.006598e-06	-1.737049e-09	-1.425262e+01	-1.144265e+02
2.690000e-06	-2.101910e-06	-1.930839e-09	-1.492960e+01	-1.268636e+02
2.700000e-06	-2.196369e-06	-2.122025e-09	-1.560053e+01	-1.391476e+02
2.710000e-06	-2.289759e-06	-2.306899e-09	-1.626387e+01	-1.512279e+02
2.720000e-06	-2.382135e-06	-2.484952e-09	-1.692000e+01	-1.630594e+02
2.730000e-06	-2.473673e-06	-2.659503e-09	-1.757019e+01	-1.746042e+02
2.740000e-06	-2.564431e-06	-2.829715e-09	-1.821483e+01	-1.858326e+02
2.750000e-06	-2.654234e-06	-2.994848e-09	-1.885269e+01	-1.967228e+02
2.760000e-06	-2.743054e-06	-3.154598e-09	-1.948357e+01	-2.072610e+02
2.770000e-06	-2.831060e-06	-3.310314e-09	-2.010866e+01	-2.174403e+02
2.780000e-06	-2.918305e-06	-3.461606e-09	-2.072835e+01	-2.272592e+02
2.790000e-06	-3.004415e-06	-3.606197e-09	-2.133998e+01	-2.367203e+02
2.800000e-06	-3.089162e-06	-3.745300e-09	-2.194193e+01	-2.458284e+02
2.810000e-06	-3.172818e-06	-3.879573e-09	-2.253613e+01	-2.545896e+02
2.820000e-06	-3.255478e-06	-4.008430e-09	-2.312325e+01	-2.630099e+02
2.830000e-06	-3.337084e-06	-4.132152e-09	-2.370289e+01	-2.710950e+02
2.840000e-06	-3.417587e-06	-4.253674e-09	-2.427469e+01	-2.788501e+02
2.850000e-06	-3.496953e-06	-4.373095e-09	-2.483842e+01	-2.862804e+02
2.860000e-06	-3.574906e-06	-4.484807e-09	-2.539211e+01	-2.933917e+02
2.870000e-06	-3.651312e-06	-4.587121e-09	-2.593481e+01	-3.001913e+02
2.880000e-06	-3.726298e-06	-4.684716e-09	-2.646743e+01	-3.066886e+02
2.890000e-06	-3.799834e-06	-4.779360e-09	-2.698974e+01	-3.128956e+02
2.900000e-06	-3.872107e-06	-4.870454e-09	-2.750309e+01	-3.188273e+02
2.910000e-06	-3.943082e-06	-4.957577e-09	-2.800722e+01	-3.245012e+02
2.920000e-06	-4.012374e-06	-5.040506e-09	-2.849939e+01	-3.299364e+02
2.930000e-06	-4.080078e-06	-5.119728e-09	-2.898028e+01	-3.351530e+02
2.940000e-06	-4.146471e-06	-5.195473e-09	-2.945186e+01	-3.401700e+02
2.950000e-06	-4.211484e-06	-5.270095e-09	-2.991364e+01	-3.450045e+02
2.960000e-06	-4.275112e-06	-5.342961e-09	-3.036558e+01	-3.496703e+02
2.970000e-06	-4.337101e-06	-5.411865e-09	-3.080588e+01	-3.541766e+02
2.980000e-06	-4.397294e-06	-5.478483e-09	-3.123343e+01	-3.585282e+02
2.990000e-06	-4.455941e-06	-5.544207e-09	-3.164999e+01	-3.627250e+02
3.000000e-06	-4.513104e-06	-5.605706e-09	-3.205601e+01	-3.667628e+02
3.010000e-06	-4.568771e-06	-5.664152e-09	-3.245141e+01	-3.706347e+02
3.020000e-06	-4.622658e-06	-5.720852e-09	-3.283416e+01	-3.743323e+02
3.030000e-06	-4.674567e-06	-5.774894e-09	-3.320287e+01	-3.778476e+02
3.040000e-06	-4.724618e-06	-5.825410e-09	-3.355837e+01	-3.811741e+02
3.050000e-06	-4.772666e-06	-5.874873e-09	-3.389965e+01	-3.843084e+02
3.060000e-06	-4.818848e-06	-5.923197e-09	-3.422767e+01	-3.872510e+02
3.070000e-06	-4.863476e-06	-5.968952e-09	-3.454466e+01	-3.900064e+02
3.080000e-06	-4.906587e-06	-6.009751e-09	-3.485087e+01	-3.925827e+02
3.090000e-06	-4.948177e-06	-6.045918e-09	-3.514628e+01	-3.949911e+02
3.100000e-06	-4.988256e-06	-6.082733e-09	-3.543095e+01	-3.972444e+02
3.110000e-06	-5.026551e-06	-6.118950e-09	-3.570296e+01	-3.993558e+02
3.120000e-06	-5.062824e-06	-6.151397e-09	-3.596060e+01	-4.013374e+02
3.130000e-06	-5.097310e-06	-6.181324e-09	-3.620555e+01	-4.031990e+02
3.140000e-06	-5.130179e-06	-6.208839e-09	-3.643902e+01	-4.049474e+02
3.150000e-06	-5.161301e-06	-6.233663e-09	-3.666007e+01	-4.065862e+02
3.160000e-06	-5.190446e-06	-6.256025e-09	-3.686709e+01	-4.081160e+02
3.170000e-06	-5.217707e-06	-6.278436e-09	-3.706072e+01	-4.095348e+02
3.180000e-06	-5.243165e-06	-6.299557e-09	-3.724155e+01	-4.108392e+02
3.190000e-06	-5.266793e-06	-6.318521e-09	-3.740937e+01	-4.120260e+02
3.200000e-06	-5.288418e-06	-6.335846e-09	-3.756297e+01	-4.130926e+02
3.210000e-06	-5.308058e-06	-6.351398e-09	-3.770247e+01	-4.140384e+02
3.220000e-06	-5.325984e-06	-6.364191e-09	-3.782979e+01	-4.148653e+02
3.230000e-06	-5.342106e-06	-6.374148e-09	-3.794431e+01	-4.155779e+02
3.240000e-06	-5.356069e-06	-6.381009e-09	-3.804349e+01	-4.161826e+02
3.250000e-06	-5.367768e-06	-6.386130e-09	-3.812658e+01	-4.166876e+02
3.260000e-06	-5.377508e-06	-6.391744e-09	-3.819577e+01	-4.171011e+02
3.270000e-06	-5.385445e-06	-6.395348e-09	-3.825214e+01	-4.174306e+02
3.280000e-06	-5.391335e-06	-6.398636e-09	-3.829398e+01	-4.176815e+02
3.290000e-06	-5.395242e-06	-6.401448e-09	-3.832173e+01	-4.178565e+02
3.300000e-06	-5.397406e-06	-6.402652e-09	-3.833710e+01	-4.179551e+02
3.310000e-06	-5.397824e-06	-6.398017e-09	-3.834007e+01	-4.179738e+02
