# Temperatura_=_37.33
# Concentracion g/m^3_=_15000.0
# C_Vs_to_Am_M_A/Vsm_=_65563218390.804596
# pendiente_HvsI_1/m_=_3716.3
# ordenada_HvsI_A/m_=_1297.0
# frecuencia_Hz_=_301593.1150838921

Tiempo_(s)	Campo_(V.s)	Magnetizacion_(V.s)	Campo_(kA/m)	Magnetizacion_(A/m)
0.000000e+00	-5.346573e-06	-5.778285e-09	-3.833869e+01	-3.775137e+02
1.000000e-08	-5.343793e-06	-5.776517e-09	-3.831876e+01	-3.773571e+02
2.000000e-08	-5.339211e-06	-5.770133e-09	-3.828590e+01	-3.771173e+02
3.000000e-08	-5.333085e-06	-5.764017e-09	-3.824197e+01	-3.767967e+02
4.000000e-08	-5.325423e-06	-5.757772e-09	-3.818703e+01	-3.763994e+02
5.000000e-08	-5.315907e-06	-5.749055e-09	-3.811879e+01	-3.759308e+02
6.000000e-08	-5.304322e-06	-5.738866e-09	-3.803572e+01	-3.753976e+02
7.000000e-08	-5.290911e-06	-5.725901e-09	-3.793956e+01	-3.748065e+02
8.000000e-08	-5.275450e-06	-5.719010e-09	-3.782869e+01	-3.741641e+02
9.000000e-08	-5.257643e-06	-5.749020e-09	-3.770100e+01	-3.734758e+02
1.000000e-07	-5.237747e-06	-5.741596e-09	-3.755833e+01	-3.727452e+02
1.100000e-07	-5.215959e-06	-5.697405e-09	-3.740209e+01	-3.719735e+02
1.200000e-07	-5.192469e-06	-5.671321e-09	-3.723366e+01	-3.711595e+02
1.300000e-07	-5.167559e-06	-5.605249e-09	-3.705503e+01	-3.702996e+02
1.400000e-07	-5.141048e-06	-5.608252e-09	-3.686493e+01	-3.693880e+02
1.500000e-07	-5.112863e-06	-5.678938e-09	-3.666283e+01	-3.684174e+02
1.600000e-07	-5.083243e-06	-5.602805e-09	-3.645043e+01	-3.673799e+02
1.700000e-07	-5.052070e-06	-5.621222e-09	-3.622689e+01	-3.662675e+02
1.800000e-07	-5.018767e-06	-5.647153e-09	-3.598809e+01	-3.650734e+02
1.900000e-07	-4.983506e-06	-5.491020e-09	-3.573525e+01	-3.637923e+02
2.000000e-07	-4.946907e-06	-5.484221e-09	-3.547280e+01	-3.624212e+02
2.100000e-07	-4.908653e-06	-5.495220e-09	-3.519849e+01	-3.609591e+02
2.200000e-07	-4.868574e-06	-5.442154e-09	-3.491110e+01	-3.594073e+02
2.300000e-07	-4.826548e-06	-5.479067e-09	-3.460974e+01	-3.577688e+02
2.400000e-07	-4.782595e-06	-5.441371e-09	-3.429457e+01	-3.560479e+02
2.500000e-07	-4.736950e-06	-5.383964e-09	-3.396726e+01	-3.542496e+02
2.600000e-07	-4.689468e-06	-5.387171e-09	-3.362679e+01	-3.523783e+02
2.700000e-07	-4.640031e-06	-5.342719e-09	-3.327229e+01	-3.504381e+02
2.800000e-07	-4.588465e-06	-5.340671e-09	-3.290252e+01	-3.484315e+02
2.900000e-07	-4.534894e-06	-5.300824e-09	-3.251838e+01	-3.463597e+02
3.000000e-07	-4.479720e-06	-5.216767e-09	-3.212274e+01	-3.442223e+02
3.100000e-07	-4.422944e-06	-5.206024e-09	-3.171562e+01	-3.420175e+02
3.200000e-07	-4.364332e-06	-5.207566e-09	-3.129533e+01	-3.397426e+02
3.300000e-07	-4.304114e-06	-5.164005e-09	-3.086353e+01	-3.373942e+02
3.400000e-07	-4.242499e-06	-5.094130e-09	-3.042170e+01	-3.349691e+02
3.500000e-07	-4.179492e-06	-5.062438e-09	-2.996990e+01	-3.324642e+02
3.600000e-07	-4.115098e-06	-5.029413e-09	-2.950815e+01	-3.298773e+02
3.700000e-07	-4.049062e-06	-4.989217e-09	-2.903462e+01	-3.272070e+02
3.800000e-07	-3.981376e-06	-4.970342e-09	-2.854927e+01	-3.244527e+02
3.900000e-07	-3.912274e-06	-4.915751e-09	-2.805376e+01	-3.216148e+02
4.000000e-07	-3.841907e-06	-4.845784e-09	-2.754918e+01	-3.186938e+02
4.100000e-07	-3.770377e-06	-4.791167e-09	-2.703625e+01	-3.156906e+02
4.200000e-07	-3.697674e-06	-4.759860e-09	-2.651492e+01	-3.126057e+02
4.300000e-07	-3.623438e-06	-4.738932e-09	-2.598260e+01	-3.094393e+02
4.400000e-07	-3.547521e-06	-4.695797e-09	-2.543822e+01	-3.061907e+02
4.500000e-07	-3.470199e-06	-4.635019e-09	-2.488377e+01	-3.028584e+02
4.600000e-07	-3.391530e-06	-4.566810e-09	-2.431966e+01	-2.994405e+02
4.700000e-07	-3.311515e-06	-4.511313e-09	-2.374589e+01	-2.959344e+02
4.800000e-07	-3.230249e-06	-4.464795e-09	-2.316316e+01	-2.923372e+02
4.900000e-07	-3.147814e-06	-4.408030e-09	-2.257204e+01	-2.886462e+02
5.000000e-07	-3.064291e-06	-4.345506e-09	-2.197312e+01	-2.848588e+02
5.100000e-07	-2.979931e-06	-4.275078e-09	-2.136820e+01	-2.809730e+02
5.200000e-07	-2.894713e-06	-4.213374e-09	-2.075713e+01	-2.769874e+02
5.300000e-07	-2.808427e-06	-4.162119e-09	-2.013840e+01	-2.729011e+02
5.400000e-07	-2.721174e-06	-4.109173e-09	-1.951273e+01	-2.687137e+02
5.500000e-07	-2.633106e-06	-4.044691e-09	-1.888122e+01	-2.644251e+02
5.600000e-07	-2.544063e-06	-3.963000e-09	-1.824272e+01	-2.600352e+02
5.700000e-07	-2.453799e-06	-3.887030e-09	-1.759546e+01	-2.555436e+02
5.800000e-07	-2.362455e-06	-3.824360e-09	-1.694047e+01	-2.509498e+02
5.900000e-07	-2.270377e-06	-3.759457e-09	-1.628020e+01	-2.462526e+02
6.000000e-07	-2.177563e-06	-3.679001e-09	-1.561466e+01	-2.414503e+02
6.100000e-07	-2.083933e-06	-3.597105e-09	-1.494327e+01	-2.365410e+02
6.200000e-07	-1.989567e-06	-3.521326e-09	-1.426660e+01	-2.315223e+02
6.300000e-07	-1.894502e-06	-3.446818e-09	-1.358491e+01	-2.263919e+02
6.400000e-07	-1.798832e-06	-3.375828e-09	-1.289889e+01	-2.211477e+02
6.500000e-07	-1.702606e-06	-3.302337e-09	-1.220889e+01	-2.157876e+02
6.600000e-07	-1.605801e-06	-3.216666e-09	-1.151472e+01	-2.103102e+02
6.700000e-07	-1.508330e-06	-3.116310e-09	-1.081579e+01	-2.047143e+02
6.800000e-07	-1.410087e-06	-3.019662e-09	-1.011132e+01	-1.989987e+02
6.900000e-07	-1.311134e-06	-2.932547e-09	-9.401752e+00	-1.931626e+02
7.000000e-07	-1.211660e-06	-2.846175e-09	-8.688455e+00	-1.872047e+02
7.100000e-07	-1.111858e-06	-2.753447e-09	-7.972808e+00	-1.811232e+02
7.200000e-07	-1.011848e-06	-2.655897e-09	-7.255664e+00	-1.749158e+02
7.300000e-07	-9.116144e-07	-2.559712e-09	-6.536916e+00	-1.685791e+02
7.400000e-07	-8.111378e-07	-2.466436e-09	-5.816428e+00	-1.621089e+02
7.500000e-07	-7.103801e-07	-2.373659e-09	-5.093925e+00	-1.555002e+02
7.600000e-07	-6.093236e-07	-2.272522e-09	-4.369279e+00	-1.487472e+02
7.700000e-07	-5.080931e-07	-2.160800e-09	-3.643385e+00	-1.418438e+02
7.800000e-07	-4.067086e-07	-2.044546e-09	-2.916387e+00	-1.347836e+02
7.900000e-07	-3.050993e-07	-1.931666e-09	-2.187777e+00	-1.275603e+02
8.000000e-07	-2.033384e-07	-1.822879e-09	-1.458079e+00	-1.201678e+02
8.100000e-07	-1.015382e-07	-1.712952e-09	-7.281004e-01	-1.126001e+02
8.200000e-07	3.308488e-10	-1.597364e-09	2.372419e-03	-1.048514e+02
8.300000e-07	1.022640e-07	-1.476078e-09	7.333049e-01	-9.691600e+01
8.400000e-07	2.041626e-07	-1.352507e-09	1.463990e+00	-8.878763e+01
8.500000e-07	3.059941e-07	-1.229382e-09	2.194193e+00	-8.045965e+01
8.600000e-07	4.077127e-07	-1.101787e-09	2.923587e+00	-7.192466e+01
8.700000e-07	5.092924e-07	-9.646241e-10	3.651985e+00	-6.317447e+01
8.800000e-07	6.107475e-07	-8.220914e-10	4.379489e+00	-5.420032e+01
8.900000e-07	7.119832e-07	-6.784233e-10	5.105420e+00	-4.499331e+01
9.000000e-07	8.128995e-07	-5.332846e-10	5.829062e+00	-3.554514e+01
9.100000e-07	9.134785e-07	-3.870789e-10	6.550284e+00	-2.584901e+01
9.200000e-07	1.013768e-06	-2.390287e-10	7.269429e+00	-1.590080e+01
9.300000e-07	1.113816e-06	-8.458900e-11	7.986845e+00	-5.700212e+00
9.400000e-07	1.213635e-06	7.744360e-11	8.702619e+00	4.748007e+00
9.500000e-07	1.313130e-06	2.426065e-10	9.416068e+00	1.543316e+01
9.600000e-07	1.412081e-06	4.075592e-10	1.012561e+01	2.633791e+01
9.700000e-07	1.510253e-06	5.750791e-10	1.082958e+01	3.743801e+01
9.800000e-07	1.607563e-06	7.480117e-10	1.152736e+01	4.870251e+01
9.900000e-07	1.704170e-06	9.256889e-10	1.222010e+01	6.009438e+01
1.000000e-06	1.800169e-06	1.102858e-09	1.290847e+01	7.157166e+01
1.010000e-06	1.895546e-06	1.277960e-09	1.359240e+01	8.308881e+01
1.020000e-06	1.990229e-06	1.451183e-09	1.427134e+01	9.459836e+01
1.030000e-06	2.084220e-06	1.623078e-09	1.494532e+01	1.060527e+02
1.040000e-06	2.177551e-06	1.796261e-09	1.561457e+01	1.174055e+02
1.050000e-06	2.270137e-06	1.968815e-09	1.627848e+01	1.286134e+02
1.060000e-06	2.362107e-06	2.139233e-09	1.693797e+01	1.396369e+02
1.070000e-06	2.453435e-06	2.305212e-09	1.759286e+01	1.504412e+02
1.080000e-06	2.543636e-06	2.467062e-09	1.823966e+01	1.609965e+02
1.090000e-06	2.632510e-06	2.626510e-09	1.887695e+01	1.712778e+02
1.100000e-06	2.720424e-06	2.779493e-09	1.950735e+01	1.812650e+02
1.110000e-06	2.807516e-06	2.923247e-09	2.013186e+01	1.909422e+02
1.120000e-06	2.893666e-06	3.062024e-09	2.074962e+01	2.002972e+02
1.130000e-06	2.978869e-06	3.198298e-09	2.136059e+01	2.093211e+02
1.140000e-06	3.063195e-06	3.330511e-09	2.196527e+01	2.180076e+02
1.150000e-06	3.146650e-06	3.458161e-09	2.256369e+01	2.263533e+02
1.160000e-06	3.228953e-06	3.581273e-09	2.315387e+01	2.343575e+02
1.170000e-06	3.309968e-06	3.697043e-09	2.373480e+01	2.420222e+02
1.180000e-06	3.389886e-06	3.805632e-09	2.430787e+01	2.493520e+02
1.190000e-06	3.468659e-06	3.908897e-09	2.487273e+01	2.563551e+02
1.200000e-06	3.546143e-06	4.008537e-09	2.542834e+01	2.630423e+02
1.210000e-06	3.622413e-06	4.106194e-09	2.597525e+01	2.694276e+02
1.220000e-06	3.697280e-06	4.199006e-09	2.651210e+01	2.755275e+02
1.230000e-06	3.770449e-06	4.285370e-09	2.703677e+01	2.813603e+02
1.240000e-06	3.842134e-06	4.367263e-09	2.755080e+01	2.869453e+02
1.250000e-06	3.912551e-06	4.448973e-09	2.805574e+01	2.923018e+02
1.260000e-06	3.981572e-06	4.531398e-09	2.855068e+01	2.974477e+02
1.270000e-06	4.049267e-06	4.610387e-09	2.903609e+01	3.023990e+02
1.280000e-06	4.115460e-06	4.682978e-09	2.951075e+01	3.071683e+02
1.290000e-06	4.179975e-06	4.750838e-09	2.997336e+01	3.117649e+02
1.300000e-06	4.243014e-06	4.816708e-09	3.042540e+01	3.161939e+02
1.310000e-06	4.304601e-06	4.881344e-09	3.086702e+01	3.204569e+02
1.320000e-06	4.364804e-06	4.943355e-09	3.129872e+01	3.245526e+02
1.330000e-06	4.423542e-06	5.000821e-09	3.171991e+01	3.284773e+02
1.340000e-06	4.480499e-06	5.054189e-09	3.212833e+01	3.322260e+02
1.350000e-06	4.535780e-06	5.106342e-09	3.252473e+01	3.357940e+02
1.360000e-06	4.589530e-06	5.158010e-09	3.291016e+01	3.391775e+02
1.370000e-06	4.641503e-06	5.204781e-09	3.328284e+01	3.423747e+02
1.380000e-06	4.691371e-06	5.247081e-09	3.364043e+01	3.453864e+02
1.390000e-06	4.739303e-06	5.287950e-09	3.398414e+01	3.482161e+02
1.400000e-06	4.785625e-06	5.327720e-09	3.431630e+01	3.508699e+02
1.410000e-06	4.830413e-06	5.364985e-09	3.463746e+01	3.533562e+02
1.420000e-06	4.873631e-06	5.399344e-09	3.494736e+01	3.556848e+02
1.430000e-06	4.914903e-06	5.429911e-09	3.524331e+01	3.578661e+02
1.440000e-06	4.954360e-06	5.456078e-09	3.552624e+01	3.599104e+02
1.450000e-06	4.992241e-06	5.481149e-09	3.579788e+01	3.618269e+02
1.460000e-06	5.028578e-06	5.507939e-09	3.605844e+01	3.636235e+02
1.470000e-06	5.063149e-06	5.534994e-09	3.630634e+01	3.653061e+02
1.480000e-06	5.095702e-06	5.559002e-09	3.653977e+01	3.668787e+02
1.490000e-06	5.126496e-06	5.579319e-09	3.676058e+01	3.683439e+02
1.500000e-06	5.155622e-06	5.597518e-09	3.696944e+01	3.697030e+02
1.510000e-06	5.183014e-06	5.613817e-09	3.716586e+01	3.709567e+02
1.520000e-06	5.208336e-06	5.628904e-09	3.734743e+01	3.721056e+02
1.530000e-06	5.231648e-06	5.644983e-09	3.751459e+01	3.731507e+02
1.540000e-06	5.253252e-06	5.661539e-09	3.766952e+01	3.740939e+02
1.550000e-06	5.273184e-06	5.675412e-09	3.781244e+01	3.749376e+02
1.560000e-06	5.291250e-06	5.686656e-09	3.794199e+01	3.756852e+02
1.570000e-06	5.307244e-06	5.696751e-09	3.805667e+01	3.763405e+02
1.580000e-06	5.321276e-06	5.706127e-09	3.815729e+01	3.769073e+02
1.590000e-06	5.333301e-06	5.714696e-09	3.824352e+01	3.773890e+02
1.600000e-06	5.343083e-06	5.721581e-09	3.831366e+01	3.777883e+02
1.610000e-06	5.350821e-06	5.728221e-09	3.836915e+01	3.781070e+02
1.620000e-06	5.356775e-06	5.733622e-09	3.841184e+01	3.783455e+02
1.630000e-06	5.360985e-06	5.736910e-09	3.844204e+01	3.785035e+02
1.640000e-06	5.363259e-06	5.738843e-09	3.845834e+01	3.785799e+02
1.650000e-06	5.363490e-06	5.741989e-09	3.846000e+01	3.785732e+02
1.660000e-06	5.361951e-06	5.741821e-09	3.844896e+01	3.784825e+02
1.670000e-06	5.358804e-06	5.736745e-09	3.842639e+01	3.783077e+02
1.680000e-06	5.353967e-06	5.734146e-09	3.839171e+01	3.780501e+02
1.690000e-06	5.347180e-06	5.732325e-09	3.834305e+01	3.777124e+02
1.700000e-06	5.338632e-06	5.728024e-09	3.828175e+01	3.772991e+02
1.710000e-06	5.328566e-06	5.722694e-09	3.820957e+01	3.768159e+02
1.720000e-06	5.316791e-06	5.720273e-09	3.812513e+01	3.762694e+02
1.730000e-06	5.303036e-06	5.725731e-09	3.802650e+01	3.756666e+02
1.740000e-06	5.287224e-06	5.665265e-09	3.791311e+01	3.750138e+02
1.750000e-06	5.269094e-06	5.636621e-09	3.778311e+01	3.743159e+02
1.760000e-06	5.248267e-06	5.659196e-09	3.763377e+01	3.735762e+02
1.770000e-06	5.225169e-06	5.651146e-09	3.746814e+01	3.727954e+02
1.780000e-06	5.200838e-06	5.713530e-09	3.729367e+01	3.719718e+02
1.790000e-06	5.175871e-06	5.650549e-09	3.711464e+01	3.711011e+02
1.800000e-06	5.149472e-06	5.538301e-09	3.692533e+01	3.701773e+02
1.810000e-06	5.120694e-06	5.636940e-09	3.671898e+01	3.691928e+02
1.820000e-06	5.090118e-06	5.563964e-09	3.649973e+01	3.681396e+02
1.830000e-06	5.058043e-06	5.513591e-09	3.626973e+01	3.670100e+02
1.840000e-06	5.024005e-06	5.677751e-09	3.602565e+01	3.657974e+02
1.850000e-06	4.988355e-06	5.594922e-09	3.577002e+01	3.644970e+02
1.860000e-06	4.950930e-06	5.559174e-09	3.550165e+01	3.631062e+02
1.870000e-06	4.911567e-06	5.591191e-09	3.521939e+01	3.616244e+02
1.880000e-06	4.870653e-06	5.432131e-09	3.492601e+01	3.600535e+02
1.890000e-06	4.827920e-06	5.474456e-09	3.461959e+01	3.583967e+02
1.900000e-06	4.783597e-06	5.469832e-09	3.430175e+01	3.566586e+02
1.910000e-06	4.737491e-06	5.405247e-09	3.397114e+01	3.548440e+02
1.920000e-06	4.689228e-06	5.464637e-09	3.362507e+01	3.529574e+02
1.930000e-06	4.639414e-06	5.310502e-09	3.326786e+01	3.510026e+02
1.940000e-06	4.587957e-06	5.313614e-09	3.289888e+01	3.489818e+02
1.950000e-06	4.534353e-06	5.370289e-09	3.251450e+01	3.468958e+02
1.960000e-06	4.478781e-06	5.266676e-09	3.211601e+01	3.447439e+02
1.970000e-06	4.421596e-06	5.242234e-09	3.170595e+01	3.425241e+02
1.980000e-06	4.363021e-06	5.172079e-09	3.128593e+01	3.402335e+02
1.990000e-06	4.302988e-06	5.180845e-09	3.085545e+01	3.378687e+02
2.000000e-06	4.241268e-06	5.153122e-09	3.041288e+01	3.354265e+02
2.010000e-06	4.177876e-06	5.079899e-09	2.995831e+01	3.329040e+02
2.020000e-06	4.112985e-06	5.096819e-09	2.949300e+01	3.302990e+02
2.030000e-06	4.046728e-06	4.996891e-09	2.901789e+01	3.276105e+02
2.040000e-06	3.979128e-06	4.954582e-09	2.853315e+01	3.248380e+02
2.050000e-06	3.910108e-06	4.934916e-09	2.803822e+01	3.219820e+02
2.060000e-06	3.839503e-06	4.907202e-09	2.753194e+01	3.190431e+02
2.070000e-06	3.767463e-06	4.879683e-09	2.701536e+01	3.160221e+02
2.080000e-06	3.694139e-06	4.762681e-09	2.648957e+01	3.129196e+02
2.090000e-06	3.619454e-06	4.721371e-09	2.595404e+01	3.097354e+02
2.100000e-06	3.543416e-06	4.680742e-09	2.540879e+01	3.064687e+02
2.110000e-06	3.465758e-06	4.646266e-09	2.485192e+01	3.031181e+02
2.120000e-06	3.386610e-06	4.604168e-09	2.428438e+01	2.996813e+02
2.130000e-06	3.306388e-06	4.539822e-09	2.370913e+01	2.961557e+02
2.140000e-06	3.225023e-06	4.492377e-09	2.312568e+01	2.925384e+02
2.150000e-06	3.142545e-06	4.406042e-09	2.253426e+01	2.888266e+02
2.160000e-06	3.059114e-06	4.364303e-09	2.193600e+01	2.850181e+02
2.170000e-06	2.974748e-06	4.323089e-09	2.133103e+01	2.811107e+02
2.180000e-06	2.889060e-06	4.257078e-09	2.071659e+01	2.771034e+02
2.190000e-06	2.801955e-06	4.172601e-09	2.009199e+01	2.729952e+02
2.200000e-06	2.713926e-06	4.097970e-09	1.946076e+01	2.687859e+02
2.210000e-06	2.625094e-06	4.062281e-09	1.882377e+01	2.644754e+02
2.220000e-06	2.535344e-06	4.003321e-09	1.818020e+01	2.600635e+02
2.230000e-06	2.444657e-06	3.927329e-09	1.752991e+01	2.555499e+02
2.240000e-06	2.353182e-06	3.848448e-09	1.687397e+01	2.509338e+02
2.250000e-06	2.261068e-06	3.778561e-09	1.621345e+01	2.462139e+02
2.260000e-06	2.168256e-06	3.700394e-09	1.554792e+01	2.413887e+02
2.270000e-06	2.074409e-06	3.627467e-09	1.487497e+01	2.364558e+02
2.280000e-06	1.979382e-06	3.559091e-09	1.419356e+01	2.314132e+02
2.290000e-06	1.883547e-06	3.472158e-09	1.350636e+01	2.262584e+02
2.300000e-06	1.787258e-06	3.376821e-09	1.281590e+01	2.209892e+02
2.310000e-06	1.690570e-06	3.291652e-09	1.212257e+01	2.156039e+02
2.320000e-06	1.593299e-06	3.228253e-09	1.142508e+01	2.101010e+02
2.330000e-06	1.495432e-06	3.155583e-09	1.072330e+01	2.044793e+02
2.340000e-06	1.397079e-06	3.062720e-09	1.001804e+01	1.987377e+02
2.350000e-06	1.298200e-06	2.960732e-09	9.309006e+00	1.928754e+02
2.360000e-06	1.198877e-06	2.865109e-09	8.596794e+00	1.868909e+02
2.370000e-06	1.099376e-06	2.776920e-09	7.883296e+00	1.807825e+02
2.380000e-06	9.996947e-07	2.690246e-09	7.168514e+00	1.745474e+02
2.390000e-06	8.996956e-07	2.597145e-09	6.451450e+00	1.681823e+02
2.400000e-06	7.994011e-07	2.491706e-09	5.732268e+00	1.616826e+02
2.410000e-06	6.988616e-07	2.383892e-09	5.011329e+00	1.550432e+02
2.420000e-06	5.981991e-07	2.278939e-09	4.289508e+00	1.482583e+02
2.430000e-06	4.974284e-07	2.179224e-09	3.566911e+00	1.413216e+02
2.440000e-06	3.964107e-07	2.076340e-09	2.842543e+00	1.342268e+02
2.450000e-06	2.951059e-07	1.960305e-09	2.116117e+00	1.269675e+02
2.460000e-06	1.936003e-07	1.836147e-09	1.388250e+00	1.195377e+02
2.470000e-06	9.191994e-08	1.716725e-09	6.591306e-01	1.119315e+02
2.480000e-06	-9.916817e-09	1.603439e-09	-7.111056e-02	1.041430e+02
2.490000e-06	-1.117434e-07	1.488208e-09	-8.012790e-01	9.616656e+01
2.500000e-06	-2.135385e-07	1.364057e-09	-1.531221e+00	8.799577e+01
2.510000e-06	-3.152269e-07	1.233066e-09	-2.260398e+00	7.962385e+01
2.520000e-06	-4.166926e-07	1.101731e-09	-2.987979e+00	7.104322e+01
2.530000e-06	-5.179725e-07	9.674195e-10	-3.714227e+00	6.224556e+01
2.540000e-06	-6.190479e-07	8.314486e-10	-4.439009e+00	5.322202e+01
2.550000e-06	-7.198708e-07	6.922142e-10	-5.161980e+00	4.396377e+01
2.560000e-06	-8.203783e-07	5.435620e-10	-5.882690e+00	3.446273e+01
2.570000e-06	-9.205893e-07	3.888030e-10	-6.601273e+00	2.471258e+01
2.580000e-06	-1.020546e-06	2.372523e-10	-7.318031e+00	1.470992e+01
2.590000e-06	-1.120195e-06	9.096616e-11	-8.032589e+00	4.455449e+00
2.600000e-06	-1.219416e-06	-6.188698e-11	-8.744072e+00	-6.044895e+00
2.610000e-06	-1.318149e-06	-2.272929e-10	-9.452059e+00	-1.677903e+01
2.620000e-06	-1.416439e-06	-3.983718e-10	-1.015687e+01	-2.772815e+01
2.630000e-06	-1.514287e-06	-5.693374e-10	-1.085850e+01	-3.886654e+01
2.640000e-06	-1.611609e-06	-7.397512e-10	-1.155637e+01	-5.016187e+01
2.650000e-06	-1.708324e-06	-9.108694e-10	-1.224989e+01	-6.157596e+01
2.660000e-06	-1.804516e-06	-1.085818e-09	-1.293965e+01	-7.306594e+01
2.670000e-06	-1.900303e-06	-1.265078e-09	-1.362651e+01	-8.458572e+01
2.680000e-06	-1.995584e-06	-1.444483e-09	-1.430974e+01	-9.608766e+01
2.690000e-06	-2.089957e-06	-1.618046e-09	-1.498646e+01	-1.075243e+02
2.700000e-06	-2.183113e-06	-1.785486e-09	-1.565445e+01	-1.188498e+02
2.710000e-06	-2.275317e-06	-1.952690e-09	-1.631562e+01	-1.300216e+02
2.720000e-06	-2.366796e-06	-2.122554e-09	-1.697159e+01	-1.410011e+02
2.730000e-06	-2.457488e-06	-2.288071e-09	-1.762192e+01	-1.517547e+02
2.740000e-06	-2.547314e-06	-2.444784e-09	-1.826603e+01	-1.622534e+02
2.750000e-06	-2.636214e-06	-2.597200e-09	-1.890351e+01	-1.724734e+02
2.760000e-06	-2.724298e-06	-2.749116e-09	-1.953513e+01	-1.823957e+02
2.770000e-06	-2.811646e-06	-2.901074e-09	-2.016148e+01	-1.920050e+02
2.780000e-06	-2.897995e-06	-3.048689e-09	-2.078067e+01	-2.012899e+02
2.790000e-06	-2.983048e-06	-3.186012e-09	-2.139055e+01	-2.102421e+02
2.800000e-06	-3.066949e-06	-3.313620e-09	-2.199218e+01	-2.188560e+02
2.810000e-06	-3.149904e-06	-3.436391e-09	-2.258702e+01	-2.271288e+02
2.820000e-06	-3.231850e-06	-3.557857e-09	-2.317464e+01	-2.350602e+02
2.830000e-06	-3.312663e-06	-3.678294e-09	-2.375412e+01	-2.426528e+02
2.840000e-06	-3.392420e-06	-3.795556e-09	-2.432604e+01	-2.499121e+02
2.850000e-06	-3.470936e-06	-3.906525e-09	-2.488905e+01	-2.568467e+02
2.860000e-06	-3.547857e-06	-4.008737e-09	-2.544063e+01	-2.634682e+02
2.870000e-06	-3.623295e-06	-4.103770e-09	-2.598158e+01	-2.697912e+02
2.880000e-06	-3.697383e-06	-4.196510e-09	-2.651284e+01	-2.758325e+02
2.890000e-06	-3.770156e-06	-4.286247e-09	-2.703467e+01	-2.816108e+02
2.900000e-06	-3.841738e-06	-4.369469e-09	-2.754796e+01	-2.871454e+02
2.910000e-06	-3.911884e-06	-4.447732e-09	-2.805096e+01	-2.924556e+02
2.920000e-06	-3.980364e-06	-4.524748e-09	-2.854201e+01	-2.975588e+02
2.930000e-06	-4.047389e-06	-4.601503e-09	-2.902262e+01	-3.024703e+02
2.940000e-06	-4.113048e-06	-4.675005e-09	-2.949345e+01	-3.072022e+02
2.950000e-06	-4.177357e-06	-4.745070e-09	-2.995459e+01	-3.117628e+02
2.960000e-06	-4.240272e-06	-4.812795e-09	-3.040573e+01	-3.161564e+02
2.970000e-06	-4.301426e-06	-4.878479e-09	-3.084425e+01	-3.203841e+02
2.980000e-06	-4.360919e-06	-4.942484e-09	-3.127085e+01	-3.244437e+02
2.990000e-06	-4.419027e-06	-5.004308e-09	-3.168754e+01	-3.283313e+02
3.000000e-06	-4.475664e-06	-5.062169e-09	-3.209366e+01	-3.320419e+02
3.010000e-06	-4.530723e-06	-5.116363e-09	-3.248847e+01	-3.355709e+02
3.020000e-06	-4.583862e-06	-5.169483e-09	-3.286951e+01	-3.389148e+02
3.030000e-06	-4.635006e-06	-5.221274e-09	-3.323625e+01	-3.420724e+02
3.040000e-06	-4.684390e-06	-5.269025e-09	-3.359037e+01	-3.450449e+02
3.050000e-06	-4.731881e-06	-5.314058e-09	-3.393091e+01	-3.478365e+02
3.060000e-06	-4.777564e-06	-5.356177e-09	-3.425850e+01	-3.504539e+02
3.070000e-06	-4.821773e-06	-5.396948e-09	-3.457551e+01	-3.529058e+02
3.080000e-06	-4.864459e-06	-5.432697e-09	-3.488159e+01	-3.552021e+02
3.090000e-06	-4.905601e-06	-5.464948e-09	-3.517661e+01	-3.573535e+02
3.100000e-06	-4.945204e-06	-5.498734e-09	-3.546059e+01	-3.593699e+02
3.110000e-06	-4.982905e-06	-5.531024e-09	-3.573093e+01	-3.612604e+02
3.120000e-06	-5.018687e-06	-5.560087e-09	-3.598752e+01	-3.630323e+02
3.130000e-06	-5.052850e-06	-5.586807e-09	-3.623249e+01	-3.646913e+02
3.140000e-06	-5.085335e-06	-5.612275e-09	-3.646543e+01	-3.662409e+02
3.150000e-06	-5.115961e-06	-5.634790e-09	-3.668504e+01	-3.676836e+02
3.160000e-06	-5.144634e-06	-5.655198e-09	-3.689065e+01	-3.690202e+02
3.170000e-06	-5.171492e-06	-5.675463e-09	-3.708323e+01	-3.702516e+02
3.180000e-06	-5.196572e-06	-5.693717e-09	-3.726308e+01	-3.713784e+02
3.190000e-06	-5.219829e-06	-5.708933e-09	-3.742984e+01	-3.724018e+02
3.200000e-06	-5.241080e-06	-5.724939e-09	-3.758223e+01	-3.733237e+02
3.210000e-06	-5.260412e-06	-5.740226e-09	-3.772086e+01	-3.741467e+02
3.220000e-06	-5.278014e-06	-5.751419e-09	-3.784707e+01	-3.748745e+02
3.230000e-06	-5.293787e-06	-5.759669e-09	-3.796017e+01	-3.755107e+02
3.240000e-06	-5.307387e-06	-5.765634e-09	-3.805770e+01	-3.760592e+02
3.250000e-06	-5.318774e-06	-5.770548e-09	-3.813936e+01	-3.765232e+02
3.260000e-06	-5.328242e-06	-5.774662e-09	-3.820724e+01	-3.769054e+02
3.270000e-06	-5.335915e-06	-5.777756e-09	-3.826227e+01	-3.772072e+02
3.280000e-06	-5.341630e-06	-5.780935e-09	-3.830325e+01	-3.774288e+02
3.290000e-06	-5.345369e-06	-5.782620e-09	-3.833006e+01	-3.775696e+02
3.300000e-06	-5.347410e-06	-5.783099e-09	-3.834469e+01	-3.776285e+02
3.310000e-06	-5.347719e-06	-5.780641e-09	-3.834691e+01	-3.776041e+02
