# Temperatura_=_28.73
# Concentracion g/m^3_=_15000.0
# C_Vs_to_Am_M_A/Vsm_=_65563218390.804596
# pendiente_HvsI_1/m_=_3716.3
# ordenada_HvsI_A/m_=_1297.0
# frecuencia_Hz_=_301595.8483275574

Tiempo_(s)	Campo_(V.s)	Magnetizacion_(V.s)	Campo_(kA/m)	Magnetizacion_(A/m)
0.000000e+00	-5.370042e-06	-5.731696e-09	-3.833664e+01	-3.743461e+02
1.000000e-08	-5.367328e-06	-5.727240e-09	-3.831726e+01	-3.742066e+02
2.000000e-08	-5.362873e-06	-5.718946e-09	-3.828546e+01	-3.739882e+02
3.000000e-08	-5.356804e-06	-5.711603e-09	-3.824213e+01	-3.736925e+02
4.000000e-08	-5.349190e-06	-5.706982e-09	-3.818778e+01	-3.733225e+02
5.000000e-08	-5.339777e-06	-5.702821e-09	-3.812058e+01	-3.728822e+02
6.000000e-08	-5.328250e-06	-5.696343e-09	-3.803829e+01	-3.723770e+02
7.000000e-08	-5.314863e-06	-5.683789e-09	-3.794271e+01	-3.718123e+02
8.000000e-08	-5.299418e-06	-5.679438e-09	-3.783245e+01	-3.711939e+02
9.000000e-08	-5.281682e-06	-5.703497e-09	-3.770584e+01	-3.705267e+02
1.000000e-07	-5.261920e-06	-5.695144e-09	-3.756476e+01	-3.698144e+02
1.100000e-07	-5.240248e-06	-5.653389e-09	-3.741004e+01	-3.690586e+02
1.200000e-07	-5.216835e-06	-5.629632e-09	-3.724290e+01	-3.682592e+02
1.300000e-07	-5.191911e-06	-5.568056e-09	-3.706497e+01	-3.674137e+02
1.400000e-07	-5.165461e-06	-5.558668e-09	-3.687614e+01	-3.665173e+02
1.500000e-07	-5.137363e-06	-5.622102e-09	-3.667555e+01	-3.655641e+02
1.600000e-07	-5.107752e-06	-5.558218e-09	-3.646416e+01	-3.645469e+02
1.700000e-07	-5.076600e-06	-5.567455e-09	-3.624176e+01	-3.634583e+02
1.800000e-07	-5.043351e-06	-5.615425e-09	-3.600440e+01	-3.622915e+02
1.900000e-07	-5.008176e-06	-5.482607e-09	-3.575328e+01	-3.610409e+02
2.000000e-07	-4.971555e-06	-5.434904e-09	-3.549184e+01	-3.597028e+02
2.100000e-07	-4.933213e-06	-5.436778e-09	-3.521813e+01	-3.582754e+02
2.200000e-07	-4.893115e-06	-5.387590e-09	-3.493186e+01	-3.567593e+02
2.300000e-07	-4.851106e-06	-5.415643e-09	-3.463196e+01	-3.551569e+02
2.400000e-07	-4.807122e-06	-5.404996e-09	-3.431796e+01	-3.534721e+02
2.500000e-07	-4.761401e-06	-5.359899e-09	-3.399156e+01	-3.517101e+02
2.600000e-07	-4.713804e-06	-5.345879e-09	-3.365176e+01	-3.498760e+02
2.700000e-07	-4.664144e-06	-5.296039e-09	-3.329724e+01	-3.479748e+02
2.800000e-07	-4.612438e-06	-5.287431e-09	-3.292812e+01	-3.460105e+02
2.900000e-07	-4.558876e-06	-5.259190e-09	-3.254574e+01	-3.439855e+02
3.000000e-07	-4.503704e-06	-5.192562e-09	-3.215187e+01	-3.419010e+02
3.100000e-07	-4.446835e-06	-5.179049e-09	-3.174588e+01	-3.397560e+02
3.200000e-07	-4.388154e-06	-5.173765e-09	-3.132696e+01	-3.375486e+02
3.300000e-07	-4.327869e-06	-5.127528e-09	-3.089658e+01	-3.352751e+02
3.400000e-07	-4.266120e-06	-5.054857e-09	-3.045576e+01	-3.329316e+02
3.500000e-07	-4.203021e-06	-5.016205e-09	-3.000530e+01	-3.305136e+02
3.600000e-07	-4.138474e-06	-4.995942e-09	-2.954450e+01	-3.280167e+02
3.700000e-07	-4.072227e-06	-4.968204e-09	-2.907156e+01	-3.254371e+02
3.800000e-07	-4.004349e-06	-4.943839e-09	-2.858698e+01	-3.227719e+02
3.900000e-07	-3.935109e-06	-4.893351e-09	-2.809268e+01	-3.200189e+02
4.000000e-07	-3.864619e-06	-4.824882e-09	-2.758945e+01	-3.171766e+02
4.100000e-07	-3.792924e-06	-4.761154e-09	-2.707762e+01	-3.142445e+02
4.200000e-07	-3.719867e-06	-4.721179e-09	-2.655607e+01	-3.112225e+02
4.300000e-07	-3.645216e-06	-4.701670e-09	-2.602313e+01	-3.081109e+02
4.400000e-07	-3.569014e-06	-4.668569e-09	-2.547913e+01	-3.049101e+02
4.500000e-07	-3.491381e-06	-4.616658e-09	-2.492491e+01	-3.016205e+02
4.600000e-07	-3.412322e-06	-4.553428e-09	-2.436051e+01	-2.982421e+02
4.700000e-07	-3.332019e-06	-4.497577e-09	-2.378723e+01	-2.947751e+02
4.800000e-07	-3.250529e-06	-4.444664e-09	-2.320547e+01	-2.912191e+02
4.900000e-07	-3.167813e-06	-4.381005e-09	-2.261496e+01	-2.875738e+02
5.000000e-07	-3.084092e-06	-4.320008e-09	-2.201728e+01	-2.838384e+02
5.100000e-07	-2.999488e-06	-4.258305e-09	-2.141330e+01	-2.800121e+02
5.200000e-07	-2.913982e-06	-4.199192e-09	-2.080287e+01	-2.760941e+02
5.300000e-07	-2.827483e-06	-4.145704e-09	-2.018535e+01	-2.720829e+02
5.400000e-07	-2.739975e-06	-4.090270e-09	-1.956063e+01	-2.679773e+02
5.500000e-07	-2.651543e-06	-4.024422e-09	-1.892932e+01	-2.637751e+02
5.600000e-07	-2.562062e-06	-3.944492e-09	-1.829052e+01	-2.594740e+02
5.700000e-07	-2.471461e-06	-3.872659e-09	-1.764372e+01	-2.550713e+02
5.800000e-07	-2.379925e-06	-3.818227e-09	-1.699025e+01	-2.505635e+02
5.900000e-07	-2.287564e-06	-3.759026e-09	-1.633088e+01	-2.459470e+02
6.000000e-07	-2.194396e-06	-3.680531e-09	-1.566575e+01	-2.412180e+02
6.100000e-07	-2.100481e-06	-3.596028e-09	-1.499530e+01	-2.363728e+02
6.200000e-07	-2.005880e-06	-3.514567e-09	-1.431995e+01	-2.314079e+02
6.300000e-07	-1.910587e-06	-3.436692e-09	-1.363965e+01	-2.263205e+02
6.400000e-07	-1.814631e-06	-3.366009e-09	-1.295462e+01	-2.211089e+02
6.500000e-07	-1.717983e-06	-3.295393e-09	-1.226465e+01	-2.157719e+02
6.600000e-07	-1.620590e-06	-3.212384e-09	-1.156936e+01	-2.103097e+02
6.700000e-07	-1.522491e-06	-3.114050e-09	-1.086904e+01	-2.047232e+02
6.800000e-07	-1.423788e-06	-3.017322e-09	-1.016440e+01	-1.990137e+02
6.900000e-07	-1.324568e-06	-2.931502e-09	-9.456067e+00	-1.931831e+02
7.000000e-07	-1.224924e-06	-2.846386e-09	-8.744709e+00	-1.872329e+02
7.100000e-07	-1.124935e-06	-2.753187e-09	-8.030889e+00	-1.811639e+02
7.200000e-07	-1.024608e-06	-2.654665e-09	-7.314656e+00	-1.749759e+02
7.300000e-07	-9.239924e-07	-2.557100e-09	-6.596366e+00	-1.686673e+02
7.400000e-07	-8.230905e-07	-2.462478e-09	-5.876029e+00	-1.622350e+02
7.500000e-07	-7.219212e-07	-2.369198e-09	-5.153783e+00	-1.556743e+02
7.600000e-07	-6.205268e-07	-2.269218e-09	-4.429931e+00	-1.489793e+02
7.700000e-07	-5.188773e-07	-2.159786e-09	-3.704256e+00	-1.421426e+02
7.800000e-07	-4.169985e-07	-2.046652e-09	-2.976945e+00	-1.351564e+02
7.900000e-07	-3.149692e-07	-1.936842e-09	-2.248560e+00	-1.280126e+02
8.000000e-07	-2.128222e-07	-1.831158e-09	-1.519334e+00	-1.207030e+02
8.100000e-07	-1.105716e-07	-1.723019e-09	-7.893685e-01	-1.132199e+02
8.200000e-07	-8.267209e-09	-1.605837e-09	-5.901946e-02	-1.055562e+02
8.300000e-07	9.405864e-08	-1.481932e-09	6.714830e-01	-9.770534e+01
8.400000e-07	1.963984e-07	-1.358650e-09	1.402085e+00	-8.966144e+01
8.500000e-07	2.986565e-07	-1.238318e-09	2.132104e+00	-8.141895e+01
8.600000e-07	4.007900e-07	-1.115538e-09	2.861233e+00	-7.297254e+01
8.700000e-07	5.028257e-07	-9.829378e-10	3.589664e+00	-6.431686e+01
8.800000e-07	6.047409e-07	-8.426635e-10	4.317235e+00	-5.544656e+01
8.900000e-07	7.064406e-07	-7.006043e-10	5.043267e+00	-4.635635e+01
9.000000e-07	8.078293e-07	-5.577003e-10	5.767079e+00	-3.704135e+01
9.100000e-07	9.089029e-07	-4.126436e-10	6.488643e+00	-2.749761e+01
9.200000e-07	1.009696e-06	-2.644622e-10	7.208200e+00	-1.772289e+01
9.300000e-07	1.110180e-06	-1.103706e-10	7.925558e+00	-7.717516e+00
9.400000e-07	1.210351e-06	4.931455e-11	8.640673e+00	2.514634e+00
9.500000e-07	1.310139e-06	2.096680e-10	9.353059e+00	1.296524e+01
9.600000e-07	1.409469e-06	3.687938e-10	1.006217e+01	2.362081e+01
9.700000e-07	1.508256e-06	5.309588e-10	1.076741e+01	3.446213e+01
9.800000e-07	1.606370e-06	7.001398e-10	1.146785e+01	4.546416e+01
9.900000e-07	1.703705e-06	8.753561e-10	1.216272e+01	5.659624e+01
1.000000e-06	1.800224e-06	1.049584e-09	1.285177e+01	6.782266e+01
1.010000e-06	1.895965e-06	1.220812e-09	1.353527e+01	7.910364e+01
1.020000e-06	1.990997e-06	1.391350e-09	1.421369e+01	9.039656e+01
1.030000e-06	2.085399e-06	1.562395e-09	1.488763e+01	1.016573e+02
1.040000e-06	2.179129e-06	1.734789e-09	1.555676e+01	1.128419e+02
1.050000e-06	2.272094e-06	1.904897e-09	1.622044e+01	1.239074e+02
1.060000e-06	2.364361e-06	2.070750e-09	1.687913e+01	1.348139e+02
1.070000e-06	2.455983e-06	2.232569e-09	1.753322e+01	1.455247e+02
1.080000e-06	2.546758e-06	2.392213e-09	1.818126e+01	1.560073e+02
1.090000e-06	2.636398e-06	2.551256e-09	1.882120e+01	1.662338e+02
1.100000e-06	2.724818e-06	2.705737e-09	1.945243e+01	1.761810e+02
1.110000e-06	2.812257e-06	2.851736e-09	2.007666e+01	1.858300e+02
1.120000e-06	2.898868e-06	2.991058e-09	2.069497e+01	1.951661e+02
1.130000e-06	2.984534e-06	3.125817e-09	2.130653e+01	2.041787e+02
1.140000e-06	3.069229e-06	3.257714e-09	2.191118e+01	2.128603e+02
1.150000e-06	3.153062e-06	3.386018e-09	2.250966e+01	2.212070e+02
1.160000e-06	3.235910e-06	3.508134e-09	2.310111e+01	2.292176e+02
1.170000e-06	3.317498e-06	3.622200e-09	2.368356e+01	2.368943e+02
1.180000e-06	3.397783e-06	3.730173e-09	2.425672e+01	2.442419e+02
1.190000e-06	3.476850e-06	3.833918e-09	2.482117e+01	2.512681e+02
1.200000e-06	3.554722e-06	3.934067e-09	2.537710e+01	2.579836e+02
1.210000e-06	3.631435e-06	4.033324e-09	2.592475e+01	2.644015e+02
1.220000e-06	3.706837e-06	4.129166e-09	2.646305e+01	2.705372e+02
1.230000e-06	3.780598e-06	4.217355e-09	2.698962e+01	2.764076e+02
1.240000e-06	3.852749e-06	4.299389e-09	2.750471e+01	2.820306e+02
1.250000e-06	3.923567e-06	4.379816e-09	2.801028e+01	2.874242e+02
1.260000e-06	3.992985e-06	4.458579e-09	2.850585e+01	2.926054e+02
1.270000e-06	4.061067e-06	4.533700e-09	2.899189e+01	2.975893e+02
1.280000e-06	4.127799e-06	4.606034e-09	2.946829e+01	3.023888e+02
1.290000e-06	4.192803e-06	4.676522e-09	2.993235e+01	3.070134e+02
1.300000e-06	4.256143e-06	4.744739e-09	3.038453e+01	3.114696e+02
1.310000e-06	4.318094e-06	4.809937e-09	3.082680e+01	3.157603e+02
1.320000e-06	4.378670e-06	4.872562e-09	3.125925e+01	3.198859e+02
1.330000e-06	4.437811e-06	4.931380e-09	3.168145e+01	3.238443e+02
1.340000e-06	4.495242e-06	4.985627e-09	3.209145e+01	3.276323e+02
1.350000e-06	4.550876e-06	5.038612e-09	3.248863e+01	3.312461e+02
1.360000e-06	4.604934e-06	5.090904e-09	3.287454e+01	3.346827e+02
1.370000e-06	4.657319e-06	5.139252e-09	3.324852e+01	3.379403e+02
1.380000e-06	4.707647e-06	5.181718e-09	3.360781e+01	3.410191e+02
1.390000e-06	4.755962e-06	5.221855e-09	3.395273e+01	3.439217e+02
1.400000e-06	4.802609e-06	5.262872e-09	3.428574e+01	3.466528e+02
1.410000e-06	4.847689e-06	5.301578e-09	3.460757e+01	3.492192e+02
1.420000e-06	4.891198e-06	5.337629e-09	3.491818e+01	3.516290e+02
1.430000e-06	4.932833e-06	5.371074e-09	3.521541e+01	3.538913e+02
1.440000e-06	4.972596e-06	5.401458e-09	3.549928e+01	3.560149e+02
1.450000e-06	5.010740e-06	5.429732e-09	3.577159e+01	3.580082e+02
1.460000e-06	5.047309e-06	5.456505e-09	3.603266e+01	3.598782e+02
1.470000e-06	5.082131e-06	5.482813e-09	3.628125e+01	3.616303e+02
1.480000e-06	5.115019e-06	5.507090e-09	3.651604e+01	3.632685e+02
1.490000e-06	5.146086e-06	5.527998e-09	3.673782e+01	3.647951e+02
1.500000e-06	5.175506e-06	5.547121e-09	3.694785e+01	3.662113e+02
1.510000e-06	5.203325e-06	5.566300e-09	3.714645e+01	3.675175e+02
1.520000e-06	5.229160e-06	5.586481e-09	3.733088e+01	3.687141e+02
1.530000e-06	5.252856e-06	5.604969e-09	3.750005e+01	3.698017e+02
1.540000e-06	5.274658e-06	5.619821e-09	3.765569e+01	3.707818e+02
1.550000e-06	5.294776e-06	5.632875e-09	3.779932e+01	3.716564e+02
1.560000e-06	5.313092e-06	5.645152e-09	3.793007e+01	3.724288e+02
1.570000e-06	5.329333e-06	5.655805e-09	3.804602e+01	3.731029e+02
1.580000e-06	5.343591e-06	5.664206e-09	3.814780e+01	3.736828e+02
1.590000e-06	5.355907e-06	5.671993e-09	3.823573e+01	3.741728e+02
1.600000e-06	5.366021e-06	5.680002e-09	3.830793e+01	3.745769e+02
1.610000e-06	5.373997e-06	5.686836e-09	3.836487e+01	3.748981e+02
1.620000e-06	5.380122e-06	5.692250e-09	3.840860e+01	3.751387e+02
1.630000e-06	5.384479e-06	5.696586e-09	3.843970e+01	3.752997e+02
1.640000e-06	5.386907e-06	5.699702e-09	3.845704e+01	3.753816e+02
1.650000e-06	5.387322e-06	5.701915e-09	3.846000e+01	3.753842e+02
1.660000e-06	5.385925e-06	5.700065e-09	3.845003e+01	3.753071e+02
1.670000e-06	5.382875e-06	5.695451e-09	3.842825e+01	3.751505e+02
1.680000e-06	5.378140e-06	5.692656e-09	3.839445e+01	3.749151e+02
1.690000e-06	5.371483e-06	5.689445e-09	3.834693e+01	3.746030e+02
1.700000e-06	5.363054e-06	5.685762e-09	3.828675e+01	3.742173e+02
1.710000e-06	5.353096e-06	5.684557e-09	3.821566e+01	3.737625e+02
1.720000e-06	5.341422e-06	5.686087e-09	3.813232e+01	3.732438e+02
1.730000e-06	5.327783e-06	5.683511e-09	3.803495e+01	3.726670e+02
1.740000e-06	5.312118e-06	5.630868e-09	3.792312e+01	3.720375e+02
1.750000e-06	5.294157e-06	5.606982e-09	3.779489e+01	3.713602e+02
1.760000e-06	5.273484e-06	5.629845e-09	3.764731e+01	3.706383e+02
1.770000e-06	5.250424e-06	5.625454e-09	3.748269e+01	3.698731e+02
1.780000e-06	5.226059e-06	5.665751e-09	3.730875e+01	3.690639e+02
1.790000e-06	5.201054e-06	5.609858e-09	3.713024e+01	3.682077e+02
1.800000e-06	5.174734e-06	5.515522e-09	3.694233e+01	3.672995e+02
1.810000e-06	5.146160e-06	5.591795e-09	3.673835e+01	3.663330e+02
1.820000e-06	5.115711e-06	5.522170e-09	3.652098e+01	3.653009e+02
1.830000e-06	5.083651e-06	5.458896e-09	3.629210e+01	3.641958e+02
1.840000e-06	5.049583e-06	5.597760e-09	3.604888e+01	3.630113e+02
1.850000e-06	5.013936e-06	5.556158e-09	3.579441e+01	3.617420e+02
1.860000e-06	4.976595e-06	5.524421e-09	3.552783e+01	3.603847e+02
1.870000e-06	4.937263e-06	5.538390e-09	3.524704e+01	3.589380e+02
1.880000e-06	4.896290e-06	5.399859e-09	3.495453e+01	3.574029e+02
1.890000e-06	4.853487e-06	5.402577e-09	3.464896e+01	3.557823e+02
1.900000e-06	4.809040e-06	5.387085e-09	3.433165e+01	3.540803e+02
1.910000e-06	4.762885e-06	5.358049e-09	3.400215e+01	3.523022e+02
1.920000e-06	4.714655e-06	5.419428e-09	3.365784e+01	3.504532e+02
1.930000e-06	4.664789e-06	5.292550e-09	3.330185e+01	3.485379e+02
1.940000e-06	4.613277e-06	5.271316e-09	3.293410e+01	3.465602e+02
1.950000e-06	4.559715e-06	5.308041e-09	3.255173e+01	3.445223e+02
1.960000e-06	4.504132e-06	5.219065e-09	3.215492e+01	3.424247e+02
1.970000e-06	4.446769e-06	5.179881e-09	3.174541e+01	3.402664e+02
1.980000e-06	4.388016e-06	5.126862e-09	3.132597e+01	3.380449e+02
1.990000e-06	4.327864e-06	5.143256e-09	3.089655e+01	3.357567e+02
2.000000e-06	4.265991e-06	5.122593e-09	3.045484e+01	3.333973e+02
2.010000e-06	4.202470e-06	5.046208e-09	3.000136e+01	3.309625e+02
2.020000e-06	4.137454e-06	5.042509e-09	2.953722e+01	3.284480e+02
2.030000e-06	4.071008e-06	4.962737e-09	2.906286e+01	3.258502e+02
2.040000e-06	4.003114e-06	4.910525e-09	2.857816e+01	3.231661e+02
2.050000e-06	3.933741e-06	4.894884e-09	2.808291e+01	3.203938e+02
2.060000e-06	3.862853e-06	4.885358e-09	2.757684e+01	3.175321e+02
2.070000e-06	3.790521e-06	4.856868e-09	2.706047e+01	3.145806e+02
2.080000e-06	3.716977e-06	4.746010e-09	2.653543e+01	3.115391e+02
2.090000e-06	3.642158e-06	4.685916e-09	2.600131e+01	3.084082e+02
2.100000e-06	3.565883e-06	4.646729e-09	2.545678e+01	3.051881e+02
2.110000e-06	3.487972e-06	4.612899e-09	2.490057e+01	3.018793e+02
2.120000e-06	3.408584e-06	4.570203e-09	2.433382e+01	2.984817e+02
2.130000e-06	3.328064e-06	4.518336e-09	2.375899e+01	2.949955e+02
2.140000e-06	3.246487e-06	4.476179e-09	2.317661e+01	2.914202e+02
2.150000e-06	3.163853e-06	4.395128e-09	2.258669e+01	2.877554e+02
2.160000e-06	3.080217e-06	4.340134e-09	2.198961e+01	2.840004e+02
2.170000e-06	2.995502e-06	4.296282e-09	2.138483e+01	2.801544e+02
2.180000e-06	2.909451e-06	4.233967e-09	2.077052e+01	2.762163e+02
2.190000e-06	2.822157e-06	4.154338e-09	2.014733e+01	2.721849e+02
2.200000e-06	2.733909e-06	4.085961e-09	1.951733e+01	2.680585e+02
2.210000e-06	2.644772e-06	4.052326e-09	1.888098e+01	2.638351e+02
2.220000e-06	2.554702e-06	3.997834e-09	1.823798e+01	2.595123e+02
2.230000e-06	2.463747e-06	3.916208e-09	1.758865e+01	2.550872e+02
2.240000e-06	2.372061e-06	3.834330e-09	1.693410e+01	2.505562e+02
2.250000e-06	2.279609e-06	3.765896e-09	1.627409e+01	2.459158e+02
2.260000e-06	2.186244e-06	3.694903e-09	1.560756e+01	2.411620e+02
2.270000e-06	2.091845e-06	3.626646e-09	1.493364e+01	2.362911e+02
2.280000e-06	1.996474e-06	3.558107e-09	1.425279e+01	2.313000e+02
2.290000e-06	1.900354e-06	3.470922e-09	1.356660e+01	2.261860e+02
2.300000e-06	1.803711e-06	3.371909e-09	1.287666e+01	2.209473e+02
2.310000e-06	1.706641e-06	3.283236e-09	1.218368e+01	2.155833e+02
2.320000e-06	1.609039e-06	3.220756e-09	1.148690e+01	2.100941e+02
2.330000e-06	1.510855e-06	3.155729e-09	1.078596e+01	2.044809e+02
2.340000e-06	1.412113e-06	3.067107e-09	1.008105e+01	1.987451e+02
2.350000e-06	1.312941e-06	2.965259e-09	9.373060e+00	1.928886e+02
2.360000e-06	1.213428e-06	2.867365e-09	8.662642e+00	1.869127e+02
2.370000e-06	1.113688e-06	2.776093e-09	7.950599e+00	1.808180e+02
2.380000e-06	1.013740e-06	2.686177e-09	7.237076e+00	1.746042e+02
2.390000e-06	9.134082e-07	2.592384e-09	6.520805e+00	1.682692e+02
2.400000e-06	8.126587e-07	2.491241e-09	5.801556e+00	1.618096e+02
2.410000e-06	7.115237e-07	2.388090e-09	5.079555e+00	1.552205e+02
2.420000e-06	6.101334e-07	2.285555e-09	4.355732e+00	1.484955e+02
2.430000e-06	5.085633e-07	2.186000e-09	3.630625e+00	1.416273e+02
2.440000e-06	4.067905e-07	2.082747e-09	2.904071e+00	1.346079e+02
2.450000e-06	3.048151e-07	1.966735e-09	2.176070e+00	1.274290e+02
2.460000e-06	2.026162e-07	1.843406e-09	1.446473e+00	1.200827e+02
2.470000e-06	1.002645e-07	1.726005e-09	7.157866e-01	1.125612e+02
2.480000e-06	-2.059880e-09	1.614351e-09	-1.470545e-02	1.048577e+02
2.490000e-06	-1.043627e-07	1.498172e-09	-7.450437e-01	9.696580e+01
2.500000e-06	-2.067092e-07	1.371458e-09	-1.475694e+00	8.887961e+01
2.510000e-06	-3.090308e-07	1.240097e-09	-2.206166e+00	8.059367e+01
2.520000e-06	-4.111507e-07	1.111184e-09	-2.935198e+00	7.210266e+01
2.530000e-06	-5.130162e-07	9.803701e-10	-3.662414e+00	6.340125e+01
2.540000e-06	-6.147254e-07	8.485377e-10	-4.388514e+00	5.448407e+01
2.550000e-06	-7.162030e-07	7.119409e-10	-5.112961e+00	4.534588e+01
2.560000e-06	-8.173086e-07	5.654059e-10	-5.834752e+00	3.598195e+01
2.570000e-06	-9.180183e-07	4.131258e-10	-6.553717e+00	2.638863e+01
2.580000e-06	-1.018355e-06	2.617342e-10	-7.270022e+00	1.656415e+01
2.590000e-06	-1.118288e-06	1.140161e-10	-7.983438e+00	6.509519e+00
2.600000e-06	-1.217880e-06	-3.799631e-11	-8.694424e+00	-3.770509e+00
2.610000e-06	-1.317136e-06	-1.997696e-10	-9.403010e+00	-1.426656e+01
2.620000e-06	-1.415932e-06	-3.648008e-10	-1.010831e+01	-2.496394e+01
2.630000e-06	-1.514203e-06	-5.283286e-10	-1.080987e+01	-3.584221e+01
2.640000e-06	-1.611957e-06	-6.909335e-10	-1.150774e+01	-4.687507e+01
2.650000e-06	-1.709111e-06	-8.567734e-10	-1.220132e+01	-5.803073e+01
2.660000e-06	-1.805677e-06	-1.028557e-09	-1.289070e+01	-6.927250e+01
2.670000e-06	-1.901764e-06	-1.205079e-09	-1.357666e+01	-8.055990e+01
2.680000e-06	-1.997262e-06	-1.382387e-09	-1.425842e+01	-9.184986e+01
2.690000e-06	-2.092037e-06	-1.554467e-09	-1.493502e+01	-1.030982e+02
2.700000e-06	-2.185915e-06	-1.721757e-09	-1.560521e+01	-1.142610e+02
2.710000e-06	-2.278724e-06	-1.888130e-09	-1.626777e+01	-1.252959e+02
2.720000e-06	-2.370637e-06	-2.054176e-09	-1.692394e+01	-1.361636e+02
2.730000e-06	-2.461765e-06	-2.215192e-09	-1.757450e+01	-1.468282e+02
2.740000e-06	-2.552018e-06	-2.370075e-09	-1.821881e+01	-1.572583e+02
2.750000e-06	-2.641320e-06	-2.521852e-09	-1.885634e+01	-1.674270e+02
2.760000e-06	-2.729741e-06	-2.673528e-09	-1.948758e+01	-1.773119e+02
2.770000e-06	-2.817432e-06	-2.824757e-09	-2.011360e+01	-1.868952e+02
2.780000e-06	-2.904261e-06	-2.972635e-09	-2.073347e+01	-1.961630e+02
2.790000e-06	-2.989878e-06	-3.111433e-09	-2.134468e+01	-2.051053e+02
2.800000e-06	-3.074206e-06	-3.239793e-09	-2.194670e+01	-2.137156e+02
2.810000e-06	-3.157495e-06	-3.362844e-09	-2.254131e+01	-2.219905e+02
2.820000e-06	-3.239788e-06	-3.482649e-09	-2.312879e+01	-2.299295e+02
2.830000e-06	-3.321044e-06	-3.601465e-09	-2.370887e+01	-2.375353e+02
2.840000e-06	-3.401269e-06	-3.717581e-09	-2.428160e+01	-2.448135e+02
2.850000e-06	-3.480282e-06	-3.826883e-09	-2.484567e+01	-2.517723e+02
2.860000e-06	-3.557812e-06	-3.929530e-09	-2.539916e+01	-2.584230e+02
2.870000e-06	-3.633785e-06	-4.026988e-09	-2.594153e+01	-2.647793e+02
2.880000e-06	-3.708332e-06	-4.122818e-09	-2.647372e+01	-2.708569e+02
2.890000e-06	-3.781527e-06	-4.215004e-09	-2.699626e+01	-2.766730e+02
2.900000e-06	-3.853479e-06	-4.299727e-09	-2.750992e+01	-2.822456e+02
2.910000e-06	-3.924041e-06	-4.378901e-09	-2.801366e+01	-2.875924e+02
2.920000e-06	-3.992981e-06	-4.455520e-09	-2.850582e+01	-2.927303e+02
2.930000e-06	-4.060458e-06	-4.531316e-09	-2.898754e+01	-2.976739e+02
2.940000e-06	-4.126576e-06	-4.605045e-09	-2.945955e+01	-3.024354e+02
2.950000e-06	-4.191298e-06	-4.676557e-09	-2.992160e+01	-3.070238e+02
2.960000e-06	-4.254576e-06	-4.745868e-09	-3.037335e+01	-3.114445e+02
2.970000e-06	-4.316131e-06	-4.812590e-09	-3.081279e+01	-3.157001e+02
2.980000e-06	-4.376000e-06	-4.878214e-09	-3.124019e+01	-3.197903e+02
2.990000e-06	-4.434409e-06	-4.941744e-09	-3.165717e+01	-3.237127e+02
3.000000e-06	-4.491329e-06	-5.000828e-09	-3.206352e+01	-3.274639e+02
3.010000e-06	-4.546676e-06	-5.055002e-09	-3.245864e+01	-3.310402e+02
3.020000e-06	-4.600138e-06	-5.106288e-09	-3.284030e+01	-3.344387e+02
3.030000e-06	-4.651691e-06	-5.156148e-09	-3.320834e+01	-3.376580e+02
3.040000e-06	-4.701437e-06	-5.203604e-09	-3.356348e+01	-3.406990e+02
3.050000e-06	-4.749186e-06	-5.250266e-09	-3.390436e+01	-3.435645e+02
3.060000e-06	-4.795142e-06	-5.295991e-09	-3.423244e+01	-3.462599e+02
3.070000e-06	-4.839592e-06	-5.338895e-09	-3.454976e+01	-3.487922e+02
3.080000e-06	-4.882539e-06	-5.376826e-09	-3.485636e+01	-3.511699e+02
3.090000e-06	-4.923969e-06	-5.412042e-09	-3.515213e+01	-3.534019e+02
3.100000e-06	-4.963840e-06	-5.446304e-09	-3.543677e+01	-3.554972e+02
3.110000e-06	-5.001867e-06	-5.477657e-09	-3.570824e+01	-3.574637e+02
3.120000e-06	-5.037945e-06	-5.505611e-09	-3.596580e+01	-3.593082e+02
3.130000e-06	-5.072321e-06	-5.531827e-09	-3.621122e+01	-3.610359e+02
3.140000e-06	-5.105056e-06	-5.557176e-09	-3.644491e+01	-3.626502e+02
3.150000e-06	-5.135939e-06	-5.580792e-09	-3.666538e+01	-3.641532e+02
3.160000e-06	-5.164850e-06	-5.603787e-09	-3.687178e+01	-3.655460e+02
3.170000e-06	-5.191947e-06	-5.626790e-09	-3.706522e+01	-3.668289e+02
3.180000e-06	-5.217319e-06	-5.646857e-09	-3.724635e+01	-3.680023e+02
3.190000e-06	-5.240912e-06	-5.663286e-09	-3.741478e+01	-3.690669e+02
3.200000e-06	-5.262515e-06	-5.678393e-09	-3.756901e+01	-3.700244e+02
3.210000e-06	-5.282158e-06	-5.692132e-09	-3.770923e+01	-3.708770e+02
3.220000e-06	-5.299971e-06	-5.702472e-09	-3.783641e+01	-3.716282e+02
3.230000e-06	-5.315981e-06	-5.709505e-09	-3.795070e+01	-3.722819e+02
3.240000e-06	-5.329877e-06	-5.715307e-09	-3.804990e+01	-3.728424e+02
3.250000e-06	-5.341497e-06	-5.721427e-09	-3.813286e+01	-3.733139e+02
3.260000e-06	-5.351141e-06	-5.727828e-09	-3.820171e+01	-3.737002e+02
3.270000e-06	-5.358921e-06	-5.733488e-09	-3.825725e+01	-3.740042e+02
3.280000e-06	-5.364755e-06	-5.738089e-09	-3.829889e+01	-3.742278e+02
3.290000e-06	-5.368671e-06	-5.739510e-09	-3.832685e+01	-3.743721e+02
3.300000e-06	-5.370805e-06	-5.739278e-09	-3.834208e+01	-3.744372e+02
3.310000e-06	-5.371169e-06	-5.736458e-09	-3.834469e+01	-3.744230e+02
