# Temperatura_=_32.59
# Concentracion g/m^3_=_15000.0
# C_Vs_to_Am_M_A/Vsm_=_65563218390.804596
# pendiente_HvsI_1/m_=_3716.3
# ordenada_HvsI_A/m_=_1297.0
# frecuencia_Hz_=_301960.2736508366

Tiempo_(s)	Campo_(V.s)	Magnetizacion_(V.s)	Campo_(kA/m)	Magnetizacion_(A/m)
0.000000e+00	-6.875087e-06	-1.006859e-08	-4.746700e+01	-6.589795e+02
1.000000e-08	-6.871071e-06	-1.006581e-08	-4.743928e+01	-6.587456e+02
2.000000e-08	-6.864866e-06	-1.005881e-08	-4.739643e+01	-6.584046e+02
3.000000e-08	-6.856488e-06	-1.005492e-08	-4.733859e+01	-6.579565e+02
4.000000e-08	-6.845723e-06	-1.004844e-08	-4.726427e+01	-6.573995e+02
5.000000e-08	-6.832423e-06	-1.003971e-08	-4.717244e+01	-6.567321e+02
6.000000e-08	-6.816672e-06	-1.001901e-08	-4.706369e+01	-6.559545e+02
7.000000e-08	-6.798645e-06	-9.996093e-09	-4.693923e+01	-6.550711e+02
8.000000e-08	-6.778472e-06	-1.004010e-08	-4.679995e+01	-6.540918e+02
9.000000e-08	-6.755801e-06	-1.006491e-08	-4.664343e+01	-6.530321e+02
1.000000e-07	-6.730201e-06	-9.992787e-09	-4.646668e+01	-6.519121e+02
1.100000e-07	-6.701920e-06	-9.945541e-09	-4.627142e+01	-6.507528e+02
1.200000e-07	-6.671453e-06	-9.932467e-09	-4.606107e+01	-6.495718e+02
1.300000e-07	-6.639044e-06	-9.837687e-09	-4.583732e+01	-6.483791e+02
1.400000e-07	-6.604687e-06	-9.826367e-09	-4.560010e+01	-6.471732e+02
1.500000e-07	-6.568352e-06	-9.966245e-09	-4.534924e+01	-6.459390e+02
1.600000e-07	-6.529983e-06	-9.799939e-09	-4.508433e+01	-6.446487e+02
1.700000e-07	-6.489511e-06	-9.790514e-09	-4.480491e+01	-6.432648e+02
1.800000e-07	-6.446547e-06	-9.856696e-09	-4.450827e+01	-6.417458e+02
1.900000e-07	-6.401013e-06	-9.702505e-09	-4.419390e+01	-6.400525e+02
2.000000e-07	-6.353215e-06	-9.779586e-09	-4.386389e+01	-6.381545e+02
2.100000e-07	-6.302758e-06	-9.751875e-09	-4.351553e+01	-6.360354e+02
2.200000e-07	-6.249623e-06	-9.674943e-09	-4.314867e+01	-6.336946e+02
2.300000e-07	-6.194161e-06	-9.646565e-09	-4.276575e+01	-6.311473e+02
2.400000e-07	-6.136336e-06	-9.568189e-09	-4.236651e+01	-6.284206e+02
2.500000e-07	-6.076182e-06	-9.549541e-09	-4.195120e+01	-6.255476e+02
2.600000e-07	-6.013864e-06	-9.493256e-09	-4.152094e+01	-6.225612e+02
2.700000e-07	-5.949383e-06	-9.436007e-09	-4.107575e+01	-6.194878e+02
2.800000e-07	-5.882634e-06	-9.383834e-09	-4.061491e+01	-6.163427e+02
2.900000e-07	-5.813613e-06	-9.347273e-09	-4.013837e+01	-6.131284e+02
3.000000e-07	-5.742499e-06	-9.338131e-09	-3.964738e+01	-6.098356e+02
3.100000e-07	-5.669223e-06	-9.255350e-09	-3.914147e+01	-6.064460e+02
3.200000e-07	-5.593605e-06	-9.220304e-09	-3.861939e+01	-6.029374e+02
3.300000e-07	-5.515635e-06	-9.144668e-09	-3.808107e+01	-5.992884e+02
3.400000e-07	-5.435465e-06	-9.059224e-09	-3.752756e+01	-5.954832e+02
3.500000e-07	-5.353350e-06	-9.028532e-09	-3.696062e+01	-5.915134e+02
3.600000e-07	-5.269475e-06	-8.979522e-09	-3.638153e+01	-5.873792e+02
3.700000e-07	-5.183932e-06	-8.922729e-09	-3.579092e+01	-5.830875e+02
3.800000e-07	-5.096703e-06	-8.826255e-09	-3.518868e+01	-5.786490e+02
3.900000e-07	-5.007591e-06	-8.755141e-09	-3.457343e+01	-5.740749e+02
4.000000e-07	-4.916564e-06	-8.684123e-09	-3.394496e+01	-5.693734e+02
4.100000e-07	-4.823892e-06	-8.623909e-09	-3.330513e+01	-5.645474e+02
4.200000e-07	-4.729672e-06	-8.558318e-09	-3.265462e+01	-5.595940e+02
4.300000e-07	-4.633782e-06	-8.474131e-09	-3.199257e+01	-5.545047e+02
4.400000e-07	-4.536071e-06	-8.393182e-09	-3.131796e+01	-5.492679e+02
4.500000e-07	-4.436652e-06	-8.295301e-09	-3.063155e+01	-5.438706e+02
4.600000e-07	-4.335694e-06	-8.211722e-09	-2.993452e+01	-5.383015e+02
4.700000e-07	-4.233235e-06	-8.128056e-09	-2.922712e+01	-5.325522e+02
4.800000e-07	-4.129294e-06	-8.038129e-09	-2.850949e+01	-5.266186e+02
4.900000e-07	-4.023826e-06	-7.940749e-09	-2.778131e+01	-5.205003e+02
5.000000e-07	-3.916805e-06	-7.849747e-09	-2.704242e+01	-5.141997e+02
5.100000e-07	-3.808368e-06	-7.758983e-09	-2.629375e+01	-5.077200e+02
5.200000e-07	-3.698626e-06	-7.656308e-09	-2.553607e+01	-5.010640e+02
5.300000e-07	-3.587633e-06	-7.543607e-09	-2.476975e+01	-4.942322e+02
5.400000e-07	-3.475276e-06	-7.424736e-09	-2.399401e+01	-4.872221e+02
5.500000e-07	-3.361345e-06	-7.316120e-09	-2.320741e+01	-4.800282e+02
5.600000e-07	-3.245927e-06	-7.211074e-09	-2.241054e+01	-4.726420e+02
5.700000e-07	-3.129149e-06	-7.108234e-09	-2.160429e+01	-4.650533e+02
5.800000e-07	-3.011173e-06	-6.992299e-09	-2.078975e+01	-4.572512e+02
5.900000e-07	-2.892202e-06	-6.865525e-09	-1.996835e+01	-4.492247e+02
6.000000e-07	-2.772274e-06	-6.730217e-09	-1.914034e+01	-4.409640e+02
6.100000e-07	-2.651312e-06	-6.595295e-09	-1.830520e+01	-4.324604e+02
6.200000e-07	-2.529299e-06	-6.463810e-09	-1.746280e+01	-4.237067e+02
6.300000e-07	-2.406266e-06	-6.326157e-09	-1.661335e+01	-4.146969e+02
6.400000e-07	-2.282275e-06	-6.182143e-09	-1.575729e+01	-4.054259e+02
6.500000e-07	-2.157529e-06	-6.033163e-09	-1.489602e+01	-3.958891e+02
6.600000e-07	-2.032113e-06	-5.884173e-09	-1.403012e+01	-3.860819e+02
6.700000e-07	-1.906031e-06	-5.732939e-09	-1.315963e+01	-3.759993e+02
6.800000e-07	-1.779341e-06	-5.577780e-09	-1.228494e+01	-3.656359e+02
6.900000e-07	-1.652064e-06	-5.413252e-09	-1.140619e+01	-3.549853e+02
7.000000e-07	-1.524225e-06	-5.243342e-09	-1.052356e+01	-3.440395e+02
7.100000e-07	-1.395828e-06	-5.071758e-09	-9.637083e+00	-3.327896e+02
7.200000e-07	-1.266899e-06	-4.897654e-09	-8.746926e+00	-3.212245e+02
7.300000e-07	-1.137552e-06	-4.717454e-09	-7.853893e+00	-3.093321e+02
7.400000e-07	-1.007831e-06	-4.528238e-09	-6.958271e+00	-2.970986e+02
7.500000e-07	-8.777210e-07	-4.333510e-09	-6.059965e+00	-2.845095e+02
7.600000e-07	-7.472986e-07	-4.136017e-09	-5.159502e+00	-2.715503e+02
7.700000e-07	-6.166100e-07	-3.935628e-09	-4.257201e+00	-2.582067e+02
7.800000e-07	-4.857038e-07	-3.729892e-09	-3.353398e+00	-2.444654e+02
7.900000e-07	-3.546750e-07	-3.515276e-09	-2.448748e+00	-2.303144e+02
8.000000e-07	-2.235286e-07	-3.288722e-09	-1.543287e+00	-2.157428e+02
8.100000e-07	-9.219920e-08	-3.056475e-09	-6.365621e-01	-2.007396e+02
8.200000e-07	3.926317e-08	-2.821784e-09	2.710809e-01	-1.852932e+02
8.300000e-07	1.707138e-07	-2.580364e-09	1.178643e+00	-1.693891e+02
8.400000e-07	3.021060e-07	-2.332968e-09	2.085802e+00	-1.530085e+02
8.500000e-07	4.334217e-07	-2.080972e-09	2.992432e+00	-1.361265e+02
8.600000e-07	5.645923e-07	-1.820406e-09	3.898061e+00	-1.187123e+02
8.700000e-07	6.955570e-07	-1.544170e-09	4.802267e+00	-1.007289e+02
8.800000e-07	8.263122e-07	-1.256096e-09	5.705028e+00	-8.213594e+01
8.900000e-07	9.567969e-07	-9.594412e-10	6.605921e+00	-6.289360e+01
9.000000e-07	1.086955e-06	-6.518317e-10	7.504559e+00	-4.296837e+01
9.100000e-07	1.216718e-06	-3.323612e-10	8.400472e+00	-2.234008e+01
9.200000e-07	1.346000e-06	-5.104490e-12	9.293060e+00	-1.009504e+00
9.300000e-07	1.474782e-06	3.285354e-10	1.018220e+01	2.099459e+01
9.400000e-07	1.602998e-06	6.712614e-10	1.106742e+01	4.360993e+01
9.500000e-07	1.730633e-06	1.021361e-09	1.194865e+01	6.673801e+01
9.600000e-07	1.857638e-06	1.379692e-09	1.282551e+01	9.024488e+01
9.700000e-07	1.983918e-06	1.743996e-09	1.369737e+01	1.139660e+02
9.800000e-07	2.109516e-06	2.110506e-09	1.456453e+01	1.377150e+02
9.900000e-07	2.234461e-06	2.472529e-09	1.542718e+01	1.612951e+02
1.000000e-06	2.358678e-06	2.825798e-09	1.628480e+01	1.845133e+02
1.010000e-06	2.482027e-06	3.170813e-09	1.713642e+01	2.071932e+02
1.020000e-06	2.604442e-06	3.504762e-09	1.798160e+01	2.291876e+02
1.030000e-06	2.725846e-06	3.827177e-09	1.881980e+01	2.503863e+02
1.040000e-06	2.846147e-06	4.134140e-09	1.965038e+01	2.707208e+02
1.050000e-06	2.965360e-06	4.427787e-09	2.047345e+01	2.901628e+02
1.060000e-06	3.083532e-06	4.710053e-09	2.128933e+01	3.087187e+02
1.070000e-06	3.200652e-06	4.983003e-09	2.209795e+01	3.264215e+02
1.080000e-06	3.316560e-06	5.242713e-09	2.289821e+01	3.433192e+02
1.090000e-06	3.431061e-06	5.487841e-09	2.368874e+01	3.594654e+02
1.100000e-06	3.544131e-06	5.720403e-09	2.446941e+01	3.749099e+02
1.110000e-06	3.655872e-06	5.942152e-09	2.524089e+01	3.896937e+02
1.120000e-06	3.766380e-06	6.154560e-09	2.600386e+01	4.038469e+02
1.130000e-06	3.875739e-06	6.357605e-09	2.675889e+01	4.173902e+02
1.140000e-06	3.983899e-06	6.552401e-09	2.750565e+01	4.303388e+02
1.150000e-06	4.090601e-06	6.740216e-09	2.824234e+01	4.427070e+02
1.160000e-06	4.195690e-06	6.921985e-09	2.896790e+01	4.545128e+02
1.170000e-06	4.299243e-06	7.095202e-09	2.968285e+01	4.657803e+02
1.180000e-06	4.401334e-06	7.261735e-09	3.038771e+01	4.765404e+02
1.190000e-06	4.502030e-06	7.417901e-09	3.108293e+01	4.868283e+02
1.200000e-06	4.601125e-06	7.564549e-09	3.176711e+01	4.966801e+02
1.210000e-06	4.698349e-06	7.705685e-09	3.243836e+01	5.061283e+02
1.220000e-06	4.793738e-06	7.844016e-09	3.309695e+01	5.151973e+02
1.230000e-06	4.887433e-06	7.978322e-09	3.374383e+01	5.239020e+02
1.240000e-06	4.979579e-06	8.108879e-09	3.438003e+01	5.322469e+02
1.250000e-06	5.069985e-06	8.234920e-09	3.500421e+01	5.402288e+02
1.260000e-06	5.158413e-06	8.352868e-09	3.561473e+01	5.478406e+02
1.270000e-06	5.244966e-06	8.463180e-09	3.621232e+01	5.550763e+02
1.280000e-06	5.329802e-06	8.567497e-09	3.679804e+01	5.619352e+02
1.290000e-06	5.412815e-06	8.667811e-09	3.737117e+01	5.684252e+02
1.300000e-06	5.493780e-06	8.760685e-09	3.793018e+01	5.745633e+02
1.310000e-06	5.572711e-06	8.845576e-09	3.847513e+01	5.803751e+02
1.320000e-06	5.649606e-06	8.929373e-09	3.900603e+01	5.858911e+02
1.330000e-06	5.724301e-06	9.010681e-09	3.952174e+01	5.911428e+02
1.340000e-06	5.796795e-06	9.086351e-09	4.002225e+01	5.961590e+02
1.350000e-06	5.867215e-06	9.158225e-09	4.050845e+01	6.009621e+02
1.360000e-06	5.935602e-06	9.227622e-09	4.098061e+01	6.055669e+02
1.370000e-06	6.001849e-06	9.295187e-09	4.143799e+01	6.099810e+02
1.380000e-06	6.065893e-06	9.359546e-09	4.188016e+01	6.142059e+02
1.390000e-06	6.127857e-06	9.420403e-09	4.230797e+01	6.182402e+02
1.400000e-06	6.187865e-06	9.478560e-09	4.272228e+01	6.220821e+02
1.410000e-06	6.245702e-06	9.534075e-09	4.312160e+01	6.257313e+02
1.420000e-06	6.301225e-06	9.586569e-09	4.350494e+01	6.291898e+02
1.430000e-06	6.354469e-06	9.636751e-09	4.387255e+01	6.324621e+02
1.440000e-06	6.405055e-06	9.684884e-09	4.422181e+01	6.355534e+02
1.450000e-06	6.453038e-06	9.729094e-09	4.455309e+01	6.384684e+02
1.460000e-06	6.498791e-06	9.770943e-09	4.486897e+01	6.412094e+02
1.470000e-06	6.542410e-06	9.810828e-09	4.517013e+01	6.437762e+02
1.480000e-06	6.583688e-06	9.847108e-09	4.545513e+01	6.461659e+02
1.490000e-06	6.622518e-06	9.879111e-09	4.572321e+01	6.483745e+02
1.500000e-06	6.659168e-06	9.906378e-09	4.597625e+01	6.503985e+02
1.510000e-06	6.693410e-06	9.931923e-09	4.621267e+01	6.522369e+02
1.520000e-06	6.725126e-06	9.957636e-09	4.643164e+01	6.538924e+02
1.530000e-06	6.754625e-06	9.980307e-09	4.663531e+01	6.553719e+02
1.540000e-06	6.781814e-06	9.998849e-09	4.682303e+01	6.566857e+02
1.550000e-06	6.806436e-06	1.001514e-08	4.699302e+01	6.578461e+02
1.560000e-06	6.828579e-06	1.002986e-08	4.714590e+01	6.588655e+02
1.570000e-06	6.848479e-06	1.004284e-08	4.728330e+01	6.597543e+02
1.580000e-06	6.865882e-06	1.005495e-08	4.740345e+01	6.605198e+02
1.590000e-06	6.880680e-06	1.006523e-08	4.750562e+01	6.611659e+02
1.600000e-06	6.892996e-06	1.007271e-08	4.759065e+01	6.616935e+02
1.610000e-06	6.902548e-06	1.007766e-08	4.765660e+01	6.621021e+02
1.620000e-06	6.909430e-06	1.008119e-08	4.770412e+01	6.623910e+02
1.630000e-06	6.914041e-06	1.008495e-08	4.773595e+01	6.625606e+02
1.640000e-06	6.916185e-06	1.008802e-08	4.775075e+01	6.626127e+02
1.650000e-06	6.915741e-06	1.009084e-08	4.774769e+01	6.625506e+02
1.660000e-06	6.913090e-06	1.008249e-08	4.772938e+01	6.623778e+02
1.670000e-06	6.908247e-06	1.007678e-08	4.769595e+01	6.620970e+02
1.680000e-06	6.900998e-06	1.006769e-08	4.764590e+01	6.617093e+02
1.690000e-06	6.891504e-06	1.005622e-08	4.758035e+01	6.612138e+02
1.700000e-06	6.879790e-06	1.004960e-08	4.749947e+01	6.606088e+02
1.710000e-06	6.865622e-06	1.004786e-08	4.740166e+01	6.598931e+02
1.720000e-06	6.849186e-06	1.005470e-08	4.728817e+01	6.590684e+02
1.730000e-06	6.830752e-06	9.971772e-09	4.716090e+01	6.581414e+02
1.740000e-06	6.809650e-06	9.910724e-09	4.701521e+01	6.571246e+02
1.750000e-06	6.785102e-06	9.958917e-09	4.684573e+01	6.560356e+02
1.760000e-06	6.757627e-06	9.947978e-09	4.665604e+01	6.548953e+02
1.770000e-06	6.727828e-06	9.933396e-09	4.645030e+01	6.537240e+02
1.780000e-06	6.696129e-06	1.003383e-08	4.623144e+01	6.525365e+02
1.790000e-06	6.663067e-06	9.896252e-09	4.600318e+01	6.513382e+02
1.800000e-06	6.628166e-06	9.849394e-09	4.576221e+01	6.501219e+02
1.810000e-06	6.590570e-06	9.978953e-09	4.550264e+01	6.488668e+02
1.820000e-06	6.550759e-06	9.813904e-09	4.522778e+01	6.475405e+02
1.830000e-06	6.508902e-06	9.908180e-09	4.493879e+01	6.461029e+02
1.840000e-06	6.464719e-06	9.870389e-09	4.463373e+01	6.445127e+02
1.850000e-06	6.418255e-06	9.695820e-09	4.431294e+01	6.427338e+02
1.860000e-06	6.369285e-06	9.816687e-09	4.397484e+01	6.407413e+02
1.870000e-06	6.318080e-06	9.679890e-09	4.362131e+01	6.385254e+02
1.880000e-06	6.264301e-06	9.724314e-09	4.325001e+01	6.360925e+02
1.890000e-06	6.207795e-06	9.728821e-09	4.285988e+01	6.334636e+02
1.900000e-06	6.149094e-06	9.578699e-09	4.245460e+01	6.306691e+02
1.910000e-06	6.088005e-06	9.646304e-09	4.203283e+01	6.277428e+02
1.920000e-06	6.024639e-06	9.498691e-09	4.159533e+01	6.247156e+02
1.930000e-06	5.959162e-06	9.505195e-09	4.114327e+01	6.216094e+02
1.940000e-06	5.891597e-06	9.464944e-09	4.067679e+01	6.184342e+02
1.950000e-06	5.821777e-06	9.366640e-09	4.019474e+01	6.151872e+02
1.960000e-06	5.749452e-06	9.371457e-09	3.969539e+01	6.118546e+02
1.970000e-06	5.675064e-06	9.233352e-09	3.918180e+01	6.084159e+02
1.980000e-06	5.598419e-06	9.274525e-09	3.865263e+01	6.048486e+02
1.990000e-06	5.519455e-06	9.189530e-09	3.810744e+01	6.011333e+02
2.000000e-06	5.438556e-06	9.105740e-09	3.754890e+01	5.972572e+02
2.010000e-06	5.355851e-06	9.059296e-09	3.697788e+01	5.932156e+02
2.020000e-06	5.271359e-06	8.958094e-09	3.639453e+01	5.890118e+02
2.030000e-06	5.184794e-06	8.934754e-09	3.579688e+01	5.846549e+02
2.040000e-06	5.096282e-06	8.847973e-09	3.518577e+01	5.801561e+02
2.050000e-06	5.006156e-06	8.815154e-09	3.456352e+01	5.755258e+02
2.060000e-06	4.914551e-06	8.709457e-09	3.393106e+01	5.707700e+02
2.070000e-06	4.821204e-06	8.619030e-09	3.328658e+01	5.658892e+02
2.080000e-06	4.725888e-06	8.545740e-09	3.262850e+01	5.608780e+02
2.090000e-06	4.628897e-06	8.482217e-09	3.195885e+01	5.557262e+02
2.100000e-06	4.530462e-06	8.426794e-09	3.127923e+01	5.504212e+02
2.110000e-06	4.430608e-06	8.320867e-09	3.058982e+01	5.449506e+02
2.120000e-06	4.329059e-06	8.240553e-09	2.988870e+01	5.393042e+02
2.130000e-06	4.225809e-06	8.134881e-09	2.917585e+01	5.334753e+02
2.140000e-06	4.120999e-06	8.050370e-09	2.845222e+01	5.274615e+02
2.150000e-06	4.014793e-06	7.952556e-09	2.771895e+01	5.212638e+02
2.160000e-06	3.907313e-06	7.864942e-09	2.697689e+01	5.148851e+02
2.170000e-06	3.798417e-06	7.766639e-09	2.622505e+01	5.083287e+02
2.180000e-06	3.688035e-06	7.664421e-09	2.546294e+01	5.015966e+02
2.190000e-06	3.576201e-06	7.565555e-09	2.469082e+01	4.946880e+02
2.200000e-06	3.463040e-06	7.458332e-09	2.390954e+01	4.875991e+02
2.210000e-06	3.348532e-06	7.342676e-09	2.311895e+01	4.803230e+02
2.220000e-06	3.232702e-06	7.210631e-09	2.231924e+01	4.728505e+02
2.230000e-06	3.115370e-06	7.090673e-09	2.150915e+01	4.651708e+02
2.240000e-06	2.996673e-06	6.971463e-09	2.068964e+01	4.572729e+02
2.250000e-06	2.876950e-06	6.863124e-09	1.986305e+01	4.491463e+02
2.260000e-06	2.756205e-06	6.740258e-09	1.902940e+01	4.407815e+02
2.270000e-06	2.634500e-06	6.609097e-09	1.818913e+01	4.321707e+02
2.280000e-06	2.511925e-06	6.471145e-09	1.734284e+01	4.233070e+02
2.290000e-06	2.388505e-06	6.334929e-09	1.649073e+01	4.141850e+02
2.300000e-06	2.264259e-06	6.196730e-09	1.563291e+01	4.047998e+02
2.310000e-06	2.139261e-06	6.054374e-09	1.476989e+01	3.951467e+02
2.320000e-06	2.013447e-06	5.900553e-09	1.390125e+01	3.852212e+02
2.330000e-06	1.886835e-06	5.734978e-09	1.302709e+01	3.750181e+02
2.340000e-06	1.759506e-06	5.569209e-09	1.214799e+01	3.645316e+02
2.350000e-06	1.631583e-06	5.406912e-09	1.126478e+01	3.537546e+02
2.360000e-06	1.503123e-06	5.247700e-09	1.037787e+01	3.426788e+02
2.370000e-06	1.374220e-06	5.078071e-09	9.487897e+00	3.312944e+02
2.380000e-06	1.244936e-06	4.902367e-09	8.595295e+00	3.195897e+02
2.390000e-06	1.115268e-06	4.718421e-09	7.700037e+00	3.075519e+02
2.400000e-06	9.852472e-07	4.525507e-09	6.802347e+00	2.951669e+02
2.410000e-06	8.549036e-07	4.328233e-09	5.902429e+00	2.824201e+02
2.420000e-06	7.243068e-07	4.124140e-09	5.000762e+00	2.692970e+02
2.430000e-06	5.934767e-07	3.915439e-09	4.097484e+00	2.557836e+02
2.440000e-06	4.624898e-07	3.704485e-09	3.193124e+00	2.418672e+02
2.450000e-06	3.313648e-07	3.488952e-09	2.287810e+00	2.275364e+02
2.460000e-06	2.000668e-07	3.268366e-09	1.381302e+00	2.127803e+02
2.470000e-06	6.871387e-08	3.038409e-09	4.744146e-01	1.975878e+02
2.480000e-06	-6.261928e-08	2.798457e-09	-4.323362e-01	1.819464e+02
2.490000e-06	-1.940033e-07	2.549393e-09	-1.339439e+00	1.658398e+02
2.500000e-06	-3.253835e-07	2.291458e-09	-2.246514e+00	1.492468e+02
2.510000e-06	-4.566320e-07	2.025915e-09	-3.152680e+00	1.321400e+02
2.520000e-06	-5.877235e-07	1.755021e-09	-4.057763e+00	1.144857e+02
2.530000e-06	-7.186520e-07	1.479432e-09	-4.961720e+00	9.624522e+01
2.540000e-06	-8.493581e-07	1.193960e-09	-5.864142e+00	7.737772e+01
2.550000e-06	-9.797664e-07	8.982480e-10	-6.764507e+00	5.784532e+01
2.560000e-06	-1.109786e-06	5.926857e-10	-7.662190e+00	3.761931e+01
2.570000e-06	-1.239401e-06	2.771977e-10	-8.557077e+00	1.668757e+01
2.580000e-06	-1.368625e-06	-4.877103e-11	-9.449266e+00	-4.937925e+00
2.590000e-06	-1.497463e-06	-3.885922e-10	-1.033879e+01	-2.721459e+01
2.600000e-06	-1.625854e-06	-7.391092e-10	-1.122523e+01	-5.006475e+01
2.610000e-06	-1.753645e-06	-1.099129e-09	-1.210752e+01	-7.337440e+01
2.620000e-06	-1.880740e-06	-1.462737e-09	-1.298501e+01	-9.699565e+01
2.630000e-06	-2.007047e-06	-1.823954e-09	-1.385706e+01	-1.207533e+02
2.640000e-06	-2.132554e-06	-2.182375e-09	-1.472359e+01	-1.444550e+02
2.650000e-06	-2.257239e-06	-2.539047e-09	-1.558444e+01	-1.679039e+02
2.660000e-06	-2.381029e-06	-2.890154e-09	-1.643911e+01	-1.909124e+02
2.670000e-06	-2.503863e-06	-3.232203e-09	-1.728718e+01	-2.133154e+02
2.680000e-06	-2.625726e-06	-3.563052e-09	-1.812855e+01	-2.349808e+02
2.690000e-06	-2.746675e-06	-3.880651e-09	-1.896360e+01	-2.558161e+02
2.700000e-06	-2.866653e-06	-4.184007e-09	-1.979196e+01	-2.757702e+02
2.710000e-06	-2.985473e-06	-4.473587e-09	-2.061232e+01	-2.948307e+02
2.720000e-06	-3.103119e-06	-4.752563e-09	-2.142457e+01	-3.130167e+02
2.730000e-06	-3.219516e-06	-5.021797e-09	-2.222819e+01	-3.303690e+02
2.740000e-06	-3.334615e-06	-5.279817e-09	-2.302286e+01	-3.469390e+02
2.750000e-06	-3.448438e-06	-5.523364e-09	-2.380872e+01	-3.627797e+02
2.760000e-06	-3.560823e-06	-5.752508e-09	-2.458465e+01	-3.779376e+02
2.770000e-06	-3.671780e-06	-5.970977e-09	-2.535071e+01	-3.924489e+02
2.780000e-06	-3.781376e-06	-6.180734e-09	-2.610739e+01	-4.063395e+02
2.790000e-06	-3.889747e-06	-6.384013e-09	-2.685560e+01	-4.196271e+02
2.800000e-06	-3.996882e-06	-6.580401e-09	-2.759529e+01	-4.323260e+02
2.810000e-06	-4.102670e-06	-6.769782e-09	-2.832567e+01	-4.444515e+02
2.820000e-06	-4.207108e-06	-6.951209e-09	-2.904673e+01	-4.560241e+02
2.830000e-06	-4.309994e-06	-7.122076e-09	-2.975708e+01	-4.670710e+02
2.840000e-06	-4.411187e-06	-7.283444e-09	-3.045573e+01	-4.776251e+02
2.850000e-06	-4.510781e-06	-7.436255e-09	-3.114335e+01	-4.877227e+02
2.860000e-06	-4.608835e-06	-7.582123e-09	-3.182034e+01	-4.973989e+02
2.870000e-06	-4.705367e-06	-7.721843e-09	-3.248681e+01	-5.066829e+02
2.880000e-06	-4.800204e-06	-7.855003e-09	-3.314159e+01	-5.155955e+02
2.890000e-06	-4.893233e-06	-7.984322e-09	-3.378388e+01	-5.241469e+02
2.900000e-06	-4.984537e-06	-8.109575e-09	-3.441426e+01	-5.323378e+02
2.910000e-06	-5.074118e-06	-8.229265e-09	-3.503275e+01	-5.401629e+02
2.920000e-06	-5.161882e-06	-8.342826e-09	-3.563869e+01	-5.476150e+02
2.930000e-06	-5.247636e-06	-8.449445e-09	-3.623075e+01	-5.546897e+02
2.940000e-06	-5.331441e-06	-8.550698e-09	-3.680936e+01	-5.613899e+02
2.950000e-06	-5.413448e-06	-8.647041e-09	-3.737555e+01	-5.677273e+02
2.960000e-06	-5.493560e-06	-8.738205e-09	-3.792866e+01	-5.737230e+02
2.970000e-06	-5.571491e-06	-8.824166e-09	-3.846671e+01	-5.794050e+02
2.980000e-06	-5.647116e-06	-8.906617e-09	-3.898884e+01	-5.848048e+02
2.990000e-06	-5.720620e-06	-8.985640e-09	-3.949633e+01	-5.899533e+02
3.000000e-06	-5.792137e-06	-9.063454e-09	-3.999010e+01	-5.948767e+02
3.010000e-06	-5.861493e-06	-9.138780e-09	-4.046894e+01	-5.995944e+02
3.020000e-06	-5.928651e-06	-9.209264e-09	-4.093261e+01	-6.041178e+02
3.030000e-06	-5.993875e-06	-9.275914e-09	-4.138294e+01	-6.084517e+02
3.040000e-06	-6.057064e-06	-9.338106e-09	-4.181920e+01	-6.125961e+02
3.050000e-06	-6.118000e-06	-9.396561e-09	-4.223992e+01	-6.165490e+02
3.060000e-06	-6.176683e-06	-9.453364e-09	-4.264508e+01	-6.203091e+02
3.070000e-06	-6.233299e-06	-9.507524e-09	-4.303597e+01	-6.238771e+02
3.080000e-06	-6.287661e-06	-9.560622e-09	-4.341129e+01	-6.272561e+02
3.090000e-06	-6.339444e-06	-9.609272e-09	-4.376881e+01	-6.304511e+02
3.100000e-06	-6.388626e-06	-9.655212e-09	-4.410837e+01	-6.334672e+02
3.110000e-06	-6.435311e-06	-9.699002e-09	-4.443070e+01	-6.363084e+02
3.120000e-06	-6.479911e-06	-9.740144e-09	-4.473863e+01	-6.389758e+02
3.130000e-06	-6.522435e-06	-9.778188e-09	-4.503222e+01	-6.414681e+02
3.140000e-06	-6.562764e-06	-9.814395e-09	-4.531066e+01	-6.437816e+02
3.150000e-06	-6.600717e-06	-9.848943e-09	-4.557269e+01	-6.459123e+02
3.160000e-06	-6.636263e-06	-9.879273e-09	-4.581811e+01	-6.478576e+02
3.170000e-06	-6.669576e-06	-9.907096e-09	-4.604811e+01	-6.496179e+02
3.180000e-06	-6.700427e-06	-9.932665e-09	-4.626112e+01	-6.511977e+02
3.190000e-06	-6.728804e-06	-9.955574e-09	-4.645704e+01	-6.526057e+02
3.200000e-06	-6.754831e-06	-9.976590e-09	-4.663673e+01	-6.538531e+02
3.210000e-06	-6.778479e-06	-9.993963e-09	-4.680000e+01	-6.549526e+02
3.220000e-06	-6.799641e-06	-1.000760e-08	-4.694611e+01	-6.559158e+02
3.230000e-06	-6.818403e-06	-1.002049e-08	-4.707564e+01	-6.567519e+02
3.240000e-06	-6.834838e-06	-1.003218e-08	-4.718911e+01	-6.574668e+02
3.250000e-06	-6.848533e-06	-1.004285e-08	-4.728367e+01	-6.580630e+02
3.260000e-06	-6.859448e-06	-1.004926e-08	-4.735903e+01	-6.585406e+02
3.270000e-06	-6.868024e-06	-1.005335e-08	-4.741824e+01	-6.588989e+02
3.280000e-06	-6.874087e-06	-1.005567e-08	-4.746010e+01	-6.591374e+02
3.290000e-06	-6.877603e-06	-1.005729e-08	-4.748437e+01	-6.592572e+02
3.300000e-06	-6.878880e-06	-1.005561e-08	-4.749319e+01	-6.592608e+02
3.310000e-06	-6.877750e-06	-1.005778e-08	-4.748539e+01	-6.591517e+02
