# Temperatura_=_59.78
# Concentracion g/m^3_=_15000.0
# C_Vs_to_Am_M_A/Vsm_=_65563218390.804596
# pendiente_HvsI_1/m_=_3716.3
# ordenada_HvsI_A/m_=_1297.0
# frecuencia_Hz_=_301960.7973526943

Tiempo_(s)	Campo_(V.s)	Magnetizacion_(V.s)	Campo_(kA/m)	Magnetizacion_(A/m)
0.000000e+00	-6.855900e-06	-1.103019e-08	-4.747055e+01	-7.216512e+02
1.000000e-08	-6.852050e-06	-1.102774e-08	-4.744390e+01	-7.213780e+02
2.000000e-08	-6.846041e-06	-1.101989e-08	-4.740229e+01	-7.209829e+02
3.000000e-08	-6.837917e-06	-1.101403e-08	-4.734604e+01	-7.204558e+02
4.000000e-08	-6.827402e-06	-1.100716e-08	-4.727324e+01	-7.197845e+02
5.000000e-08	-6.814312e-06	-1.099710e-08	-4.718260e+01	-7.189588e+02
6.000000e-08	-6.798778e-06	-1.097905e-08	-4.707504e+01	-7.179761e+02
7.000000e-08	-6.780975e-06	-1.095618e-08	-4.695177e+01	-7.168448e+02
8.000000e-08	-6.761017e-06	-1.096572e-08	-4.681358e+01	-7.155863e+02
9.000000e-08	-6.738568e-06	-1.097992e-08	-4.665814e+01	-7.142329e+02
1.000000e-07	-6.713232e-06	-1.093617e-08	-4.648271e+01	-7.128231e+02
1.100000e-07	-6.685234e-06	-1.088860e-08	-4.628886e+01	-7.113947e+02
1.200000e-07	-6.654975e-06	-1.086284e-08	-4.607934e+01	-7.099765e+02
1.300000e-07	-6.622718e-06	-1.079841e-08	-4.585599e+01	-7.085812e+02
1.400000e-07	-6.588611e-06	-1.075839e-08	-4.561984e+01	-7.072009e+02
1.500000e-07	-6.552568e-06	-1.082600e-08	-4.537027e+01	-7.058068e+02
1.600000e-07	-6.514435e-06	-1.075121e-08	-4.510624e+01	-7.043523e+02
1.700000e-07	-6.474192e-06	-1.070226e-08	-4.482759e+01	-7.027803e+02
1.800000e-07	-6.431537e-06	-1.073708e-08	-4.453224e+01	-7.010324e+02
1.900000e-07	-6.386379e-06	-1.064351e-08	-4.421957e+01	-6.990583e+02
2.000000e-07	-6.338949e-06	-1.063709e-08	-4.389116e+01	-6.968242e+02
2.100000e-07	-6.288825e-06	-1.060868e-08	-4.354411e+01	-6.943164e+02
2.200000e-07	-6.235986e-06	-1.052039e-08	-4.317824e+01	-6.915431e+02
2.300000e-07	-6.180741e-06	-1.047821e-08	-4.279572e+01	-6.885299e+02
2.400000e-07	-6.123105e-06	-1.043543e-08	-4.239665e+01	-6.853137e+02
2.500000e-07	-6.063193e-06	-1.041235e-08	-4.198182e+01	-6.819350e+02
2.600000e-07	-6.001116e-06	-1.036132e-08	-4.155199e+01	-6.784292e+02
2.700000e-07	-5.936918e-06	-1.028582e-08	-4.110748e+01	-6.748213e+02
2.800000e-07	-5.870500e-06	-1.021850e-08	-4.064760e+01	-6.711222e+02
2.900000e-07	-5.801831e-06	-1.015431e-08	-4.017214e+01	-6.673293e+02
3.000000e-07	-5.731074e-06	-1.012138e-08	-3.968221e+01	-6.634289e+02
3.100000e-07	-5.658198e-06	-1.006004e-08	-3.917761e+01	-6.594012e+02
3.200000e-07	-5.583008e-06	-9.998853e-09	-3.865700e+01	-6.552257e+02
3.300000e-07	-5.505466e-06	-9.924832e-09	-3.812009e+01	-6.508856e+02
3.400000e-07	-5.425745e-06	-9.841282e-09	-3.756810e+01	-6.463711e+02
3.500000e-07	-5.344039e-06	-9.786436e-09	-3.700236e+01	-6.416798e+02
3.600000e-07	-5.260512e-06	-9.717747e-09	-3.642402e+01	-6.368164e+02
3.700000e-07	-5.175250e-06	-9.640615e-09	-3.583366e+01	-6.317893e+02
3.800000e-07	-5.088230e-06	-9.551089e-09	-3.523113e+01	-6.266081e+02
3.900000e-07	-4.999431e-06	-9.473583e-09	-3.461628e+01	-6.212805e+02
4.000000e-07	-4.908744e-06	-9.396215e-09	-3.398836e+01	-6.158099e+02
4.100000e-07	-4.816368e-06	-9.313064e-09	-3.334875e+01	-6.101951e+02
4.200000e-07	-4.722490e-06	-9.223706e-09	-3.269873e+01	-6.044307e+02
4.300000e-07	-4.626924e-06	-9.124748e-09	-3.203702e+01	-5.985078e+02
4.400000e-07	-4.529619e-06	-9.033104e-09	-3.136328e+01	-5.924169e+02
4.500000e-07	-4.430580e-06	-8.939536e-09	-3.067753e+01	-5.861485e+02
4.600000e-07	-4.330007e-06	-8.845846e-09	-2.998116e+01	-5.796954e+02
4.700000e-07	-4.228011e-06	-8.743737e-09	-2.927494e+01	-5.730524e+02
4.800000e-07	-4.124437e-06	-8.633328e-09	-2.855779e+01	-5.662169e+02
4.900000e-07	-4.019375e-06	-8.520228e-09	-2.783033e+01	-5.591881e+02
5.000000e-07	-3.912812e-06	-8.410915e-09	-2.709248e+01	-5.519659e+02
5.100000e-07	-3.804777e-06	-8.304702e-09	-2.634444e+01	-5.445507e+02
5.200000e-07	-3.695443e-06	-8.192727e-09	-2.558741e+01	-5.369419e+02
5.300000e-07	-3.584835e-06	-8.070718e-09	-2.482156e+01	-5.291383e+02
5.400000e-07	-3.472884e-06	-7.943772e-09	-2.404640e+01	-5.211373e+02
5.500000e-07	-3.359534e-06	-7.818442e-09	-2.326156e+01	-5.129350e+02
5.600000e-07	-3.244682e-06	-7.691974e-09	-2.246632e+01	-5.045263e+02
5.700000e-07	-3.128349e-06	-7.562153e-09	-2.166083e+01	-4.959051e+02
5.800000e-07	-3.010818e-06	-7.423813e-09	-2.084704e+01	-4.870638e+02
5.900000e-07	-2.892288e-06	-7.283846e-09	-2.002633e+01	-4.779939e+02
6.000000e-07	-2.772712e-06	-7.144613e-09	-1.919838e+01	-4.686860e+02
6.100000e-07	-2.652125e-06	-7.004071e-09	-1.836343e+01	-4.591302e+02
6.200000e-07	-2.530598e-06	-6.856192e-09	-1.752197e+01	-4.493167e+02
6.300000e-07	-2.407958e-06	-6.698861e-09	-1.667281e+01	-4.392362e+02
6.400000e-07	-2.284305e-06	-6.536888e-09	-1.581663e+01	-4.288802e+02
6.500000e-07	-2.159916e-06	-6.372432e-09	-1.495536e+01	-4.182419e+02
6.600000e-07	-2.034888e-06	-6.206012e-09	-1.408965e+01	-4.073154e+02
6.700000e-07	-1.909196e-06	-6.036657e-09	-1.321936e+01	-3.960958e+02
6.800000e-07	-1.782829e-06	-5.862906e-09	-1.234438e+01	-3.845783e+02
6.900000e-07	-1.655833e-06	-5.680792e-09	-1.146506e+01	-3.727576e+02
7.000000e-07	-1.528233e-06	-5.493060e-09	-1.058155e+01	-3.606272e+02
7.100000e-07	-1.400083e-06	-5.304664e-09	-9.694235e+00	-3.481787e+02
7.200000e-07	-1.271540e-06	-5.113149e-09	-8.804197e+00	-3.354019e+02
7.300000e-07	-1.142658e-06	-4.912237e-09	-7.911815e+00	-3.222847e+02
7.400000e-07	-1.013394e-06	-4.704460e-09	-7.016782e+00	-3.088137e+02
7.500000e-07	-8.838044e-07	-4.493241e-09	-6.119501e+00	-2.949748e+02
7.600000e-07	-7.539276e-07	-4.278382e-09	-5.220228e+00	-2.807536e+02
7.700000e-07	-6.237625e-07	-4.056928e-09	-4.318959e+00	-2.661355e+02
7.800000e-07	-4.933737e-07	-3.826554e-09	-3.416141e+00	-2.511058e+02
7.900000e-07	-3.627857e-07	-3.590513e-09	-2.511944e+00	-2.356491e+02
8.000000e-07	-2.319977e-07	-3.347251e-09	-1.606362e+00	-2.197486e+02
8.100000e-07	-1.010565e-07	-3.098887e-09	-6.997194e-01	-2.033846e+02
8.200000e-07	2.994426e-08	-2.845835e-09	2.073354e-01	-1.865340e+02
8.300000e-07	1.609784e-07	-2.582929e-09	1.114621e+00	-1.691690e+02
8.400000e-07	2.920675e-07	-2.309242e-09	2.022289e+00	-1.512567e+02
8.500000e-07	4.231115e-07	-2.027083e-09	2.929643e+00	-1.327595e+02
8.600000e-07	5.539497e-07	-1.735193e-09	3.835572e+00	-1.136357e+02
8.700000e-07	6.845695e-07	-1.429361e-09	4.739990e+00	-9.384241e+01
8.800000e-07	8.149641e-07	-1.112325e-09	5.642848e+00	-7.333829e+01
8.900000e-07	9.450037e-07	-7.871911e-10	6.543247e+00	-5.208881e+01
9.000000e-07	1.074670e-06	-4.538781e-10	7.441066e+00	-3.007208e+01
9.100000e-07	1.203993e-06	-1.083638e-10	8.336503e+00	-7.285537e+00
9.200000e-07	1.332932e-06	2.509427e-10	9.229277e+00	1.624716e+01
9.300000e-07	1.461456e-06	6.214889e-10	1.011919e+01	4.047018e+01
9.400000e-07	1.589468e-06	1.002183e-09	1.100555e+01	6.529145e+01
9.500000e-07	1.716829e-06	1.389218e-09	1.188740e+01	9.058147e+01
9.600000e-07	1.843467e-06	1.781523e-09	1.276424e+01	1.161760e+02
9.700000e-07	1.969438e-06	2.176559e-09	1.363648e+01	1.418826e+02
9.800000e-07	2.094775e-06	2.569052e-09	1.450431e+01	1.674913e+02
9.900000e-07	2.219493e-06	2.955057e-09	1.536787e+01	1.927882e+02
1.000000e-06	2.343537e-06	3.330415e-09	1.622676e+01	2.175697e+02
1.010000e-06	2.466726e-06	3.693365e-09	1.707972e+01	2.416572e+02
1.020000e-06	2.588853e-06	4.043299e-09	1.792534e+01	2.649086e+02
1.030000e-06	2.709878e-06	4.381728e-09	1.876332e+01	2.872258e+02
1.040000e-06	2.829859e-06	4.706630e-09	1.959407e+01	3.085568e+02
1.050000e-06	2.948786e-06	5.015458e-09	2.041752e+01	3.288931e+02
1.060000e-06	3.066745e-06	5.309869e-09	2.123428e+01	3.482611e+02
1.070000e-06	3.183635e-06	5.593386e-09	2.204363e+01	3.667121e+02
1.080000e-06	3.299257e-06	5.863775e-09	2.284420e+01	3.843094e+02
1.090000e-06	3.413484e-06	6.118538e-09	2.363512e+01	4.011182e+02
1.100000e-06	3.526307e-06	6.359801e-09	2.441631e+01	4.171963e+02
1.110000e-06	3.637809e-06	6.590549e-09	2.518835e+01	4.325901e+02
1.120000e-06	3.748142e-06	6.811618e-09	2.595230e+01	4.473334e+02
1.130000e-06	3.857324e-06	7.023772e-09	2.670828e+01	4.614504e+02
1.140000e-06	3.965255e-06	7.227507e-09	2.745560e+01	4.749598e+02
1.150000e-06	4.071816e-06	7.425063e-09	2.819344e+01	4.878802e+02
1.160000e-06	4.176837e-06	7.616209e-09	2.892060e+01	5.002338e+02
1.170000e-06	4.280271e-06	7.795945e-09	2.963679e+01	5.120483e+02
1.180000e-06	4.382179e-06	7.967589e-09	3.034240e+01	5.233567e+02
1.190000e-06	4.482603e-06	8.130593e-09	3.103774e+01	5.341947e+02
1.200000e-06	4.581443e-06	8.284462e-09	3.172212e+01	5.445971e+02
1.210000e-06	4.678554e-06	8.432367e-09	3.239451e+01	5.545938e+02
1.220000e-06	4.773851e-06	8.577747e-09	3.305435e+01	5.642070e+02
1.230000e-06	4.867437e-06	8.721454e-09	3.370235e+01	5.734506e+02
1.240000e-06	4.959466e-06	8.861978e-09	3.433956e+01	5.823305e+02
1.250000e-06	5.049745e-06	8.998276e-09	3.496466e+01	5.908474e+02
1.260000e-06	5.138044e-06	9.125861e-09	3.557604e+01	5.990002e+02
1.270000e-06	5.224490e-06	9.245023e-09	3.617460e+01	6.067890e+02
1.280000e-06	5.309188e-06	9.357279e-09	3.676105e+01	6.142176e+02
1.290000e-06	5.392065e-06	9.463933e-09	3.733489e+01	6.212948e+02
1.300000e-06	5.472920e-06	9.564833e-09	3.789474e+01	6.280332e+02
1.310000e-06	5.551733e-06	9.658960e-09	3.844044e+01	6.344484e+02
1.320000e-06	5.628600e-06	9.750453e-09	3.897268e+01	6.405564e+02
1.330000e-06	5.703289e-06	9.840401e-09	3.948983e+01	6.463723e+02
1.340000e-06	5.775706e-06	9.925685e-09	3.999125e+01	6.519091e+02
1.350000e-06	5.846046e-06	1.000559e-08	4.047828e+01	6.571783e+02
1.360000e-06	5.914370e-06	1.008189e-08	4.095136e+01	6.621907e+02
1.370000e-06	5.980587e-06	1.015435e-08	4.140985e+01	6.669578e+02
1.380000e-06	6.044629e-06	1.022472e-08	4.185328e+01	6.714935e+02
1.390000e-06	6.106592e-06	1.029056e-08	4.228231e+01	6.758140e+02
1.400000e-06	6.166543e-06	1.035150e-08	4.269741e+01	6.799371e+02
1.410000e-06	6.224324e-06	1.041220e-08	4.309749e+01	6.838800e+02
1.420000e-06	6.279845e-06	1.047049e-08	4.348192e+01	6.876569e+02
1.430000e-06	6.333062e-06	1.052675e-08	4.385040e+01	6.912759e+02
1.440000e-06	6.383735e-06	1.058038e-08	4.420126e+01	6.947380e+02
1.450000e-06	6.431821e-06	1.063135e-08	4.453421e+01	6.980365e+02
1.460000e-06	6.477573e-06	1.068023e-08	4.485100e+01	7.011584e+02
1.470000e-06	6.521226e-06	1.072479e-08	4.515326e+01	7.040880e+02
1.480000e-06	6.562531e-06	1.076515e-08	4.543925e+01	7.068104e+02
1.490000e-06	6.601370e-06	1.080234e-08	4.570818e+01	7.093154e+02
1.500000e-06	6.638037e-06	1.083599e-08	4.596207e+01	7.116001e+02
1.510000e-06	6.672384e-06	1.086619e-08	4.619988e+01	7.136696e+02
1.520000e-06	6.704244e-06	1.089346e-08	4.642048e+01	7.155364e+02
1.530000e-06	6.733802e-06	1.091689e-08	4.662514e+01	7.172172e+02
1.540000e-06	6.761123e-06	1.093847e-08	4.681432e+01	7.187291e+02
1.550000e-06	6.785884e-06	1.095876e-08	4.698576e+01	7.200866e+02
1.560000e-06	6.808062e-06	1.097811e-08	4.713932e+01	7.212987e+02
1.570000e-06	6.827982e-06	1.099540e-08	4.727725e+01	7.223681e+02
1.580000e-06	6.845437e-06	1.100938e-08	4.739811e+01	7.232926e+02
1.590000e-06	6.860315e-06	1.101950e-08	4.750112e+01	7.240671e+02
1.600000e-06	6.872697e-06	1.102713e-08	4.758686e+01	7.246872e+02
1.610000e-06	6.882353e-06	1.103410e-08	4.765372e+01	7.251518e+02
1.620000e-06	6.889379e-06	1.103891e-08	4.770237e+01	7.254645e+02
1.630000e-06	6.894077e-06	1.104181e-08	4.773490e+01	7.256332e+02
1.640000e-06	6.896367e-06	1.104416e-08	4.775075e+01	7.256683e+02
1.650000e-06	6.896173e-06	1.104602e-08	4.774941e+01	7.255796e+02
1.660000e-06	6.893715e-06	1.104004e-08	4.773239e+01	7.253727e+02
1.670000e-06	6.889123e-06	1.103312e-08	4.770060e+01	7.250471e+02
1.680000e-06	6.882165e-06	1.102328e-08	4.765242e+01	7.245958e+02
1.690000e-06	6.872862e-06	1.101060e-08	4.758800e+01	7.240074e+02
1.700000e-06	6.861313e-06	1.099936e-08	4.750803e+01	7.232697e+02
1.710000e-06	6.847344e-06	1.098974e-08	4.741131e+01	7.223754e+02
1.720000e-06	6.831141e-06	1.098294e-08	4.729912e+01	7.213262e+02
1.730000e-06	6.812894e-06	1.093108e-08	4.717278e+01	7.201360e+02
1.740000e-06	6.792067e-06	1.087175e-08	4.702857e+01	7.188313e+02
1.750000e-06	6.767870e-06	1.088297e-08	4.686103e+01	7.174478e+02
1.760000e-06	6.740641e-06	1.087996e-08	4.667249e+01	7.160247e+02
1.770000e-06	6.711101e-06	1.086146e-08	4.646796e+01	7.145969e+02
1.780000e-06	6.679637e-06	1.090893e-08	4.625010e+01	7.131870e+02
1.790000e-06	6.646753e-06	1.084370e-08	4.602241e+01	7.117993e+02
1.800000e-06	6.612099e-06	1.077165e-08	4.578247e+01	7.104167e+02
1.810000e-06	6.574838e-06	1.083634e-08	4.552447e+01	7.090021e+02
1.820000e-06	6.535226e-06	1.077076e-08	4.525020e+01	7.075035e+02
1.830000e-06	6.493505e-06	1.078383e-08	4.496131e+01	7.058619e+02
1.840000e-06	6.449534e-06	1.078808e-08	4.465686e+01	7.040214e+02
1.850000e-06	6.403351e-06	1.067084e-08	4.433709e+01	7.019378e+02
1.860000e-06	6.354710e-06	1.070868e-08	4.400030e+01	6.995857e+02
1.870000e-06	6.303780e-06	1.065044e-08	4.364765e+01	6.969610e+02
1.880000e-06	6.250410e-06	1.061386e-08	4.327811e+01	6.940798e+02
1.890000e-06	6.194334e-06	1.059181e-08	4.288985e+01	6.909736e+02
1.900000e-06	6.135966e-06	1.047067e-08	4.248570e+01	6.876819e+02
1.910000e-06	6.075249e-06	1.046681e-08	4.206530e+01	6.842438e+02
1.920000e-06	6.012217e-06	1.038534e-08	4.162886e+01	6.806909e+02
1.930000e-06	5.947061e-06	1.035347e-08	4.117772e+01	6.770423e+02
1.940000e-06	5.879775e-06	1.032882e-08	4.071182e+01	6.733030e+02
1.950000e-06	5.810304e-06	1.022032e-08	4.023081e+01	6.694651e+02
1.960000e-06	5.738370e-06	1.018254e-08	3.973273e+01	6.655117e+02
1.970000e-06	5.664282e-06	1.007579e-08	3.921974e+01	6.614220e+02
1.980000e-06	5.588062e-06	1.004452e-08	3.869199e+01	6.571766e+02
1.990000e-06	5.509560e-06	9.990412e-09	3.814844e+01	6.527614e+02
2.000000e-06	5.429078e-06	9.896387e-09	3.759118e+01	6.481699e+02
2.010000e-06	5.346745e-06	9.839932e-09	3.702110e+01	6.434029e+02
2.020000e-06	5.262621e-06	9.741777e-09	3.643862e+01	6.384671e+02
2.030000e-06	5.176548e-06	9.679046e-09	3.584265e+01	6.333718e+02
2.040000e-06	5.088480e-06	9.590888e-09	3.523286e+01	6.281261e+02
2.050000e-06	4.998714e-06	9.517087e-09	3.461132e+01	6.227359e+02
2.060000e-06	4.907394e-06	9.430769e-09	3.397901e+01	6.172029e+02
2.070000e-06	4.814356e-06	9.336881e-09	3.333482e+01	6.115239e+02
2.080000e-06	4.719457e-06	9.255601e-09	3.267773e+01	6.056916e+02
2.090000e-06	4.622830e-06	9.163561e-09	3.200868e+01	5.996969e+02
2.100000e-06	4.524755e-06	9.077660e-09	3.132960e+01	5.935299e+02
2.110000e-06	4.425178e-06	8.967132e-09	3.064013e+01	5.871820e+02
2.120000e-06	4.323988e-06	8.865154e-09	2.993948e+01	5.806469e+02
2.130000e-06	4.221234e-06	8.762220e-09	2.922801e+01	5.739206e+02
2.140000e-06	4.116857e-06	8.668793e-09	2.850530e+01	5.670012e+02
2.150000e-06	4.011020e-06	8.565162e-09	2.777248e+01	5.598884e+02
2.160000e-06	3.903890e-06	8.450764e-09	2.703071e+01	5.525825e+02
2.170000e-06	3.795361e-06	8.334187e-09	2.627925e+01	5.450833e+02
2.180000e-06	3.685429e-06	8.212194e-09	2.551807e+01	5.373902e+02
2.190000e-06	3.574067e-06	8.094083e-09	2.474700e+01	5.295013e+02
2.200000e-06	3.461299e-06	7.973215e-09	2.396619e+01	5.214135e+02
2.210000e-06	3.347171e-06	7.850301e-09	2.317596e+01	5.131224e+02
2.220000e-06	3.231743e-06	7.715908e-09	2.237673e+01	5.046224e+02
2.230000e-06	3.114987e-06	7.580308e-09	2.156831e+01	4.959068e+02
2.240000e-06	2.997013e-06	7.442486e-09	2.075145e+01	4.869675e+02
2.250000e-06	2.877834e-06	7.308662e-09	1.992625e+01	4.777957e+02
2.260000e-06	2.757418e-06	7.166425e-09	1.909248e+01	4.683818e+02
2.270000e-06	2.636063e-06	7.017498e-09	1.825222e+01	4.587157e+02
2.280000e-06	2.513845e-06	6.866416e-09	1.740597e+01	4.487878e+02
2.290000e-06	2.390744e-06	6.711787e-09	1.655361e+01	4.385890e+02
2.300000e-06	2.266770e-06	6.554033e-09	1.569522e+01	4.281118e+02
2.310000e-06	2.142033e-06	6.391298e-09	1.483153e+01	4.173496e+02
2.320000e-06	2.016649e-06	6.222225e-09	1.396337e+01	4.062969e+02
2.330000e-06	1.890589e-06	6.044525e-09	1.309052e+01	3.949492e+02
2.340000e-06	1.763747e-06	5.865375e-09	1.221226e+01	3.833014e+02
2.350000e-06	1.636209e-06	5.686158e-09	1.132918e+01	3.713478e+02
2.360000e-06	1.508108e-06	5.503827e-09	1.044221e+01	3.590812e+02
2.370000e-06	1.379512e-06	5.313445e-09	9.551803e+00	3.464923e+02
2.380000e-06	1.250538e-06	5.116873e-09	8.658781e+00	3.335701e+02
2.390000e-06	1.121231e-06	4.912983e-09	7.763456e+00	3.203019e+02
2.400000e-06	9.916016e-07	4.702393e-09	6.865894e+00	3.066739e+02
2.410000e-06	8.616687e-07	4.489102e-09	5.966232e+00	2.926719e+02
2.420000e-06	7.314625e-07	4.269370e-09	5.064678e+00	2.782813e+02
2.430000e-06	6.010288e-07	4.041100e-09	4.161550e+00	2.634875e+02
2.440000e-06	4.703928e-07	3.806954e-09	3.257020e+00	2.482757e+02
2.450000e-06	3.395873e-07	3.568614e-09	2.351317e+00	2.326300e+02
2.460000e-06	2.086476e-07	3.324101e-09	1.444686e+00	2.165323e+02
2.470000e-06	7.762827e-08	3.070766e-09	5.375016e-01	1.999618e+02
2.480000e-06	-5.341805e-08	2.811224e-09	-3.698689e-01	1.828934e+02
2.490000e-06	-1.844323e-07	2.544930e-09	-1.277018e+00	1.652971e+02
2.500000e-06	-3.153727e-07	2.267327e-09	-2.183654e+00	1.471379e+02
2.510000e-06	-4.462376e-07	1.977986e-09	-3.089769e+00	1.283763e+02
2.520000e-06	-5.769830e-07	1.681193e-09	-3.995056e+00	1.089698e+02
2.530000e-06	-7.075495e-07	1.375400e-09	-4.899104e+00	8.887561e+01
2.540000e-06	-8.378925e-07	1.057329e-09	-5.801604e+00	6.805463e+01
2.550000e-06	-9.679603e-07	7.288612e-10	-6.702200e+00	4.647698e+01
2.560000e-06	-1.097697e-06	3.897788e-10	-7.600500e+00	2.412819e+01
2.570000e-06	-1.227109e-06	3.934187e-11	-8.496557e+00	1.016159e+00
2.580000e-06	-1.356155e-06	-3.213262e-10	-9.390076e+00	-2.282234e+01
2.590000e-06	-1.484801e-06	-6.917814e-10	-1.028083e+01	-4.731629e+01
2.600000e-06	-1.613001e-06	-1.073016e-09	-1.116849e+01	-7.235751e+01
2.610000e-06	-1.740549e-06	-1.462862e-09	-1.205164e+01	-9.780104e+01
2.620000e-06	-1.867257e-06	-1.856939e-09	-1.292897e+01	-1.234695e+02
2.630000e-06	-1.993163e-06	-2.250143e-09	-1.380075e+01	-1.491615e+02
2.640000e-06	-2.118379e-06	-2.637956e-09	-1.466775e+01	-1.746636e+02
2.650000e-06	-2.242801e-06	-3.019840e-09	-1.552925e+01	-1.997645e+02
2.660000e-06	-2.366279e-06	-3.393079e-09	-1.638422e+01	-2.242696e+02
2.670000e-06	-2.488815e-06	-3.756055e-09	-1.723267e+01	-2.480147e+02
2.680000e-06	-2.610425e-06	-4.107356e-09	-1.807470e+01	-2.708761e+02
2.690000e-06	-2.731139e-06	-4.444563e-09	-1.891053e+01	-2.927754e+02
2.700000e-06	-2.850891e-06	-4.764768e-09	-1.973970e+01	-3.136800e+02
2.710000e-06	-2.969413e-06	-5.067904e-09	-2.056035e+01	-3.335974e+02
2.720000e-06	-3.086725e-06	-5.359046e-09	-2.137262e+01	-3.525662e+02
2.730000e-06	-3.202846e-06	-5.638517e-09	-2.217664e+01	-3.706443e+02
2.740000e-06	-3.317665e-06	-5.905139e-09	-2.297166e+01	-3.878971e+02
2.750000e-06	-3.431173e-06	-6.158537e-09	-2.375760e+01	-4.043873e+02
2.760000e-06	-3.543296e-06	-6.398597e-09	-2.453394e+01	-4.201683e+02
2.770000e-06	-3.654059e-06	-6.627876e-09	-2.530087e+01	-4.352808e+02
2.780000e-06	-3.763530e-06	-6.846351e-09	-2.605885e+01	-4.497543e+02
2.790000e-06	-3.871801e-06	-7.057348e-09	-2.680852e+01	-4.636098e+02
2.800000e-06	-3.978876e-06	-7.261087e-09	-2.754991e+01	-4.768654e+02
2.810000e-06	-4.084633e-06	-7.458179e-09	-2.828218e+01	-4.895409e+02
2.820000e-06	-4.188890e-06	-7.649275e-09	-2.900406e+01	-5.016608e+02
2.830000e-06	-4.291496e-06	-7.831861e-09	-2.971451e+01	-5.132552e+02
2.840000e-06	-4.392449e-06	-8.004532e-09	-3.041351e+01	-5.243587e+02
2.850000e-06	-4.491835e-06	-8.166882e-09	-3.110166e+01	-5.350070e+02
2.860000e-06	-4.589725e-06	-8.322683e-09	-3.177946e+01	-5.452333e+02
2.870000e-06	-4.686116e-06	-8.470560e-09	-3.244688e+01	-5.550645e+02
2.880000e-06	-4.780799e-06	-8.612084e-09	-3.310246e+01	-5.645192e+02
2.890000e-06	-4.873668e-06	-8.748642e-09	-3.374549e+01	-5.736076e+02
2.900000e-06	-4.964869e-06	-8.879713e-09	-3.437697e+01	-5.823331e+02
2.910000e-06	-5.054336e-06	-9.006460e-09	-3.499644e+01	-5.906952e+02
2.920000e-06	-5.141923e-06	-9.127425e-09	-3.560290e+01	-5.986928e+02
2.930000e-06	-5.227471e-06	-9.243702e-09	-3.619524e+01	-6.063276e+02
2.940000e-06	-5.311108e-06	-9.355368e-09	-3.677434e+01	-6.136053e+02
2.950000e-06	-5.392988e-06	-9.462145e-09	-3.734129e+01	-6.205366e+02
2.960000e-06	-5.472978e-06	-9.563508e-09	-3.789514e+01	-6.271356e+02
2.970000e-06	-5.550814e-06	-9.659690e-09	-3.843408e+01	-6.334182e+02
2.980000e-06	-5.626398e-06	-9.752066e-09	-3.895743e+01	-6.394004e+02
2.990000e-06	-5.699923e-06	-9.840191e-09	-3.946652e+01	-6.450963e+02
3.000000e-06	-5.771404e-06	-9.924914e-09	-3.996146e+01	-6.505182e+02
3.010000e-06	-5.840659e-06	-1.000569e-08	-4.044098e+01	-6.556770e+02
3.020000e-06	-5.907781e-06	-1.008043e-08	-4.090574e+01	-6.605838e+02
3.030000e-06	-5.972998e-06	-1.015062e-08	-4.135730e+01	-6.652509e+02
3.040000e-06	-6.036131e-06	-1.021835e-08	-4.179444e+01	-6.696934e+02
3.050000e-06	-6.096968e-06	-1.028273e-08	-4.221567e+01	-6.739282e+02
3.060000e-06	-6.155536e-06	-1.034347e-08	-4.262121e+01	-6.779731e+02
3.070000e-06	-6.212063e-06	-1.040149e-08	-4.301260e+01	-6.818445e+02
3.080000e-06	-6.266435e-06	-1.045851e-08	-4.338907e+01	-6.855542e+02
3.090000e-06	-6.318303e-06	-1.051348e-08	-4.374821e+01	-6.891074e+02
3.100000e-06	-6.367546e-06	-1.056553e-08	-4.408917e+01	-6.925016e+02
3.110000e-06	-6.414306e-06	-1.061381e-08	-4.441294e+01	-6.957273e+02
3.120000e-06	-6.458953e-06	-1.065900e-08	-4.472207e+01	-6.987698e+02
3.130000e-06	-6.501470e-06	-1.070212e-08	-4.501646e+01	-7.016133e+02
3.140000e-06	-6.541864e-06	-1.074355e-08	-4.529616e+01	-7.042445e+02
3.150000e-06	-6.579965e-06	-1.078295e-08	-4.555997e+01	-7.066560e+02
3.160000e-06	-6.615616e-06	-1.081848e-08	-4.580681e+01	-7.088485e+02
3.170000e-06	-6.648970e-06	-1.084924e-08	-4.603776e+01	-7.108304e+02
3.180000e-06	-6.679846e-06	-1.087870e-08	-4.625155e+01	-7.126163e+02
3.190000e-06	-6.708241e-06	-1.090576e-08	-4.644816e+01	-7.142238e+02
3.200000e-06	-6.734324e-06	-1.092892e-08	-4.662876e+01	-7.156691e+02
3.210000e-06	-6.758061e-06	-1.094850e-08	-4.679311e+01	-7.169646e+02
3.220000e-06	-6.779287e-06	-1.096505e-08	-4.694008e+01	-7.181166e+02
3.230000e-06	-6.798094e-06	-1.097995e-08	-4.707030e+01	-7.191255e+02
3.240000e-06	-6.814574e-06	-1.099385e-08	-4.718441e+01	-7.199874e+02
3.250000e-06	-6.828342e-06	-1.100558e-08	-4.727974e+01	-7.206972e+02
3.260000e-06	-6.839426e-06	-1.101483e-08	-4.735649e+01	-7.212516e+02
3.270000e-06	-6.848105e-06	-1.102129e-08	-4.741658e+01	-7.216514e+02
3.280000e-06	-6.854272e-06	-1.102406e-08	-4.745928e+01	-7.219023e+02
3.290000e-06	-6.857959e-06	-1.102588e-08	-4.748481e+01	-7.220135e+02
3.300000e-06	-6.859370e-06	-1.102522e-08	-4.749458e+01	-7.219957e+02
3.310000e-06	-6.858407e-06	-1.102601e-08	-4.748792e+01	-7.218570e+02
