# Temperatura_=_77.18
# Concentracion g/m^3_=_15000.0
# C_Vs_to_Am_M_A/Vsm_=_65563218390.804596
# pendiente_HvsI_1/m_=_3716.3
# ordenada_HvsI_A/m_=_1297.0
# frecuencia_Hz_=_302328.9859954636

Tiempo_(s)	Campo_(V.s)	Magnetizacion_(V.s)	Campo_(kA/m)	Magnetizacion_(A/m)
0.000000e+00	-8.233142e-06	-1.002365e-08	-5.692450e+01	-6.553917e+02
1.000000e-08	-8.230665e-06	-1.002004e-08	-5.690737e+01	-6.552028e+02
2.000000e-08	-8.225444e-06	-1.001563e-08	-5.687127e+01	-6.549022e+02
3.000000e-08	-8.217517e-06	-1.000703e-08	-5.681646e+01	-6.544866e+02
4.000000e-08	-8.206743e-06	-9.995943e-09	-5.674197e+01	-6.539534e+02
5.000000e-08	-8.192964e-06	-9.985876e-09	-5.664671e+01	-6.533030e+02
6.000000e-08	-8.176240e-06	-9.975564e-09	-5.653107e+01	-6.525405e+02
7.000000e-08	-8.157022e-06	-9.963194e-09	-5.639820e+01	-6.516761e+02
8.000000e-08	-8.135477e-06	-9.946371e-09	-5.624924e+01	-6.507251e+02
9.000000e-08	-8.111112e-06	-9.938720e-09	-5.608078e+01	-6.497061e+02
1.000000e-07	-8.083481e-06	-9.956466e-09	-5.588973e+01	-6.486377e+02
1.100000e-07	-8.052653e-06	-9.934107e-09	-5.567658e+01	-6.475351e+02
1.200000e-07	-8.018798e-06	-9.887503e-09	-5.544251e+01	-6.464056e+02
1.300000e-07	-7.982111e-06	-9.850219e-09	-5.518885e+01	-6.452466e+02
1.400000e-07	-7.943009e-06	-9.819417e-09	-5.491850e+01	-6.440437e+02
1.500000e-07	-7.901525e-06	-9.788081e-09	-5.463168e+01	-6.427719e+02
1.600000e-07	-7.857554e-06	-9.766873e-09	-5.432766e+01	-6.413994e+02
1.700000e-07	-7.810831e-06	-9.811778e-09	-5.400461e+01	-6.398922e+02
1.800000e-07	-7.761162e-06	-9.745547e-09	-5.366120e+01	-6.382202e+02
1.900000e-07	-7.708570e-06	-9.700146e-09	-5.329757e+01	-6.363626e+02
2.000000e-07	-7.653003e-06	-9.684989e-09	-5.291338e+01	-6.343113e+02
2.100000e-07	-7.594597e-06	-9.579359e-09	-5.250956e+01	-6.320723e+02
2.200000e-07	-7.533522e-06	-9.554913e-09	-5.208728e+01	-6.296638e+02
2.300000e-07	-7.469773e-06	-9.536956e-09	-5.164651e+01	-6.271114e+02
2.400000e-07	-7.403256e-06	-9.512020e-09	-5.118661e+01	-6.244422e+02
2.500000e-07	-7.333915e-06	-9.475012e-09	-5.070718e+01	-6.216788e+02
2.600000e-07	-7.261756e-06	-9.442244e-09	-5.020827e+01	-6.188337e+02
2.700000e-07	-7.186647e-06	-9.409740e-09	-4.968896e+01	-6.159071e+02
2.800000e-07	-7.108610e-06	-9.336808e-09	-4.914941e+01	-6.128873e+02
2.900000e-07	-7.027831e-06	-9.296837e-09	-4.859090e+01	-6.097543e+02
3.000000e-07	-6.944559e-06	-9.248123e-09	-4.801515e+01	-6.064849e+02
3.100000e-07	-6.858967e-06	-9.193849e-09	-4.742336e+01	-6.030591e+02
3.200000e-07	-6.770901e-06	-9.140053e-09	-4.681446e+01	-5.994652e+02
3.300000e-07	-6.680306e-06	-9.067436e-09	-4.618808e+01	-5.957027e+02
3.400000e-07	-6.587323e-06	-9.006337e-09	-4.554519e+01	-5.917820e+02
3.500000e-07	-6.491978e-06	-8.937777e-09	-4.488597e+01	-5.877219e+02
3.600000e-07	-6.394252e-06	-8.882983e-09	-4.421029e+01	-5.835436e+02
3.700000e-07	-6.294176e-06	-8.822702e-09	-4.351835e+01	-5.792653e+02
3.800000e-07	-6.191803e-06	-8.761698e-09	-4.281054e+01	-5.748970e+02
3.900000e-07	-6.087180e-06	-8.696443e-09	-4.208717e+01	-5.704374e+02
4.000000e-07	-5.980408e-06	-8.621472e-09	-4.134894e+01	-5.658740e+02
4.100000e-07	-5.871669e-06	-8.544489e-09	-4.059711e+01	-5.611860e+02
4.200000e-07	-5.760836e-06	-8.461811e-09	-3.983081e+01	-5.563498e+02
4.300000e-07	-5.647786e-06	-8.394145e-09	-3.904917e+01	-5.513444e+02
4.400000e-07	-5.532579e-06	-8.317219e-09	-3.825262e+01	-5.461566e+02
4.500000e-07	-5.415229e-06	-8.237995e-09	-3.744125e+01	-5.407837e+02
4.600000e-07	-5.295784e-06	-8.156063e-09	-3.661541e+01	-5.352334e+02
4.700000e-07	-5.174471e-06	-8.069350e-09	-3.577664e+01	-5.295201e+02
4.800000e-07	-5.051396e-06	-7.973064e-09	-3.492569e+01	-5.236601e+02
4.900000e-07	-4.926530e-06	-7.879944e-09	-3.406236e+01	-5.176657e+02
5.000000e-07	-4.799899e-06	-7.792408e-09	-3.318683e+01	-5.115401e+02
5.100000e-07	-4.671507e-06	-7.693984e-09	-3.229912e+01	-5.052754e+02
5.200000e-07	-4.541428e-06	-7.594073e-09	-3.139974e+01	-4.988525e+02
5.300000e-07	-4.409582e-06	-7.493736e-09	-3.048815e+01	-4.922454e+02
5.400000e-07	-4.276085e-06	-7.389669e-09	-2.956514e+01	-4.854260e+02
5.500000e-07	-4.141058e-06	-7.275870e-09	-2.863155e+01	-4.783705e+02
5.600000e-07	-4.004394e-06	-7.164489e-09	-2.768665e+01	-4.710636e+02
5.700000e-07	-3.866164e-06	-7.054412e-09	-2.673092e+01	-4.635011e+02
5.800000e-07	-3.726274e-06	-6.933725e-09	-2.576371e+01	-4.556889e+02
5.900000e-07	-3.584776e-06	-6.807165e-09	-2.478538e+01	-4.476392e+02
6.000000e-07	-3.441919e-06	-6.681194e-09	-2.379766e+01	-4.393647e+02
6.100000e-07	-3.297761e-06	-6.552193e-09	-2.280094e+01	-4.308735e+02
6.200000e-07	-3.152383e-06	-6.415593e-09	-2.179579e+01	-4.221641e+02
6.300000e-07	-3.005870e-06	-6.280165e-09	-2.078279e+01	-4.132236e+02
6.400000e-07	-2.858288e-06	-6.144865e-09	-1.976239e+01	-4.040291e+02
6.500000e-07	-2.709735e-06	-5.999786e-09	-1.873529e+01	-3.945517e+02
6.600000e-07	-2.560344e-06	-5.844021e-09	-1.770239e+01	-3.847616e+02
6.700000e-07	-2.410144e-06	-5.686122e-09	-1.666390e+01	-3.746334e+02
6.800000e-07	-2.259033e-06	-5.525868e-09	-1.561910e+01	-3.641498e+02
6.900000e-07	-2.107055e-06	-5.360719e-09	-1.456832e+01	-3.533029e+02
7.000000e-07	-1.954366e-06	-5.191096e-09	-1.351262e+01	-3.420916e+02
7.100000e-07	-1.800971e-06	-5.016300e-09	-1.245203e+01	-3.305176e+02
7.200000e-07	-1.646965e-06	-4.834889e-09	-1.138723e+01	-3.185802e+02
7.300000e-07	-1.492432e-06	-4.645067e-09	-1.031877e+01	-3.062713e+02
7.400000e-07	-1.337427e-06	-4.450518e-09	-9.247057e+00	-2.935734e+02
7.500000e-07	-1.181982e-06	-4.248395e-09	-8.172304e+00	-2.804596e+02
7.600000e-07	-1.026089e-06	-4.040580e-09	-7.094447e+00	-2.668972e+02
7.700000e-07	-8.698242e-07	-3.831122e-09	-6.014023e+00	-2.528519e+02
7.800000e-07	-7.131789e-07	-3.614315e-09	-4.930967e+00	-2.382936e+02
7.900000e-07	-5.562852e-07	-3.384949e-09	-3.846193e+00	-2.231985e+02
8.000000e-07	-3.992523e-07	-3.142852e-09	-2.760457e+00	-2.075488e+02
8.100000e-07	-2.420707e-07	-2.893873e-09	-1.673693e+00	-1.913288e+02
8.200000e-07	-8.474049e-08	-2.638509e-09	-5.859014e-01	-1.745172e+02
8.300000e-07	7.272750e-08	-2.373324e-09	5.028428e-01	-1.570784e+02
8.400000e-07	2.301795e-07	-2.099084e-09	1.591477e+00	-1.389560e+02
8.500000e-07	3.875204e-07	-1.811504e-09	2.679342e+00	-1.200700e+02
8.600000e-07	5.447517e-07	-1.506996e-09	3.766450e+00	-1.003212e+02
8.700000e-07	7.018254e-07	-1.188410e-09	4.852468e+00	-7.960259e+01
8.800000e-07	8.586410e-07	-8.569163e-10	5.936702e+00	-5.781791e+01
8.900000e-07	1.015200e-06	-5.091308e-10	7.019159e+00	-3.490382e+01
9.000000e-07	1.171449e-06	-1.432330e-10	8.099478e+00	-1.085227e+01
9.100000e-07	1.327282e-06	2.361267e-10	9.176914e+00	1.427148e+01
9.200000e-07	1.482626e-06	6.275237e-10	1.025098e+01	4.031932e+01
9.300000e-07	1.637428e-06	1.035036e-09	1.132129e+01	6.706184e+01
9.400000e-07	1.791596e-06	1.454295e-09	1.238721e+01	9.420180e+01
9.500000e-07	1.945040e-06	1.874279e-09	1.344814e+01	1.213979e+02
9.600000e-07	2.097808e-06	2.285565e-09	1.450438e+01	1.482956e+02
9.700000e-07	2.249832e-06	2.684317e-09	1.555549e+01	1.745595e+02
9.800000e-07	2.400953e-06	3.067261e-09	1.660035e+01	1.999035e+02
9.900000e-07	2.551098e-06	3.430577e-09	1.763846e+01	2.241119e+02
1.000000e-06	2.700269e-06	3.773798e-09	1.866984e+01	2.470517e+02
1.010000e-06	2.848409e-06	4.100056e-09	1.969409e+01	2.686712e+02
1.020000e-06	2.995473e-06	4.409087e-09	2.071090e+01	2.889899e+02
1.030000e-06	3.141422e-06	4.700626e-09	2.172000e+01	3.080800e+02
1.040000e-06	3.286260e-06	4.976574e-09	2.272143e+01	3.260446e+02
1.050000e-06	3.429889e-06	5.235838e-09	2.371448e+01	3.429962e+02
1.060000e-06	3.572225e-06	5.479686e-09	2.469860e+01	3.590403e+02
1.070000e-06	3.713208e-06	5.710397e-09	2.567337e+01	3.742643e+02
1.080000e-06	3.852719e-06	5.930644e-09	2.663796e+01	3.887334e+02
1.090000e-06	3.990773e-06	6.140064e-09	2.759247e+01	4.024933e+02
1.100000e-06	4.127333e-06	6.335689e-09	2.853666e+01	4.155759e+02
1.110000e-06	4.262350e-06	6.520868e-09	2.947017e+01	4.280072e+02
1.120000e-06	4.395854e-06	6.699883e-09	3.039323e+01	4.398138e+02
1.130000e-06	4.527837e-06	6.871724e-09	3.130577e+01	4.510271e+02
1.140000e-06	4.658233e-06	7.036085e-09	3.220733e+01	4.616845e+02
1.150000e-06	4.787041e-06	7.192867e-09	3.309792e+01	4.718269e+02
1.160000e-06	4.914139e-06	7.343459e-09	3.397669e+01	4.814954e+02
1.170000e-06	5.039512e-06	7.486759e-09	3.484353e+01	4.907266e+02
1.180000e-06	5.163173e-06	7.620611e-09	3.569852e+01	4.995490e+02
1.190000e-06	5.285048e-06	7.747010e-09	3.654118e+01	5.079823e+02
1.200000e-06	5.405021e-06	7.866412e-09	3.737068e+01	5.160378e+02
1.210000e-06	5.522980e-06	7.979288e-09	3.818625e+01	5.237214e+02
1.220000e-06	5.638817e-06	8.087765e-09	3.898716e+01	5.310377e+02
1.230000e-06	5.752442e-06	8.193182e-09	3.977277e+01	5.379939e+02
1.240000e-06	5.863880e-06	8.294982e-09	4.054326e+01	5.446033e+02
1.250000e-06	5.973226e-06	8.391559e-09	4.129929e+01	5.508862e+02
1.260000e-06	6.080483e-06	8.482755e-09	4.204087e+01	5.568695e+02
1.270000e-06	6.185500e-06	8.570494e-09	4.276696e+01	5.625841e+02
1.280000e-06	6.288206e-06	8.655190e-09	4.347708e+01	5.680620e+02
1.290000e-06	6.388602e-06	8.736361e-09	4.417122e+01	5.733320e+02
1.300000e-06	6.486674e-06	8.812942e-09	4.484930e+01	5.784175e+02
1.310000e-06	6.582291e-06	8.886509e-09	4.551040e+01	5.833341e+02
1.320000e-06	6.675487e-06	8.958509e-09	4.615476e+01	5.880895e+02
1.330000e-06	6.766342e-06	9.028731e-09	4.678295e+01	5.926847e+02
1.340000e-06	6.854751e-06	9.095015e-09	4.739421e+01	5.971163e+02
1.350000e-06	6.940760e-06	9.156938e-09	4.798888e+01	6.013785e+02
1.360000e-06	7.024372e-06	9.217921e-09	4.856698e+01	6.054658e+02
1.370000e-06	7.105429e-06	9.278158e-09	4.912742e+01	6.093748e+02
1.380000e-06	7.183913e-06	9.335766e-09	4.967006e+01	6.131047e+02
1.390000e-06	7.259782e-06	9.389035e-09	5.019462e+01	6.166572e+02
1.400000e-06	7.332895e-06	9.438289e-09	5.070013e+01	6.200363e+02
1.410000e-06	7.403340e-06	9.485357e-09	5.118719e+01	6.232463e+02
1.420000e-06	7.471224e-06	9.530032e-09	5.165655e+01	6.262916e+02
1.430000e-06	7.536418e-06	9.572243e-09	5.210730e+01	6.291750e+02
1.440000e-06	7.598925e-06	9.612714e-09	5.253948e+01	6.318980e+02
1.450000e-06	7.658890e-06	9.651303e-09	5.295408e+01	6.344609e+02
1.460000e-06	7.716202e-06	9.687005e-09	5.335034e+01	6.368633e+02
1.470000e-06	7.770728e-06	9.718662e-09	5.372733e+01	6.391051e+02
1.480000e-06	7.822231e-06	9.748240e-09	5.408343e+01	6.411871e+02
1.490000e-06	7.870530e-06	9.776992e-09	5.441737e+01	6.431119e+02
1.500000e-06	7.915934e-06	9.803588e-09	5.473130e+01	6.448837e+02
1.510000e-06	7.958598e-06	9.828166e-09	5.502628e+01	6.465085e+02
1.520000e-06	7.998387e-06	9.850963e-09	5.530139e+01	6.479929e+02
1.530000e-06	8.035329e-06	9.871685e-09	5.555680e+01	6.493438e+02
1.540000e-06	8.069455e-06	9.889733e-09	5.579276e+01	6.505673e+02
1.550000e-06	8.100691e-06	9.905625e-09	5.600872e+01	6.516681e+02
1.560000e-06	8.129105e-06	9.919822e-09	5.620518e+01	6.526493e+02
1.570000e-06	8.154573e-06	9.931478e-09	5.638126e+01	6.535127e+02
1.580000e-06	8.176980e-06	9.940936e-09	5.653619e+01	6.542590e+02
1.590000e-06	8.196570e-06	9.951258e-09	5.667164e+01	6.548886e+02
1.600000e-06	8.213236e-06	9.962715e-09	5.678686e+01	6.554022e+02
1.610000e-06	8.226778e-06	9.971828e-09	5.688049e+01	6.558013e+02
1.620000e-06	8.237135e-06	9.977661e-09	5.695210e+01	6.560879e+02
1.630000e-06	8.244322e-06	9.980493e-09	5.700179e+01	6.562646e+02
1.640000e-06	8.248636e-06	9.981943e-09	5.703162e+01	6.563334e+02
1.650000e-06	8.250065e-06	9.981472e-09	5.704150e+01	6.562951e+02
1.660000e-06	8.248602e-06	9.979695e-09	5.703139e+01	6.561490e+02
1.670000e-06	8.244477e-06	9.974409e-09	5.700287e+01	6.558926e+02
1.680000e-06	8.237586e-06	9.969475e-09	5.695523e+01	6.555225e+02
1.690000e-06	8.227920e-06	9.963672e-09	5.688839e+01	6.550355e+02
1.700000e-06	8.215421e-06	9.957812e-09	5.680197e+01	6.544307e+02
1.710000e-06	8.200002e-06	9.951711e-09	5.669536e+01	6.537112e+02
1.720000e-06	8.182030e-06	9.943017e-09	5.657111e+01	6.528852e+02
1.730000e-06	8.161695e-06	9.928547e-09	5.643051e+01	6.519660e+02
1.740000e-06	8.138512e-06	9.892982e-09	5.627022e+01	6.509713e+02
1.750000e-06	8.111782e-06	9.849468e-09	5.608540e+01	6.499201e+02
1.760000e-06	8.081209e-06	9.848856e-09	5.587402e+01	6.488294e+02
1.770000e-06	8.047438e-06	9.849215e-09	5.564052e+01	6.477100e+02
1.780000e-06	8.011333e-06	9.842832e-09	5.539089e+01	6.465636e+02
1.790000e-06	7.972876e-06	9.842850e-09	5.512500e+01	6.453802e+02
1.800000e-06	7.932267e-06	9.848987e-09	5.484422e+01	6.441389e+02
1.810000e-06	7.889593e-06	9.772400e-09	5.454917e+01	6.428099e+02
1.820000e-06	7.844103e-06	9.745866e-09	5.423465e+01	6.413595e+02
1.830000e-06	7.795707e-06	9.757329e-09	5.390004e+01	6.397552e+02
1.840000e-06	7.744435e-06	9.714231e-09	5.354554e+01	6.379721e+02
1.850000e-06	7.690041e-06	9.755682e-09	5.316946e+01	6.359968e+02
1.860000e-06	7.632828e-06	9.709062e-09	5.277389e+01	6.338299e+02
1.870000e-06	7.572867e-06	9.668361e-09	5.235931e+01	6.314851e+02
1.880000e-06	7.510109e-06	9.610421e-09	5.192540e+01	6.289858e+02
1.890000e-06	7.444534e-06	9.536677e-09	5.147201e+01	6.263593e+02
1.900000e-06	7.376036e-06	9.529545e-09	5.099841e+01	6.236307e+02
1.910000e-06	7.304629e-06	9.456020e-09	5.050469e+01	6.208168e+02
1.920000e-06	7.230373e-06	9.447498e-09	4.999129e+01	6.179228e+02
1.930000e-06	7.153384e-06	9.395250e-09	4.945898e+01	6.149416e+02
1.940000e-06	7.073610e-06	9.334616e-09	4.890742e+01	6.118557e+02
1.950000e-06	6.991249e-06	9.295736e-09	4.833796e+01	6.086424e+02
1.960000e-06	6.906373e-06	9.216466e-09	4.775113e+01	6.052799e+02
1.970000e-06	6.818780e-06	9.189177e-09	4.714550e+01	6.017527e+02
1.980000e-06	6.728679e-06	9.120724e-09	4.652254e+01	5.980556e+02
1.990000e-06	6.636222e-06	9.083370e-09	4.588329e+01	5.941951e+02
2.000000e-06	6.541434e-06	9.027465e-09	4.522792e+01	5.901871e+02
2.010000e-06	6.444345e-06	8.957704e-09	4.455664e+01	5.860526e+02
2.020000e-06	6.345024e-06	8.888251e-09	4.386992e+01	5.818117e+02
2.030000e-06	6.243381e-06	8.810567e-09	4.316715e+01	5.774782e+02
2.040000e-06	6.139376e-06	8.754645e-09	4.244806e+01	5.730553e+02
2.050000e-06	6.033220e-06	8.686050e-09	4.171408e+01	5.685346e+02
2.060000e-06	5.924971e-06	8.629289e-09	4.096564e+01	5.638983e+02
2.070000e-06	5.814669e-06	8.546060e-09	4.020301e+01	5.591229e+02
2.080000e-06	5.702275e-06	8.465806e-09	3.942591e+01	5.541860e+02
2.090000e-06	5.587716e-06	8.376445e-09	3.863385e+01	5.490706e+02
2.100000e-06	5.470971e-06	8.294443e-09	3.782666e+01	5.437700e+02
2.110000e-06	5.352186e-06	8.214375e-09	3.700537e+01	5.382878e+02
2.120000e-06	5.231457e-06	8.138712e-09	3.617064e+01	5.326364e+02
2.130000e-06	5.108896e-06	8.056451e-09	3.532325e+01	5.268321e+02
2.140000e-06	4.984508e-06	7.960376e-09	3.446323e+01	5.208894e+02
2.150000e-06	4.858266e-06	7.868755e-09	3.359038e+01	5.148156e+02
2.160000e-06	4.730206e-06	7.772068e-09	3.270496e+01	5.086071e+02
2.170000e-06	4.600445e-06	7.676418e-09	3.180778e+01	5.022491e+02
2.180000e-06	4.469110e-06	7.571269e-09	3.089972e+01	4.957176e+02
2.190000e-06	4.336094e-06	7.472361e-09	2.998005e+01	4.889847e+02
2.200000e-06	4.201482e-06	7.364898e-09	2.904933e+01	4.820242e+02
2.210000e-06	4.065262e-06	7.254011e-09	2.810749e+01	4.748170e+02
2.220000e-06	3.927420e-06	7.141715e-09	2.715444e+01	4.673547e+02
2.230000e-06	3.787962e-06	7.030353e-09	2.619023e+01	4.596392e+02
2.240000e-06	3.647000e-06	6.911307e-09	2.521560e+01	4.516810e+02
2.250000e-06	3.504689e-06	6.787538e-09	2.423165e+01	4.434934e+02
2.260000e-06	3.361087e-06	6.662819e-09	2.323878e+01	4.350868e+02
2.270000e-06	3.216208e-06	6.531960e-09	2.223708e+01	4.264639e+02
2.280000e-06	3.070152e-06	6.392289e-09	2.122724e+01	4.176163e+02
2.290000e-06	2.923028e-06	6.245307e-09	2.021001e+01	4.085247e+02
2.300000e-06	2.774792e-06	6.100357e-09	1.918510e+01	3.991620e+02
2.310000e-06	2.625581e-06	5.955680e-09	1.815345e+01	3.894980e+02
2.320000e-06	2.475511e-06	5.810868e-09	1.711585e+01	3.795050e+02
2.330000e-06	2.324646e-06	5.660987e-09	1.607276e+01	3.691624e+02
2.340000e-06	2.173056e-06	5.499800e-09	1.502465e+01	3.584586e+02
2.350000e-06	2.020658e-06	5.327056e-09	1.397097e+01	3.473901e+02
2.360000e-06	1.867504e-06	5.150542e-09	1.291205e+01	3.359583e+02
2.370000e-06	1.713757e-06	4.972202e-09	1.184903e+01	3.241640e+02
2.380000e-06	1.559462e-06	4.788239e-09	1.078223e+01	3.120025e+02
2.390000e-06	1.404689e-06	4.596212e-09	9.712114e+00	2.994600e+02
2.400000e-06	1.249457e-06	4.396896e-09	8.638832e+00	2.865132e+02
2.410000e-06	1.093763e-06	4.189177e-09	7.562350e+00	2.731310e+02
2.420000e-06	9.376377e-07	3.974625e-09	6.482890e+00	2.592792e+02
2.430000e-06	7.811620e-07	3.754402e-09	5.401007e+00	2.449256e+02
2.440000e-06	6.243974e-07	3.529677e-09	4.317125e+00	2.300436e+02
2.450000e-06	4.673922e-07	3.297699e-09	3.231581e+00	2.146135e+02
2.460000e-06	3.102489e-07	3.055357e-09	2.145081e+00	1.986195e+02
2.470000e-06	1.529619e-07	2.804515e-09	1.057589e+00	1.820435e+02
2.480000e-06	-4.458862e-09	2.541667e-09	-3.082887e-02	1.648564e+02
2.490000e-06	-1.619162e-07	2.265954e-09	-1.119499e+00	1.470107e+02
2.500000e-06	-3.193047e-07	1.979480e-09	-2.207694e+00	1.284355e+02
2.510000e-06	-4.765539e-07	1.681318e-09	-3.294926e+00	1.090382e+02
2.520000e-06	-6.336618e-07	1.372206e-09	-4.381180e+00	8.871304e+01
2.530000e-06	-7.906161e-07	1.047785e-09	-5.466373e+00	6.735695e+01
2.540000e-06	-9.473195e-07	7.051805e-10	-6.549831e+00	4.489093e+01
2.550000e-06	-1.103636e-06	3.464548e-10	-7.630611e+00	2.128271e+01
2.560000e-06	-1.259496e-06	-3.012234e-11	-8.708243e+00	-3.432920e+00
2.570000e-06	-1.414896e-06	-4.229249e-10	-9.782688e+00	-2.914087e+01
2.580000e-06	-1.569802e-06	-8.285622e-10	-1.085372e+01	-5.564273e+01
2.590000e-06	-1.724102e-06	-1.240510e-09	-1.192055e+01	-8.266556e+01
2.600000e-06	-1.877722e-06	-1.655111e-09	-1.298270e+01	-1.098820e+02
2.610000e-06	-2.030586e-06	-2.069378e-09	-1.403961e+01	-1.369388e+02
2.620000e-06	-2.182680e-06	-2.476290e-09	-1.509119e+01	-1.634893e+02
2.630000e-06	-2.333973e-06	-2.873202e-09	-1.613724e+01	-1.892248e+02
2.640000e-06	-2.484370e-06	-3.253895e-09	-1.717710e+01	-2.139000e+02
2.650000e-06	-2.633909e-06	-3.612511e-09	-1.821103e+01	-2.373488e+02
2.660000e-06	-2.782481e-06	-3.949770e-09	-1.923826e+01	-2.594884e+02
2.670000e-06	-2.929946e-06	-4.266522e-09	-2.025784e+01	-2.803121e+02
2.680000e-06	-3.076319e-06	-4.566643e-09	-2.126988e+01	-2.998739e+02
2.690000e-06	-3.221480e-06	-4.850583e-09	-2.227353e+01	-3.182674e+02
2.700000e-06	-3.365433e-06	-5.116292e-09	-2.326883e+01	-3.356038e+02
2.710000e-06	-3.508152e-06	-5.366787e-09	-2.425560e+01	-3.519930e+02
2.720000e-06	-3.649551e-06	-5.604021e-09	-2.523324e+01	-3.675302e+02
2.730000e-06	-3.789536e-06	-5.831690e-09	-2.620110e+01	-3.822896e+02
2.740000e-06	-3.928074e-06	-6.047297e-09	-2.715897e+01	-3.963238e+02
2.750000e-06	-4.065196e-06	-6.252437e-09	-2.810704e+01	-4.096694e+02
2.760000e-06	-4.200802e-06	-6.449790e-09	-2.904463e+01	-4.223537e+02
2.770000e-06	-4.334917e-06	-6.632972e-09	-2.997191e+01	-4.344024e+02
2.780000e-06	-4.467548e-06	-6.803459e-09	-3.088893e+01	-4.458448e+02
2.790000e-06	-4.598647e-06	-6.966843e-09	-3.179535e+01	-4.567159e+02
2.800000e-06	-4.728178e-06	-7.124465e-09	-3.269094e+01	-4.670558e+02
2.810000e-06	-4.856066e-06	-7.273832e-09	-3.357516e+01	-4.769059e+02
2.820000e-06	-4.982250e-06	-7.416602e-09	-3.444761e+01	-4.863050e+02
2.830000e-06	-5.106660e-06	-7.555775e-09	-3.530779e+01	-4.952853e+02
2.840000e-06	-5.229267e-06	-7.691377e-09	-3.615550e+01	-5.038699e+02
2.850000e-06	-5.350013e-06	-7.820009e-09	-3.699035e+01	-5.120730e+02
2.860000e-06	-5.468727e-06	-7.940348e-09	-3.781114e+01	-5.199023e+02
2.870000e-06	-5.585263e-06	-8.053725e-09	-3.861688e+01	-5.273623e+02
2.880000e-06	-5.699517e-06	-8.160248e-09	-3.940684e+01	-5.344589e+02
2.890000e-06	-5.811478e-06	-8.260421e-09	-4.018095e+01	-5.412027e+02
2.900000e-06	-5.921276e-06	-8.357152e-09	-4.094010e+01	-5.476111e+02
2.910000e-06	-6.029001e-06	-8.453286e-09	-4.168492e+01	-5.537086e+02
2.920000e-06	-6.134605e-06	-8.546867e-09	-4.241507e+01	-5.595251e+02
2.930000e-06	-6.237968e-06	-8.634310e-09	-4.312973e+01	-5.650924e+02
2.940000e-06	-6.338949e-06	-8.714829e-09	-4.382792e+01	-5.704411e+02
2.950000e-06	-6.437670e-06	-8.791968e-09	-4.451048e+01	-5.755969e+02
2.960000e-06	-6.534152e-06	-8.867363e-09	-4.517757e+01	-5.805786e+02
2.970000e-06	-6.628247e-06	-8.939656e-09	-4.582815e+01	-5.853970e+02
2.980000e-06	-6.719927e-06	-9.009554e-09	-4.646203e+01	-5.900555e+02
2.990000e-06	-6.809206e-06	-9.078099e-09	-4.707930e+01	-5.945521e+02
3.000000e-06	-6.896066e-06	-9.144885e-09	-4.767986e+01	-5.988816e+02
3.010000e-06	-6.980444e-06	-9.210884e-09	-4.826326e+01	-6.030383e+02
3.020000e-06	-7.062378e-06	-9.274146e-09	-4.882976e+01	-6.070178e+02
3.030000e-06	-7.141814e-06	-9.333741e-09	-4.937898e+01	-6.108180e+02
3.040000e-06	-7.218536e-06	-9.390986e-09	-4.990944e+01	-6.144400e+02
3.050000e-06	-7.292506e-06	-9.446393e-09	-5.042087e+01	-6.178868e+02
3.060000e-06	-7.363797e-06	-9.499065e-09	-5.091379e+01	-6.211628e+02
3.070000e-06	-7.432462e-06	-9.545685e-09	-5.138854e+01	-6.242725e+02
3.080000e-06	-7.498531e-06	-9.588931e-09	-5.184535e+01	-6.272193e+02
3.090000e-06	-7.561954e-06	-9.631569e-09	-5.228386e+01	-6.300054e+02
3.100000e-06	-7.622665e-06	-9.671524e-09	-5.270362e+01	-6.326313e+02
3.110000e-06	-7.680631e-06	-9.710556e-09	-5.310440e+01	-6.350970e+02
3.120000e-06	-7.735794e-06	-9.749442e-09	-5.348580e+01	-6.374019e+02
3.130000e-06	-7.788018e-06	-9.786163e-09	-5.384688e+01	-6.395466e+02
3.140000e-06	-7.837126e-06	-9.818232e-09	-5.418641e+01	-6.415329e+02
3.150000e-06	-7.883222e-06	-9.846777e-09	-5.450513e+01	-6.433643e+02
3.160000e-06	-7.926667e-06	-9.873262e-09	-5.480551e+01	-6.450462e+02
3.170000e-06	-7.967485e-06	-9.896630e-09	-5.508772e+01	-6.465851e+02
3.180000e-06	-8.005485e-06	-9.917207e-09	-5.535046e+01	-6.479878e+02
3.190000e-06	-8.040634e-06	-9.935625e-09	-5.559348e+01	-6.492607e+02
3.200000e-06	-8.072951e-06	-9.952989e-09	-5.581693e+01	-6.504094e+02
3.210000e-06	-8.102335e-06	-9.969084e-09	-5.602009e+01	-6.514374e+02
3.220000e-06	-8.128805e-06	-9.984257e-09	-5.620311e+01	-6.523471e+02
3.230000e-06	-8.152379e-06	-9.997465e-09	-5.636610e+01	-6.531395e+02
3.240000e-06	-8.173013e-06	-1.000703e-08	-5.650876e+01	-6.538150e+02
3.250000e-06	-8.190786e-06	-1.001424e-08	-5.663164e+01	-6.543741e+02
3.260000e-06	-8.205452e-06	-1.002117e-08	-5.673304e+01	-6.548181e+02
3.270000e-06	-8.216837e-06	-1.002678e-08	-5.681176e+01	-6.551487e+02
3.280000e-06	-8.225169e-06	-1.002906e-08	-5.686937e+01	-6.553685e+02
3.290000e-06	-8.230570e-06	-1.002820e-08	-5.690672e+01	-6.554796e+02
3.300000e-06	-8.233112e-06	-1.002584e-08	-5.692429e+01	-6.554835e+02
