# Temperatura_=_27.34
# Concentracion g/m^3_=_15000.0
# C_Vs_to_Am_M_A/Vsm_=_65563218390.804596
# pendiente_HvsI_1/m_=_3716.3
# ordenada_HvsI_A/m_=_1297.0
# frecuencia_Hz_=_302319.28612447286

Tiempo_(s)	Campo_(V.s)	Magnetizacion_(V.s)	Campo_(kA/m)	Magnetizacion_(A/m)
0.000000e+00	-8.168653e-06	-5.558471e-09	-5.692797e+01	-3.628053e+02
1.000000e-08	-8.165751e-06	-5.557588e-09	-5.690774e+01	-3.627069e+02
2.000000e-08	-8.160142e-06	-5.555054e-09	-5.686866e+01	-3.625376e+02
3.000000e-08	-8.151877e-06	-5.550631e-09	-5.681106e+01	-3.622876e+02
4.000000e-08	-8.140769e-06	-5.543768e-09	-5.673365e+01	-3.619541e+02
5.000000e-08	-8.126695e-06	-5.537246e-09	-5.663556e+01	-3.615431e+02
6.000000e-08	-8.109769e-06	-5.531537e-09	-5.651760e+01	-3.610704e+02
7.000000e-08	-8.090399e-06	-5.522644e-09	-5.638261e+01	-3.605588e+02
8.000000e-08	-8.068633e-06	-5.517520e-09	-5.623092e+01	-3.600337e+02
9.000000e-08	-8.043944e-06	-5.511661e-09	-5.605887e+01	-3.595179e+02
1.000000e-07	-8.015947e-06	-5.519045e-09	-5.586375e+01	-3.590256e+02
1.100000e-07	-7.984781e-06	-5.518606e-09	-5.564655e+01	-3.585587e+02
1.200000e-07	-7.950683e-06	-5.488153e-09	-5.540892e+01	-3.581053e+02
1.300000e-07	-7.913833e-06	-5.456128e-09	-5.515211e+01	-3.576411e+02
1.400000e-07	-7.874635e-06	-5.430680e-09	-5.487894e+01	-3.571337e+02
1.500000e-07	-7.833156e-06	-5.432565e-09	-5.458987e+01	-3.565484e+02
1.600000e-07	-7.789142e-06	-5.436070e-09	-5.428313e+01	-3.558551e+02
1.700000e-07	-7.742366e-06	-5.426328e-09	-5.395715e+01	-3.550335e+02
1.800000e-07	-7.692658e-06	-5.437938e-09	-5.361072e+01	-3.540769e+02
1.900000e-07	-7.639974e-06	-5.387775e-09	-5.324357e+01	-3.529924e+02
2.000000e-07	-7.584424e-06	-5.345720e-09	-5.285643e+01	-3.517989e+02
2.100000e-07	-7.526123e-06	-5.318116e-09	-5.245013e+01	-3.505223e+02
2.200000e-07	-7.465128e-06	-5.289929e-09	-5.202505e+01	-3.491899e+02
2.300000e-07	-7.401442e-06	-5.305314e-09	-5.158122e+01	-3.478250e+02
2.400000e-07	-7.334945e-06	-5.289918e-09	-5.111779e+01	-3.464423e+02
2.500000e-07	-7.265670e-06	-5.275172e-09	-5.063501e+01	-3.450462e+02
2.600000e-07	-7.193601e-06	-5.251575e-09	-5.013276e+01	-3.436308e+02
2.700000e-07	-7.118606e-06	-5.230350e-09	-4.961011e+01	-3.421825e+02
2.800000e-07	-7.040750e-06	-5.185862e-09	-4.906753e+01	-3.406834e+02
2.900000e-07	-6.960128e-06	-5.169330e-09	-4.850567e+01	-3.391155e+02
3.000000e-07	-6.877020e-06	-5.165333e-09	-4.792648e+01	-3.374642e+02
3.100000e-07	-6.791626e-06	-5.116166e-09	-4.733137e+01	-3.357206e+02
3.200000e-07	-6.703804e-06	-5.089226e-09	-4.671933e+01	-3.338823e+02
3.300000e-07	-6.613522e-06	-5.069500e-09	-4.609015e+01	-3.319525e+02
3.400000e-07	-6.520882e-06	-5.028407e-09	-4.544453e+01	-3.299382e+02
3.500000e-07	-6.425896e-06	-4.976653e-09	-4.478256e+01	-3.278482e+02
3.600000e-07	-6.328458e-06	-4.953797e-09	-4.410351e+01	-3.256907e+02
3.700000e-07	-6.228708e-06	-4.932141e-09	-4.340835e+01	-3.234717e+02
3.800000e-07	-6.126783e-06	-4.890136e-09	-4.269802e+01	-3.211939e+02
3.900000e-07	-6.022678e-06	-4.850845e-09	-4.197250e+01	-3.188572e+02
4.000000e-07	-5.916429e-06	-4.818544e-09	-4.123205e+01	-3.164585e+02
4.100000e-07	-5.808100e-06	-4.778308e-09	-4.047709e+01	-3.139933e+02
4.200000e-07	-5.697780e-06	-4.725273e-09	-3.970826e+01	-3.114562e+02
4.300000e-07	-5.585384e-06	-4.691268e-09	-3.892497e+01	-3.088420e+02
4.400000e-07	-5.470776e-06	-4.669942e-09	-3.812626e+01	-3.061460e+02
4.500000e-07	-5.353989e-06	-4.631750e-09	-3.731236e+01	-3.033647e+02
4.600000e-07	-5.235229e-06	-4.574190e-09	-3.648472e+01	-3.004954e+02
4.700000e-07	-5.114676e-06	-4.527174e-09	-3.564457e+01	-2.975362e+02
4.800000e-07	-4.992296e-06	-4.481463e-09	-3.479169e+01	-2.944861e+02
4.900000e-07	-4.868066e-06	-4.426906e-09	-3.392592e+01	-2.913439e+02
5.000000e-07	-4.742075e-06	-4.375740e-09	-3.304789e+01	-2.881083e+02
5.100000e-07	-4.614440e-06	-4.331166e-09	-3.215839e+01	-2.847772e+02
5.200000e-07	-4.485075e-06	-4.279949e-09	-3.125683e+01	-2.813469e+02
5.300000e-07	-4.353966e-06	-4.220560e-09	-3.034312e+01	-2.778122e+02
5.400000e-07	-4.221196e-06	-4.166311e-09	-2.941784e+01	-2.741657e+02
5.500000e-07	-4.086811e-06	-4.110604e-09	-2.848130e+01	-2.703989e+02
5.600000e-07	-3.951025e-06	-4.050711e-09	-2.753500e+01	-2.665020e+02
5.700000e-07	-3.813713e-06	-3.986408e-09	-2.657806e+01	-2.624656e+02
5.800000e-07	-3.674728e-06	-3.923223e-09	-2.560946e+01	-2.582815e+02
5.900000e-07	-3.534205e-06	-3.857785e-09	-2.463015e+01	-2.539440e+02
6.000000e-07	-3.392263e-06	-3.788094e-09	-2.364094e+01	-2.494503e+02
6.100000e-07	-3.248980e-06	-3.715085e-09	-2.264239e+01	-2.448009e+02
6.200000e-07	-3.104439e-06	-3.640553e-09	-2.163507e+01	-2.399982e+02
6.300000e-07	-2.958747e-06	-3.567299e-09	-2.061973e+01	-2.350456e+02
6.400000e-07	-2.812020e-06	-3.493422e-09	-1.959719e+01	-2.299452e+02
6.500000e-07	-2.664418e-06	-3.415446e-09	-1.856854e+01	-2.246965e+02
6.600000e-07	-2.515937e-06	-3.329818e-09	-1.753375e+01	-2.192948e+02
6.700000e-07	-2.366620e-06	-3.240454e-09	-1.649316e+01	-2.137309e+02
6.800000e-07	-2.216573e-06	-3.149311e-09	-1.544747e+01	-2.079916e+02
6.900000e-07	-2.065841e-06	-3.059461e-09	-1.439701e+01	-2.020608e+02
7.000000e-07	-1.914415e-06	-2.967475e-09	-1.334170e+01	-1.959218e+02
7.100000e-07	-1.762289e-06	-2.872708e-09	-1.228153e+01	-1.895591e+02
7.200000e-07	-1.609544e-06	-2.771669e-09	-1.121704e+01	-1.829601e+02
7.300000e-07	-1.456208e-06	-2.662599e-09	-1.014843e+01	-1.761158e+02
7.400000e-07	-1.302306e-06	-2.551716e-09	-9.075868e+00	-1.690206e+02
7.500000e-07	-1.147940e-06	-2.438228e-09	-8.000083e+00	-1.616711e+02
7.600000e-07	-9.932036e-07	-2.323943e-09	-6.921712e+00	-1.540650e+02
7.700000e-07	-8.381270e-07	-2.207465e-09	-5.840971e+00	-1.461983e+02
7.800000e-07	-6.827272e-07	-2.087156e-09	-4.757978e+00	-1.380648e+02
7.900000e-07	-5.270371e-07	-1.957926e-09	-3.672962e+00	-1.296538e+02
8.000000e-07	-3.711289e-07	-1.821361e-09	-2.586425e+00	-1.209511e+02
8.100000e-07	-2.150424e-07	-1.682350e-09	-1.498647e+00	-1.119380e+02
8.200000e-07	-5.887199e-08	-1.540499e-09	-4.102834e-01	-1.025929e+02
8.300000e-07	9.733938e-08	-1.394314e-09	6.783656e-01	-9.289161e+01
8.400000e-07	2.535894e-07	-1.240624e-09	1.767284e+00	-8.280819e+01
8.500000e-07	4.097725e-07	-1.079064e-09	2.855736e+00	-7.231595e+01
8.600000e-07	5.658401e-07	-9.101251e-10	3.943383e+00	-6.138852e+01
8.700000e-07	7.217476e-07	-7.347146e-10	5.029914e+00	-5.000164e+01
8.800000e-07	8.773877e-07	-5.539728e-10	6.114583e+00	-3.813596e+01
8.900000e-07	1.032706e-06	-3.670245e-10	7.197007e+00	-2.578098e+01
9.000000e-07	1.187657e-06	-1.728560e-10	8.276873e+00	-1.293992e+01
9.100000e-07	1.342182e-06	2.538000e-11	9.353771e+00	3.650534e-01
9.200000e-07	1.496243e-06	2.289734e-10	1.042744e+01	1.408825e+01
9.300000e-07	1.649718e-06	4.422883e-10	1.149701e+01	2.815755e+01
9.400000e-07	1.802555e-06	6.641820e-10	1.256214e+01	4.247438e+01
9.500000e-07	1.954657e-06	8.878801e-10	1.362215e+01	5.691718e+01
9.600000e-07	2.105968e-06	1.107508e-09	1.467665e+01	7.134840e+01
9.700000e-07	2.256535e-06	1.323084e-09	1.572596e+01	8.562442e+01
9.800000e-07	2.406257e-06	1.533238e-09	1.676939e+01	9.960710e+01
9.900000e-07	2.555118e-06	1.735682e-09	1.780681e+01	1.131751e+02
1.000000e-06	2.703056e-06	1.929680e-09	1.883781e+01	1.262330e+02
1.010000e-06	2.849967e-06	2.115855e-09	1.986164e+01	1.387171e+02
1.020000e-06	2.995799e-06	2.294308e-09	2.087795e+01	1.505963e+02
1.030000e-06	3.140485e-06	2.465115e-09	2.188628e+01	1.618688e+02
1.040000e-06	3.283971e-06	2.630016e-09	2.288624e+01	1.725547e+02
1.050000e-06	3.426222e-06	2.787121e-09	2.387760e+01	1.826874e+02
1.060000e-06	3.567187e-06	2.934199e-09	2.486000e+01	1.923038e+02
1.070000e-06	3.706769e-06	3.073773e-09	2.583276e+01	2.014370e+02
1.080000e-06	3.844896e-06	3.208286e-09	2.679538e+01	2.101122e+02
1.090000e-06	3.981520e-06	3.335589e-09	2.774752e+01	2.183453e+02
1.100000e-06	4.116682e-06	3.451564e-09	2.868948e+01	2.261457e+02
1.110000e-06	4.250435e-06	3.559285e-09	2.962161e+01	2.335203e+02
1.120000e-06	4.382688e-06	3.664534e-09	3.054329e+01	2.404793e+02
1.130000e-06	4.513362e-06	3.766733e-09	3.145397e+01	2.470395e+02
1.140000e-06	4.642471e-06	3.862700e-09	3.235374e+01	2.532267e+02
1.150000e-06	4.769973e-06	3.951340e-09	3.324231e+01	2.590748e+02
1.160000e-06	4.895801e-06	4.035082e-09	3.411921e+01	2.646228e+02
1.170000e-06	5.020053e-06	4.116495e-09	3.498514e+01	2.699102e+02
1.180000e-06	5.142585e-06	4.195109e-09	3.583907e+01	2.749721e+02
1.190000e-06	5.263232e-06	4.270113e-09	3.667987e+01	2.798357e+02
1.200000e-06	5.381983e-06	4.341047e-09	3.750745e+01	2.845182e+02
1.210000e-06	5.498719e-06	4.407458e-09	3.832100e+01	2.890276e+02
1.220000e-06	5.613264e-06	4.471874e-09	3.911927e+01	2.933653e+02
1.230000e-06	5.725550e-06	4.536267e-09	3.990180e+01	2.975297e+02
1.240000e-06	5.835749e-06	4.597669e-09	4.066978e+01	3.015197e+02
1.250000e-06	5.943926e-06	4.653339e-09	4.142367e+01	3.053380e+02
1.260000e-06	6.049980e-06	4.705604e-09	4.216277e+01	3.089911e+02
1.270000e-06	6.153811e-06	4.757697e-09	4.288638e+01	3.124895e+02
1.280000e-06	6.255409e-06	4.809012e-09	4.359442e+01	3.158442e+02
1.290000e-06	6.354673e-06	4.857293e-09	4.428620e+01	3.190646e+02
1.300000e-06	6.451448e-06	4.902631e-09	4.496063e+01	3.221553e+02
1.310000e-06	6.545834e-06	4.944867e-09	4.561842e+01	3.251153e+02
1.320000e-06	6.637976e-06	4.982883e-09	4.626056e+01	3.279384e+02
1.330000e-06	6.727721e-06	5.019453e-09	4.688601e+01	3.306155e+02
1.340000e-06	6.815006e-06	5.055762e-09	4.749430e+01	3.331379e+02
1.350000e-06	6.899981e-06	5.089284e-09	4.808650e+01	3.355007e+02
1.360000e-06	6.982564e-06	5.120420e-09	4.866203e+01	3.377058e+02
1.370000e-06	7.062616e-06	5.151294e-09	4.921992e+01	3.397621e+02
1.380000e-06	7.140089e-06	5.181126e-09	4.975983e+01	3.416854e+02
1.390000e-06	7.214871e-06	5.208248e-09	5.028099e+01	3.434949e+02
1.400000e-06	7.286942e-06	5.232003e-09	5.078326e+01	3.452101e+02
1.410000e-06	7.356444e-06	5.254857e-09	5.126762e+01	3.468464e+02
1.420000e-06	7.423364e-06	5.277626e-09	5.173400e+01	3.484132e+02
1.430000e-06	7.487598e-06	5.298384e-09	5.218164e+01	3.499119e+02
1.440000e-06	7.549251e-06	5.317859e-09	5.261131e+01	3.513376e+02
1.450000e-06	7.608340e-06	5.337074e-09	5.302310e+01	3.526815e+02
1.460000e-06	7.664722e-06	5.355042e-09	5.341604e+01	3.539340e+02
1.470000e-06	7.718303e-06	5.370647e-09	5.378945e+01	3.550881e+02
1.480000e-06	7.768821e-06	5.385990e-09	5.414151e+01	3.561419e+02
1.490000e-06	7.816258e-06	5.402388e-09	5.447210e+01	3.570991e+02
1.500000e-06	7.860905e-06	5.418244e-09	5.478325e+01	3.579677e+02
1.510000e-06	7.902746e-06	5.430664e-09	5.507485e+01	3.587584e+02
1.520000e-06	7.941725e-06	5.440421e-09	5.534649e+01	3.594811e+02
1.530000e-06	7.977923e-06	5.449959e-09	5.559876e+01	3.601426e+02
1.540000e-06	8.011288e-06	5.459692e-09	5.583128e+01	3.607455e+02
1.550000e-06	8.041753e-06	5.469486e-09	5.604360e+01	3.612882e+02
1.560000e-06	8.069381e-06	5.477844e-09	5.623613e+01	3.617664e+02
1.570000e-06	8.094094e-06	5.483748e-09	5.640836e+01	3.621755e+02
1.580000e-06	8.115846e-06	5.488256e-09	5.655995e+01	3.625134e+02
1.590000e-06	8.134746e-06	5.493651e-09	5.669167e+01	3.627816e+02
1.600000e-06	8.150736e-06	5.500625e-09	5.680311e+01	3.629858e+02
1.610000e-06	8.163689e-06	5.505877e-09	5.689338e+01	3.631346e+02
1.620000e-06	8.173498e-06	5.508711e-09	5.696173e+01	3.632369e+02
1.630000e-06	8.180220e-06	5.510056e-09	5.700858e+01	3.632991e+02
1.640000e-06	8.184046e-06	5.510887e-09	5.703525e+01	3.633224e+02
1.650000e-06	8.184944e-06	5.510910e-09	5.704150e+01	3.633020e+02
1.660000e-06	8.182992e-06	5.507477e-09	5.702790e+01	3.632281e+02
1.670000e-06	8.178439e-06	5.505131e-09	5.699617e+01	3.630880e+02
1.680000e-06	8.171155e-06	5.502447e-09	5.694541e+01	3.628704e+02
1.690000e-06	8.161107e-06	5.500823e-09	5.687538e+01	3.625694e+02
1.700000e-06	8.148214e-06	5.500080e-09	5.678553e+01	3.621875e+02
1.710000e-06	8.132483e-06	5.496996e-09	5.667590e+01	3.617366e+02
1.720000e-06	8.114263e-06	5.491433e-09	5.654892e+01	3.612372e+02
1.730000e-06	8.093663e-06	5.470181e-09	5.640536e+01	3.607143e+02
1.740000e-06	8.070183e-06	5.458335e-09	5.624172e+01	3.601925e+02
1.750000e-06	8.043070e-06	5.436644e-09	5.605277e+01	3.596899e+02
1.760000e-06	8.012219e-06	5.427650e-09	5.583777e+01	3.592136e+02
1.770000e-06	7.978329e-06	5.443766e-09	5.560159e+01	3.587572e+02
1.780000e-06	7.942105e-06	5.467952e-09	5.534914e+01	3.583007e+02
1.790000e-06	7.903592e-06	5.458555e-09	5.508074e+01	3.578144e+02
1.800000e-06	7.863004e-06	5.433243e-09	5.479788e+01	3.572636e+02
1.810000e-06	7.820209e-06	5.444924e-09	5.449964e+01	3.566157e+02
1.820000e-06	7.774605e-06	5.384867e-09	5.418182e+01	3.558461e+02
1.830000e-06	7.726224e-06	5.402376e-09	5.384465e+01	3.549424e+02
1.840000e-06	7.674889e-06	5.423407e-09	5.348689e+01	3.539064e+02
1.850000e-06	7.620412e-06	5.397102e-09	5.310724e+01	3.527528e+02
1.860000e-06	7.563125e-06	5.421762e-09	5.270800e+01	3.515055e+02
1.870000e-06	7.503189e-06	5.370735e-09	5.229030e+01	3.501919e+02
1.880000e-06	7.440617e-06	5.336686e-09	5.185423e+01	3.488374e+02
1.890000e-06	7.375189e-06	5.304090e-09	5.139826e+01	3.474605e+02
1.900000e-06	7.306837e-06	5.269007e-09	5.092191e+01	3.460697e+02
1.910000e-06	7.235616e-06	5.257809e-09	5.042557e+01	3.446632e+02
1.920000e-06	7.161575e-06	5.259535e-09	4.990957e+01	3.432297e+02
1.930000e-06	7.084804e-06	5.253637e-09	4.937454e+01	3.417527e+02
1.940000e-06	7.005222e-06	5.186823e-09	4.881993e+01	3.402138e+02
1.950000e-06	6.923029e-06	5.164341e-09	4.824712e+01	3.385966e+02
1.960000e-06	6.838288e-06	5.143608e-09	4.765655e+01	3.368899e+02
1.970000e-06	6.750907e-06	5.104508e-09	4.704759e+01	3.350887e+02
1.980000e-06	6.661055e-06	5.090175e-09	4.642140e+01	3.331940e+02
1.990000e-06	6.568923e-06	5.083835e-09	4.577933e+01	3.312119e+02
2.000000e-06	6.474471e-06	5.054771e-09	4.512109e+01	3.291505e+02
2.010000e-06	6.377643e-06	4.992545e-09	4.444629e+01	3.270186e+02
2.020000e-06	6.278599e-06	4.966402e-09	4.375604e+01	3.248232e+02
2.030000e-06	6.177350e-06	4.941948e-09	4.305042e+01	3.225683e+02
2.040000e-06	6.073855e-06	4.907298e-09	4.232916e+01	3.202549e+02
2.050000e-06	5.968199e-06	4.865221e-09	4.159283e+01	3.178810e+02
2.060000e-06	5.860539e-06	4.838166e-09	4.084254e+01	3.154425e+02
2.070000e-06	5.750874e-06	4.805527e-09	4.007828e+01	3.129342e+02
2.080000e-06	5.639071e-06	4.745272e-09	3.929912e+01	3.103509e+02
2.090000e-06	5.525132e-06	4.695703e-09	3.850507e+01	3.076875e+02
2.100000e-06	5.409130e-06	4.661331e-09	3.769664e+01	3.049400e+02
2.110000e-06	5.290992e-06	4.620771e-09	3.687333e+01	3.021054e+02
2.120000e-06	5.170765e-06	4.572006e-09	3.603546e+01	2.991817e+02
2.130000e-06	5.048740e-06	4.541533e-09	3.518505e+01	2.961673e+02
2.140000e-06	4.924999e-06	4.503469e-09	3.432269e+01	2.930614e+02
2.150000e-06	4.799516e-06	4.446099e-09	3.344820e+01	2.898626e+02
2.160000e-06	4.672210e-06	4.384354e-09	3.256099e+01	2.865693e+02
2.170000e-06	4.543087e-06	4.335226e-09	3.166112e+01	2.831785e+02
2.180000e-06	4.412328e-06	4.287580e-09	3.074986e+01	2.796855e+02
2.190000e-06	4.280012e-06	4.234156e-09	2.982773e+01	2.760838e+02
2.200000e-06	4.146147e-06	4.177985e-09	2.889482e+01	2.723654e+02
2.210000e-06	4.010685e-06	4.118293e-09	2.795077e+01	2.685207e+02
2.220000e-06	3.873645e-06	4.054046e-09	2.699573e+01	2.645401e+02
2.230000e-06	3.735108e-06	3.989478e-09	2.603025e+01	2.604148e+02
2.240000e-06	3.595246e-06	3.929672e-09	2.505555e+01	2.561380e+02
2.250000e-06	3.454002e-06	3.868370e-09	2.407120e+01	2.517057e+02
2.260000e-06	3.311266e-06	3.800504e-09	2.307647e+01	2.471172e+02
2.270000e-06	3.167259e-06	3.725280e-09	2.207287e+01	2.423743e+02
2.280000e-06	3.022063e-06	3.645034e-09	2.106099e+01	2.374802e+02
2.290000e-06	2.875719e-06	3.563620e-09	2.004111e+01	2.324376e+02
2.300000e-06	2.728411e-06	3.484387e-09	1.901451e+01	2.272474e+02
2.310000e-06	2.580295e-06	3.405161e-09	1.798227e+01	2.219066e+02
2.320000e-06	2.431400e-06	3.323412e-09	1.694461e+01	2.164078e+02
2.330000e-06	2.281641e-06	3.240833e-09	1.590093e+01	2.107391e+02
2.340000e-06	2.131046e-06	3.157312e-09	1.485142e+01	2.048855e+02
2.350000e-06	1.979683e-06	3.066469e-09	1.379656e+01	1.988302e+02
2.360000e-06	1.827575e-06	2.968602e-09	1.273651e+01	1.925570e+02
2.370000e-06	1.674862e-06	2.867617e-09	1.167224e+01	1.860521e+02
2.380000e-06	1.521617e-06	2.764538e-09	1.060426e+01	1.793050e+02
2.390000e-06	1.367865e-06	2.659626e-09	9.532754e+00	1.723087e+02
2.400000e-06	1.213673e-06	2.551130e-09	8.458179e+00	1.650594e+02
2.410000e-06	1.059056e-06	2.438862e-09	7.380641e+00	1.575544e+02
2.420000e-06	9.041000e-07	2.318291e-09	6.300743e+00	1.497906e+02
2.430000e-06	7.489111e-07	2.189569e-09	5.219219e+00	1.417629e+02
2.440000e-06	5.934790e-07	2.062212e-09	4.136001e+00	1.334623e+02
2.450000e-06	4.378095e-07	1.934098e-09	3.051128e+00	1.248761e+02
2.460000e-06	2.819866e-07	1.801794e-09	1.965186e+00	1.159874e+02
2.470000e-06	1.260505e-07	1.662420e-09	8.784555e-01	1.067754e+02
2.480000e-06	-2.992989e-08	1.516853e-09	-2.085837e-01	9.721702e+01
2.490000e-06	-1.859172e-07	1.367445e-09	-1.295671e+00	8.728682e+01
2.500000e-06	-3.418842e-07	1.210629e-09	-2.382617e+00	7.695833e+01
2.510000e-06	-4.977703e-07	1.047380e-09	-3.468999e+00	6.620488e+01
2.520000e-06	-6.535189e-07	8.765830e-10	-4.554423e+00	5.500109e+01
2.530000e-06	-8.090360e-07	6.953953e-10	-5.638234e+00	4.332529e+01
2.540000e-06	-9.642779e-07	5.054018e-10	-6.720127e+00	3.116297e+01
2.550000e-06	-1.119188e-06	3.109807e-10	-7.799707e+00	1.851134e+01
2.560000e-06	-1.273729e-06	1.119634e-10	-8.876714e+00	5.384502e+00
2.570000e-06	-1.427909e-06	-9.694237e-11	-9.951210e+00	-8.181551e+00
2.580000e-06	-1.581623e-06	-3.125855e-10	-1.102245e+01	-2.212526e+01
2.590000e-06	-1.734698e-06	-5.285645e-10	-1.208924e+01	-3.635825e+01
2.600000e-06	-1.887038e-06	-7.461975e-10	-1.315091e+01	-5.076734e+01
2.610000e-06	-2.038621e-06	-9.676776e-10	-1.420731e+01	-6.522020e+01
2.620000e-06	-2.189414e-06	-1.190961e-09	-1.525820e+01	-7.957429e+01
2.630000e-06	-2.339406e-06	-1.412071e-09	-1.630350e+01	-9.368791e+01
2.640000e-06	-2.488492e-06	-1.628552e-09	-1.734249e+01	-1.074318e+02
2.650000e-06	-2.636633e-06	-1.835651e-09	-1.837490e+01	-1.206996e+02
2.660000e-06	-2.783875e-06	-2.030210e-09	-1.940104e+01	-1.334147e+02
2.670000e-06	-2.930134e-06	-2.212640e-09	-2.042033e+01	-1.455333e+02
2.680000e-06	-3.075305e-06	-2.385879e-09	-2.143204e+01	-1.570428e+02
2.690000e-06	-3.219156e-06	-2.552016e-09	-2.243454e+01	-1.679558e+02
2.700000e-06	-3.361679e-06	-2.709550e-09	-2.342780e+01	-1.783015e+02
2.710000e-06	-3.502952e-06	-2.859659e-09	-2.441234e+01	-1.881164e+02
2.720000e-06	-3.642871e-06	-3.003714e-09	-2.538745e+01	-1.974361e+02
2.730000e-06	-3.781460e-06	-3.142007e-09	-2.635329e+01	-2.062889e+02
2.740000e-06	-3.918717e-06	-3.272187e-09	-2.730984e+01	-2.146943e+02
2.750000e-06	-4.054460e-06	-3.394988e-09	-2.825584e+01	-2.226639e+02
2.760000e-06	-4.188691e-06	-3.509793e-09	-2.919131e+01	-2.302049e+02
2.770000e-06	-4.321478e-06	-3.613609e-09	-3.011672e+01	-2.373257e+02
2.780000e-06	-4.452761e-06	-3.711858e-09	-3.103163e+01	-2.440400e+02
2.790000e-06	-4.582591e-06	-3.809792e-09	-3.193643e+01	-2.503702e+02
2.800000e-06	-4.710859e-06	-3.905591e-09	-3.283034e+01	-2.563471e+02
2.810000e-06	-4.837437e-06	-3.994597e-09	-3.371247e+01	-2.620082e+02
2.820000e-06	-4.962343e-06	-4.077952e-09	-3.458295e+01	-2.673935e+02
2.830000e-06	-5.085540e-06	-4.158049e-09	-3.544152e+01	-2.725404e+02
2.840000e-06	-5.206919e-06	-4.235331e-09	-3.628742e+01	-2.774793e+02
2.850000e-06	-5.326323e-06	-4.307634e-09	-3.711955e+01	-2.822315e+02
2.860000e-06	-5.443651e-06	-4.374875e-09	-3.793722e+01	-2.868086e+02
2.870000e-06	-5.558765e-06	-4.440167e-09	-3.873946e+01	-2.912139e+02
2.880000e-06	-5.671573e-06	-4.503151e-09	-3.952563e+01	-2.954467e+02
2.890000e-06	-5.782217e-06	-4.563701e-09	-4.029672e+01	-2.995052e+02
2.900000e-06	-5.890821e-06	-4.623730e-09	-4.105358e+01	-3.033904e+02
2.910000e-06	-5.997402e-06	-4.684606e-09	-4.179636e+01	-3.071074e+02
2.920000e-06	-6.101852e-06	-4.743870e-09	-4.252428e+01	-3.106653e+02
2.930000e-06	-6.203978e-06	-4.798017e-09	-4.323600e+01	-3.140752e+02
2.940000e-06	-6.303810e-06	-4.848754e-09	-4.393173e+01	-3.173476e+02
2.950000e-06	-6.401452e-06	-4.897890e-09	-4.461221e+01	-3.204891e+02
2.960000e-06	-6.496873e-06	-4.945156e-09	-4.527721e+01	-3.235009e+02
2.970000e-06	-6.589948e-06	-4.991002e-09	-4.592585e+01	-3.263789e+02
2.980000e-06	-6.680667e-06	-5.033972e-09	-4.655808e+01	-3.291145e+02
2.990000e-06	-6.769081e-06	-5.073825e-09	-4.717424e+01	-3.316986e+02
3.000000e-06	-6.855005e-06	-5.112663e-09	-4.777306e+01	-3.341244e+02
3.010000e-06	-6.938390e-06	-5.150833e-09	-4.835417e+01	-3.363908e+02
3.020000e-06	-7.019336e-06	-5.186624e-09	-4.891829e+01	-3.385041e+02
3.030000e-06	-7.097667e-06	-5.218510e-09	-4.946419e+01	-3.404775e+02
3.040000e-06	-7.173291e-06	-5.247049e-09	-4.999122e+01	-3.423294e+02
3.050000e-06	-7.246284e-06	-5.273913e-09	-5.049991e+01	-3.440795e+02
3.060000e-06	-7.316665e-06	-5.300089e-09	-5.099040e+01	-3.457454e+02
3.070000e-06	-7.384415e-06	-5.324498e-09	-5.146255e+01	-3.473390e+02
3.080000e-06	-7.449510e-06	-5.348591e-09	-5.191621e+01	-3.488647e+02
3.090000e-06	-7.511946e-06	-5.374317e-09	-5.235133e+01	-3.503201e+02
3.100000e-06	-7.571708e-06	-5.397602e-09	-5.276781e+01	-3.516974e+02
3.110000e-06	-7.628767e-06	-5.418113e-09	-5.316546e+01	-3.529869e+02
3.120000e-06	-7.683018e-06	-5.437894e-09	-5.354354e+01	-3.541802e+02
3.130000e-06	-7.734247e-06	-5.455524e-09	-5.390056e+01	-3.552734e+02
3.140000e-06	-7.782379e-06	-5.470048e-09	-5.423600e+01	-3.562678e+02
3.150000e-06	-7.827731e-06	-5.482819e-09	-5.455206e+01	-3.571701e+02
3.160000e-06	-7.870522e-06	-5.495655e-09	-5.485027e+01	-3.579902e+02
3.170000e-06	-7.910589e-06	-5.509477e-09	-5.512950e+01	-3.587386e+02
3.180000e-06	-7.947839e-06	-5.519373e-09	-5.538910e+01	-3.594236e+02
3.190000e-06	-7.982357e-06	-5.526704e-09	-5.562966e+01	-3.600496e+02
3.200000e-06	-8.014062e-06	-5.533868e-09	-5.585061e+01	-3.606164e+02
3.210000e-06	-8.042785e-06	-5.540877e-09	-5.605079e+01	-3.611206e+02
3.220000e-06	-8.068609e-06	-5.547970e-09	-5.623076e+01	-3.615574e+02
3.230000e-06	-8.091598e-06	-5.552960e-09	-5.639096e+01	-3.619233e+02
3.240000e-06	-8.111691e-06	-5.555116e-09	-5.653099e+01	-3.622184e+02
3.250000e-06	-8.128852e-06	-5.556705e-09	-5.665060e+01	-3.624469e+02
3.260000e-06	-8.142893e-06	-5.559391e-09	-5.674845e+01	-3.626165e+02
3.270000e-06	-8.153804e-06	-5.562913e-09	-5.682449e+01	-3.627362e+02
3.280000e-06	-8.161751e-06	-5.563470e-09	-5.687987e+01	-3.628137e+02
3.290000e-06	-8.166769e-06	-5.561403e-09	-5.691484e+01	-3.628525e+02
3.300000e-06	-8.168969e-06	-5.558956e-09	-5.693017e+01	-3.628503e+02
