# Temperatura_=_70.81
# Concentracion g/m^3_=_15000.0
# C_Vs_to_Am_M_A/Vsm_=_65563218390.804596
# pendiente_HvsI_1/m_=_3716.3
# ordenada_HvsI_A/m_=_1297.0
# frecuencia_Hz_=_302330.2947069747

Tiempo_(s)	Campo_(V.s)	Magnetizacion_(V.s)	Campo_(kA/m)	Magnetizacion_(A/m)
0.000000e+00	-8.236725e-06	-9.355208e-09	-5.692538e+01	-6.117456e+02
1.000000e-08	-8.234390e-06	-9.354463e-09	-5.690925e+01	-6.115583e+02
2.000000e-08	-8.229296e-06	-9.350713e-09	-5.687404e+01	-6.112459e+02
3.000000e-08	-8.221542e-06	-9.341101e-09	-5.682045e+01	-6.108136e+02
4.000000e-08	-8.210902e-06	-9.331482e-09	-5.674691e+01	-6.102732e+02
5.000000e-08	-8.197315e-06	-9.320708e-09	-5.665301e+01	-6.096409e+02
6.000000e-08	-8.180829e-06	-9.309208e-09	-5.653907e+01	-6.089336e+02
7.000000e-08	-8.161761e-06	-9.295966e-09	-5.640729e+01	-6.081659e+02
8.000000e-08	-8.140325e-06	-9.276117e-09	-5.625914e+01	-6.073478e+02
9.000000e-08	-8.116049e-06	-9.280681e-09	-5.609137e+01	-6.064834e+02
1.000000e-07	-8.088458e-06	-9.307049e-09	-5.590068e+01	-6.055711e+02
1.100000e-07	-8.057702e-06	-9.273406e-09	-5.568813e+01	-6.046056e+02
1.200000e-07	-8.023999e-06	-9.226092e-09	-5.545520e+01	-6.035793e+02
1.300000e-07	-7.987424e-06	-9.201205e-09	-5.520242e+01	-6.024844e+02
1.400000e-07	-7.948342e-06	-9.177369e-09	-5.493232e+01	-6.013140e+02
1.500000e-07	-7.906861e-06	-9.128379e-09	-5.464564e+01	-6.000622e+02
1.600000e-07	-7.862929e-06	-9.115417e-09	-5.434201e+01	-5.987232e+02
1.700000e-07	-7.816288e-06	-9.169896e-09	-5.401967e+01	-5.972900e+02
1.800000e-07	-7.766700e-06	-9.055896e-09	-5.367696e+01	-5.957538e+02
1.900000e-07	-7.714219e-06	-9.047394e-09	-5.331426e+01	-5.941031e+02
2.000000e-07	-7.658828e-06	-9.058716e-09	-5.293144e+01	-5.923254e+02
2.100000e-07	-7.600575e-06	-8.963335e-09	-5.252884e+01	-5.904086e+02
2.200000e-07	-7.539624e-06	-8.967867e-09	-5.210760e+01	-5.883435e+02
2.300000e-07	-7.476002e-06	-8.932269e-09	-5.166789e+01	-5.861263e+02
2.400000e-07	-7.409578e-06	-8.904590e-09	-5.120883e+01	-5.837596e+02
2.500000e-07	-7.340362e-06	-8.837035e-09	-5.073047e+01	-5.812527e+02
2.600000e-07	-7.268299e-06	-8.804279e-09	-5.023243e+01	-5.786193e+02
2.700000e-07	-7.193255e-06	-8.785248e-09	-4.971379e+01	-5.758749e+02
2.800000e-07	-7.115306e-06	-8.718228e-09	-4.917507e+01	-5.730329e+02
2.900000e-07	-7.034611e-06	-8.677375e-09	-4.861737e+01	-5.701017e+02
3.000000e-07	-6.951426e-06	-8.634826e-09	-4.804246e+01	-5.670820e+02
3.100000e-07	-6.865890e-06	-8.606443e-09	-4.745131e+01	-5.639673e+02
3.200000e-07	-6.777852e-06	-8.546169e-09	-4.684287e+01	-5.607453e+02
3.300000e-07	-6.687281e-06	-8.478894e-09	-4.621692e+01	-5.574010e+02
3.400000e-07	-6.594351e-06	-8.436275e-09	-4.557466e+01	-5.539206e+02
3.500000e-07	-6.499052e-06	-8.368694e-09	-4.491603e+01	-5.502947e+02
3.600000e-07	-6.401345e-06	-8.313591e-09	-4.424076e+01	-5.465203e+02
3.700000e-07	-6.301334e-06	-8.268026e-09	-4.354957e+01	-5.426013e+02
3.800000e-07	-6.199039e-06	-8.220052e-09	-4.284259e+01	-5.385463e+02
3.900000e-07	-6.094448e-06	-8.144983e-09	-4.211974e+01	-5.343664e+02
4.000000e-07	-5.987662e-06	-8.063999e-09	-4.138173e+01	-5.300711e+02
4.100000e-07	-5.878870e-06	-7.998073e-09	-4.062985e+01	-5.256657e+02
4.200000e-07	-5.768034e-06	-7.928524e-09	-3.986385e+01	-5.211500e+02
4.300000e-07	-5.655004e-06	-7.863879e-09	-3.908267e+01	-5.165178e+02
4.400000e-07	-5.539784e-06	-7.793653e-09	-3.828637e+01	-5.117588e+02
4.500000e-07	-5.422449e-06	-7.724578e-09	-3.747545e+01	-5.068613e+02
4.600000e-07	-5.303104e-06	-7.645509e-09	-3.665064e+01	-5.018147e+02
4.700000e-07	-5.181909e-06	-7.561828e-09	-3.581304e+01	-4.966114e+02
4.800000e-07	-5.058877e-06	-7.481186e-09	-3.496274e+01	-4.912475e+02
4.900000e-07	-4.934043e-06	-7.399877e-09	-3.409999e+01	-4.857223e+02
5.000000e-07	-4.807470e-06	-7.313160e-09	-3.322523e+01	-4.800360e+02
5.100000e-07	-4.679111e-06	-7.219899e-09	-3.233812e+01	-4.741880e+02
5.200000e-07	-4.548993e-06	-7.127503e-09	-3.143885e+01	-4.681743e+02
5.300000e-07	-4.417081e-06	-7.029682e-09	-3.052719e+01	-4.619873e+02
5.400000e-07	-4.283594e-06	-6.925765e-09	-2.960463e+01	-4.556162e+02
5.500000e-07	-4.148596e-06	-6.819474e-09	-2.867164e+01	-4.490485e+02
5.600000e-07	-4.011970e-06	-6.718665e-09	-2.772739e+01	-4.422726e+02
5.700000e-07	-3.873783e-06	-6.621109e-09	-2.677236e+01	-4.352797e+02
5.800000e-07	-3.733944e-06	-6.517258e-09	-2.580591e+01	-4.280653e+02
5.900000e-07	-3.592456e-06	-6.406634e-09	-2.482806e+01	-4.206285e+02
6.000000e-07	-3.449560e-06	-6.287899e-09	-2.384048e+01	-4.129705e+02
6.100000e-07	-3.305371e-06	-6.162931e-09	-2.284397e+01	-4.050920e+02
6.200000e-07	-3.159982e-06	-6.033016e-09	-2.183916e+01	-3.969899e+02
6.300000e-07	-3.013480e-06	-5.902388e-09	-2.082666e+01	-3.886562e+02
6.400000e-07	-2.865899e-06	-5.772425e-09	-1.980671e+01	-3.800763e+02
6.500000e-07	-2.717365e-06	-5.638181e-09	-1.878016e+01	-3.712314e+02
6.600000e-07	-2.567939e-06	-5.496258e-09	-1.774746e+01	-3.621006e+02
6.700000e-07	-2.417673e-06	-5.349150e-09	-1.670894e+01	-3.526642e+02
6.800000e-07	-2.266540e-06	-5.200956e-09	-1.566444e+01	-3.429069e+02
6.900000e-07	-2.114529e-06	-5.049617e-09	-1.461386e+01	-3.328191e+02
7.000000e-07	-1.961727e-06	-4.892940e-09	-1.355782e+01	-3.223964e+02
7.100000e-07	-1.808274e-06	-4.729624e-09	-1.249728e+01	-3.116365e+02
7.200000e-07	-1.654257e-06	-4.561544e-09	-1.143285e+01	-3.005362e+02
7.300000e-07	-1.499655e-06	-4.385910e-09	-1.036437e+01	-2.890866e+02
7.400000e-07	-1.344544e-06	-4.202520e-09	-9.292366e+00	-2.772707e+02
7.500000e-07	-1.188999e-06	-4.010845e-09	-8.217368e+00	-2.650629e+02
7.600000e-07	-1.032987e-06	-3.814984e-09	-7.139147e+00	-2.524306e+02
7.700000e-07	-8.765505e-07	-3.619157e-09	-6.057987e+00	-2.393388e+02
7.800000e-07	-7.198195e-07	-3.416148e-09	-4.974793e+00	-2.257540e+02
7.900000e-07	-5.628599e-07	-3.202885e-09	-3.890018e+00	-2.116488e+02
8.000000e-07	-4.057368e-07	-2.978951e-09	-2.804115e+00	-1.970027e+02
8.100000e-07	-2.484592e-07	-2.746733e-09	-1.717143e+00	-1.817997e+02
8.200000e-07	-9.102957e-08	-2.505863e-09	-6.291205e-01	-1.660230e+02
8.300000e-07	6.641345e-08	-2.256643e-09	4.589944e-01	-1.496467e+02
8.400000e-07	2.238615e-07	-2.000102e-09	1.547144e+00	-1.326287e+02
8.500000e-07	3.813145e-07	-1.731745e-09	2.635328e+00	-1.149060e+02
8.600000e-07	5.386791e-07	-1.448264e-09	3.722901e+00	-9.639538e+01
8.700000e-07	6.958831e-07	-1.151364e-09	4.809364e+00	-7.700247e+01
8.800000e-07	8.528390e-07	-8.413385e-10	5.894113e+00	-5.663635e+01
8.900000e-07	1.009506e-06	-5.152527e-10	6.976866e+00	-3.523038e+01
9.000000e-07	1.165841e-06	-1.721200e-10	8.057321e+00	-1.276434e+01
9.100000e-07	1.321774e-06	1.832891e-10	9.135004e+00	1.071613e+01
9.200000e-07	1.477230e-06	5.482599e-10	1.020938e+01	3.508727e+01
9.300000e-07	1.632151e-06	9.289399e-10	1.128007e+01	6.014544e+01
9.400000e-07	1.786509e-06	1.321734e-09	1.234686e+01	8.561753e+01
9.500000e-07	1.940233e-06	1.715617e-09	1.340928e+01	1.111824e+02
9.600000e-07	2.093281e-06	2.102826e-09	1.446702e+01	1.365007e+02
9.700000e-07	2.245465e-06	2.478033e-09	1.551879e+01	1.612474e+02
9.800000e-07	2.396630e-06	2.838987e-09	1.656351e+01	1.851425e+02
9.900000e-07	2.546803e-06	3.182503e-09	1.760138e+01	2.079744e+02
1.000000e-06	2.696006e-06	3.508228e-09	1.863255e+01	2.296121e+02
1.010000e-06	2.844243e-06	3.817223e-09	1.965704e+01	2.500053e+02
1.020000e-06	2.991430e-06	4.108669e-09	2.067427e+01	2.691737e+02
1.030000e-06	3.137542e-06	4.382234e-09	2.168407e+01	2.871879e+02
1.040000e-06	3.282512e-06	4.640895e-09	2.268599e+01	3.041470e+02
1.050000e-06	3.426245e-06	4.886640e-09	2.367935e+01	3.201566e+02
1.060000e-06	3.568672e-06	5.117399e-09	2.466369e+01	3.353130e+02
1.070000e-06	3.709727e-06	5.334511e-09	2.563854e+01	3.496930e+02
1.080000e-06	3.849388e-06	5.540737e-09	2.660376e+01	3.633521e+02
1.090000e-06	3.987576e-06	5.738650e-09	2.755880e+01	3.763283e+02
1.100000e-06	4.124229e-06	5.925614e-09	2.850323e+01	3.886502e+02
1.110000e-06	4.259327e-06	6.101869e-09	2.943692e+01	4.003447e+02
1.120000e-06	4.392951e-06	6.271115e-09	3.036042e+01	4.114427e+02
1.130000e-06	4.525085e-06	6.433924e-09	3.127362e+01	4.219823e+02
1.140000e-06	4.655649e-06	6.588441e-09	3.217597e+01	4.320063e+02
1.150000e-06	4.784567e-06	6.734816e-09	3.306694e+01	4.415584e+02
1.160000e-06	4.911735e-06	6.875074e-09	3.394582e+01	4.506772e+02
1.170000e-06	5.037240e-06	7.007717e-09	3.481321e+01	4.593919e+02
1.180000e-06	5.161089e-06	7.132708e-09	3.566915e+01	4.677199e+02
1.190000e-06	5.283122e-06	7.251462e-09	3.651254e+01	4.756679e+02
1.200000e-06	5.403159e-06	7.365122e-09	3.734213e+01	4.832362e+02
1.210000e-06	5.521199e-06	7.471567e-09	3.815793e+01	4.904243e+02
1.220000e-06	5.637199e-06	7.571469e-09	3.895962e+01	4.972368e+02
1.230000e-06	5.750965e-06	7.668235e-09	3.974588e+01	5.036879e+02
1.240000e-06	5.862479e-06	7.761943e-09	4.051657e+01	5.098025e+02
1.250000e-06	5.971875e-06	7.850547e-09	4.127262e+01	5.156152e+02
1.260000e-06	6.079235e-06	7.935975e-09	4.201461e+01	5.211655e+02
1.270000e-06	6.184378e-06	8.019452e-09	4.274127e+01	5.264925e+02
1.280000e-06	6.287160e-06	8.099964e-09	4.345161e+01	5.316293e+02
1.290000e-06	6.387658e-06	8.176971e-09	4.414617e+01	5.365986e+02
1.300000e-06	6.485815e-06	8.249745e-09	4.482455e+01	5.414120e+02
1.310000e-06	6.581510e-06	8.318900e-09	4.548592e+01	5.460701e+02
1.320000e-06	6.674862e-06	8.384429e-09	4.613108e+01	5.505664e+02
1.330000e-06	6.765962e-06	8.446413e-09	4.676069e+01	5.548913e+02
1.340000e-06	6.854550e-06	8.505498e-09	4.737294e+01	5.590364e+02
1.350000e-06	6.940599e-06	8.564320e-09	4.796764e+01	5.629970e+02
1.360000e-06	7.024270e-06	8.624494e-09	4.854590e+01	5.667736e+02
1.370000e-06	7.105420e-06	8.682683e-09	4.910674e+01	5.703707e+02
1.380000e-06	7.184022e-06	8.737593e-09	4.964997e+01	5.737953e+02
1.390000e-06	7.260043e-06	8.786599e-09	5.017537e+01	5.770541e+02
1.400000e-06	7.333258e-06	8.829905e-09	5.068137e+01	5.801520e+02
1.410000e-06	7.403784e-06	8.871787e-09	5.116878e+01	5.830906e+02
1.420000e-06	7.471799e-06	8.910399e-09	5.163885e+01	5.858694e+02
1.430000e-06	7.537120e-06	8.946190e-09	5.209030e+01	5.884866e+02
1.440000e-06	7.599787e-06	8.980393e-09	5.252339e+01	5.909415e+02
1.450000e-06	7.659965e-06	9.014718e-09	5.293930e+01	5.932357e+02
1.460000e-06	7.717467e-06	9.049439e-09	5.333670e+01	5.953743e+02
1.470000e-06	7.772164e-06	9.080618e-09	5.371472e+01	5.973645e+02
1.480000e-06	7.823827e-06	9.109084e-09	5.407177e+01	5.992152e+02
1.490000e-06	7.872227e-06	9.135288e-09	5.440627e+01	6.009342e+02
1.500000e-06	7.917673e-06	9.159344e-09	5.472036e+01	6.025269e+02
1.510000e-06	7.960364e-06	9.181749e-09	5.501540e+01	6.039952e+02
1.520000e-06	8.000191e-06	9.200821e-09	5.529066e+01	6.053381e+02
1.530000e-06	8.037238e-06	9.216468e-09	5.554669e+01	6.065527e+02
1.540000e-06	8.071536e-06	9.230225e-09	5.578373e+01	6.076368e+02
1.550000e-06	8.102916e-06	9.243986e-09	5.600061e+01	6.085909e+02
1.560000e-06	8.131445e-06	9.257876e-09	5.619777e+01	6.094196e+02
1.570000e-06	8.157045e-06	9.270781e-09	5.637470e+01	6.101319e+02
1.580000e-06	8.179590e-06	9.281802e-09	5.653051e+01	6.107394e+02
1.590000e-06	8.199258e-06	9.292473e-09	5.666644e+01	6.112548e+02
1.600000e-06	8.216009e-06	9.301784e-09	5.678221e+01	6.116878e+02
1.610000e-06	8.229706e-06	9.307346e-09	5.687687e+01	6.120434e+02
1.620000e-06	8.240165e-06	9.310101e-09	5.694916e+01	6.123202e+02
1.630000e-06	8.247497e-06	9.311296e-09	5.699983e+01	6.125109e+02
1.640000e-06	8.251998e-06	9.312515e-09	5.703093e+01	6.126036e+02
1.650000e-06	8.253527e-06	9.314734e-09	5.704150e+01	6.125859e+02
1.660000e-06	8.252136e-06	9.316653e-09	5.703189e+01	6.124476e+02
1.670000e-06	8.248084e-06	9.310147e-09	5.700388e+01	6.121839e+02
1.680000e-06	8.241238e-06	9.305059e-09	5.695657e+01	6.117975e+02
1.690000e-06	8.231603e-06	9.298500e-09	5.688998e+01	6.112978e+02
1.700000e-06	8.219145e-06	9.291205e-09	5.680388e+01	6.106995e+02
1.710000e-06	8.203823e-06	9.285960e-09	5.669799e+01	6.100196e+02
1.720000e-06	8.185960e-06	9.281253e-09	5.657454e+01	6.092740e+02
1.730000e-06	8.165676e-06	9.276326e-09	5.643435e+01	6.084748e+02
1.740000e-06	8.142615e-06	9.223783e-09	5.627497e+01	6.076284e+02
1.750000e-06	8.116118e-06	9.179783e-09	5.609184e+01	6.067353e+02
1.760000e-06	8.085761e-06	9.198263e-09	5.588205e+01	6.057914e+02
1.770000e-06	8.052118e-06	9.195923e-09	5.564953e+01	6.047898e+02
1.780000e-06	8.016103e-06	9.179657e-09	5.540062e+01	6.037226e+02
1.790000e-06	7.977741e-06	9.201072e-09	5.513550e+01	6.025826e+02
1.800000e-06	7.937196e-06	9.214107e-09	5.485528e+01	6.013634e+02
1.810000e-06	7.894591e-06	9.097290e-09	5.456084e+01	6.000593e+02
1.820000e-06	7.849181e-06	9.123944e-09	5.424700e+01	5.986639e+02
1.830000e-06	7.800915e-06	9.124042e-09	5.391343e+01	5.971693e+02
1.840000e-06	7.749803e-06	9.065055e-09	5.356018e+01	5.955649e+02
1.850000e-06	7.695485e-06	9.114489e-09	5.318478e+01	5.938385e+02
1.860000e-06	7.638296e-06	9.022235e-09	5.278954e+01	5.919776e+02
1.870000e-06	7.578339e-06	9.018681e-09	5.237516e+01	5.899714e+02
1.880000e-06	7.515645e-06	8.949158e-09	5.194188e+01	5.878140e+02
1.890000e-06	7.450236e-06	8.919118e-09	5.148983e+01	5.855052e+02
1.900000e-06	7.381971e-06	8.949461e-09	5.101803e+01	5.830518e+02
1.910000e-06	7.310806e-06	8.832929e-09	5.052620e+01	5.804661e+02
1.920000e-06	7.236684e-06	8.843253e-09	5.001393e+01	5.777634e+02
1.930000e-06	7.159757e-06	8.793925e-09	4.948228e+01	5.749584e+02
1.940000e-06	7.080012e-06	8.744874e-09	4.893115e+01	5.720616e+02
1.950000e-06	6.997645e-06	8.692833e-09	4.836189e+01	5.690769e+02
1.960000e-06	6.912750e-06	8.621313e-09	4.777517e+01	5.660006e+02
1.970000e-06	6.825125e-06	8.611317e-09	4.716958e+01	5.628224e+02
1.980000e-06	6.735021e-06	8.522818e-09	4.654685e+01	5.595279e+02
1.990000e-06	6.642557e-06	8.505192e-09	4.590782e+01	5.561023e+02
2.000000e-06	6.547747e-06	8.455801e-09	4.525257e+01	5.525342e+02
2.010000e-06	6.450658e-06	8.390925e-09	4.458157e+01	5.488179e+02
2.020000e-06	6.351381e-06	8.309654e-09	4.389545e+01	5.449548e+02
2.030000e-06	6.249825e-06	8.245371e-09	4.319358e+01	5.409519e+02
2.040000e-06	6.145859e-06	8.208732e-09	4.247506e+01	5.368197e+02
2.050000e-06	6.039749e-06	8.139982e-09	4.174172e+01	5.325686e+02
2.060000e-06	5.931658e-06	8.085928e-09	4.099468e+01	5.282061e+02
2.070000e-06	5.821530e-06	8.005642e-09	4.023356e+01	5.237341e+02
2.080000e-06	5.709217e-06	7.931716e-09	3.945735e+01	5.191486e+02
2.090000e-06	5.594688e-06	7.840360e-09	3.866582e+01	5.144407e+02
2.100000e-06	5.477982e-06	7.776336e-09	3.785925e+01	5.095990e+02
2.110000e-06	5.359193e-06	7.710585e-09	3.703828e+01	5.046119e+02
2.120000e-06	5.238422e-06	7.636752e-09	3.620361e+01	4.994707e+02
2.130000e-06	5.115853e-06	7.550586e-09	3.535651e+01	4.941700e+02
2.140000e-06	4.991486e-06	7.462271e-09	3.449699e+01	4.887081e+02
2.150000e-06	4.865261e-06	7.378785e-09	3.362463e+01	4.830850e+02
2.160000e-06	4.737254e-06	7.288905e-09	3.273995e+01	4.773007e+02
2.170000e-06	4.607555e-06	7.204622e-09	3.184358e+01	4.713526e+02
2.180000e-06	4.476216e-06	7.111355e-09	3.093588e+01	4.652348e+02
2.190000e-06	4.343163e-06	7.023308e-09	3.001633e+01	4.589374e+02
2.200000e-06	4.208494e-06	6.923916e-09	2.908561e+01	4.524483e+02
2.210000e-06	4.072213e-06	6.822463e-09	2.814374e+01	4.457553e+02
2.220000e-06	3.934373e-06	6.710072e-09	2.719111e+01	4.388484e+02
2.230000e-06	3.794976e-06	6.597434e-09	2.622771e+01	4.317212e+02
2.240000e-06	3.654052e-06	6.482302e-09	2.525376e+01	4.243715e+02
2.250000e-06	3.511748e-06	6.370629e-09	2.427028e+01	4.168002e+02
2.260000e-06	3.368132e-06	6.260911e-09	2.327772e+01	4.090083e+02
2.270000e-06	3.223248e-06	6.144753e-09	2.227640e+01	4.009946e+02
2.280000e-06	3.077222e-06	6.015803e-09	2.126720e+01	3.927532e+02
2.290000e-06	2.930111e-06	5.876999e-09	2.025049e+01	3.842719e+02
2.300000e-06	2.781861e-06	5.742153e-09	1.922590e+01	3.755336e+02
2.310000e-06	2.632609e-06	5.609624e-09	1.819440e+01	3.665174e+02
2.320000e-06	2.482473e-06	5.476948e-09	1.715679e+01	3.572031e+02
2.330000e-06	2.331553e-06	5.334294e-09	1.611375e+01	3.475732e+02
2.340000e-06	2.179847e-06	5.181170e-09	1.506529e+01	3.376160e+02
2.350000e-06	2.027331e-06	5.019670e-09	1.401122e+01	3.273250e+02
2.360000e-06	1.874136e-06	4.854081e-09	1.295247e+01	3.166977e+02
2.370000e-06	1.720357e-06	4.687842e-09	1.188967e+01	3.057318e+02
2.380000e-06	1.566055e-06	4.516290e-09	1.082327e+01	2.944208e+02
2.390000e-06	1.411339e-06	4.338157e-09	9.753997e+00	2.827513e+02
2.400000e-06	1.256172e-06	4.155114e-09	8.681612e+00	2.707009e+02
2.410000e-06	1.100520e-06	3.966345e-09	7.605878e+00	2.582395e+02
2.420000e-06	9.444267e-07	3.770959e-09	6.527090e+00	2.453323e+02
2.430000e-06	7.879782e-07	3.566357e-09	5.445848e+00	2.319447e+02
2.440000e-06	6.312130e-07	3.353842e-09	4.362418e+00	2.180467e+02
2.450000e-06	4.741064e-07	3.133052e-09	3.276628e+00	2.036151e+02
2.460000e-06	3.167504e-07	2.903569e-09	2.189115e+00	1.886325e+02
2.470000e-06	1.592530e-07	2.667165e-09	1.100624e+00	1.730835e+02
2.480000e-06	1.712692e-09	2.421936e-09	1.183670e-02	1.569466e+02
2.490000e-06	-1.558708e-07	2.165059e-09	-1.077249e+00	1.401870e+02
2.500000e-06	-3.134409e-07	1.894755e-09	-2.166243e+00	1.227499e+02
2.510000e-06	-4.708819e-07	1.613094e-09	-3.254343e+00	1.045596e+02
2.520000e-06	-6.281292e-07	1.322437e-09	-4.341106e+00	8.552469e+01
2.530000e-06	-7.851780e-07	1.019467e-09	-5.426496e+00	6.555058e+01
2.540000e-06	-9.419550e-07	7.012487e-10	-6.510008e+00	4.455849e+01
2.550000e-06	-1.098293e-06	3.644702e-10	-7.590486e+00	2.250738e+01
2.560000e-06	-1.254096e-06	1.018929e-11	-8.667268e+00	-5.849330e-01
2.570000e-06	-1.409357e-06	-3.585932e-10	-9.740299e+00	-2.462623e+01
2.580000e-06	-1.564150e-06	-7.364938e-10	-1.081010e+01	-4.944368e+01
2.590000e-06	-1.718522e-06	-1.119600e-09	-1.187699e+01	-7.478949e+01
2.600000e-06	-1.872323e-06	-1.508545e-09	-1.293994e+01	-1.003582e+02
2.610000e-06	-2.025389e-06	-1.900228e-09	-1.399780e+01	-1.258138e+02
2.620000e-06	-2.177612e-06	-2.287115e-09	-1.504984e+01	-1.508216e+02
2.630000e-06	-2.328957e-06	-2.661698e-09	-1.609581e+01	-1.750808e+02
2.640000e-06	-2.479460e-06	-3.018936e-09	-1.713596e+01	-1.983507e+02
2.650000e-06	-2.629099e-06	-3.356643e-09	-1.817014e+01	-2.204680e+02
2.660000e-06	-2.777753e-06	-3.675544e-09	-1.919751e+01	-2.413513e+02
2.670000e-06	-2.925299e-06	-3.974581e-09	-2.021723e+01	-2.609949e+02
2.680000e-06	-3.071798e-06	-4.255058e-09	-2.122971e+01	-2.794520e+02
2.690000e-06	-3.217172e-06	-4.520422e-09	-2.223441e+01	-2.968129e+02
2.700000e-06	-3.361344e-06	-4.770688e-09	-2.323081e+01	-3.131834e+02
2.710000e-06	-3.504281e-06	-5.009637e-09	-2.421867e+01	-3.286647e+02
2.720000e-06	-3.645834e-06	-5.238619e-09	-2.519697e+01	-3.433421e+02
2.730000e-06	-3.785903e-06	-5.456297e-09	-2.616500e+01	-3.572791e+02
2.740000e-06	-3.924550e-06	-5.658948e-09	-2.712322e+01	-3.705199e+02
2.750000e-06	-4.061775e-06	-5.849169e-09	-2.807160e+01	-3.830959e+02
2.760000e-06	-4.197503e-06	-6.030986e-09	-2.900964e+01	-3.950335e+02
2.770000e-06	-4.331741e-06	-6.200307e-09	-2.993738e+01	-4.063618e+02
2.780000e-06	-4.464389e-06	-6.359727e-09	-3.085414e+01	-4.171160e+02
2.790000e-06	-4.595469e-06	-6.512869e-09	-3.176005e+01	-4.273374e+02
2.800000e-06	-4.725068e-06	-6.661368e-09	-3.265573e+01	-4.370700e+02
2.810000e-06	-4.853078e-06	-6.804692e-09	-3.354043e+01	-4.463550e+02
2.820000e-06	-4.979354e-06	-6.944155e-09	-3.441315e+01	-4.552258e+02
2.830000e-06	-5.103813e-06	-7.079373e-09	-3.527330e+01	-4.637045e+02
2.840000e-06	-5.226478e-06	-7.206972e-09	-3.612106e+01	-4.718016e+02
2.850000e-06	-5.347345e-06	-7.324658e-09	-3.695640e+01	-4.795193e+02
2.860000e-06	-5.466240e-06	-7.435251e-09	-3.777810e+01	-4.868567e+02
2.870000e-06	-5.582889e-06	-7.542074e-09	-3.858428e+01	-4.938158e+02
2.880000e-06	-5.697212e-06	-7.642847e-09	-3.937438e+01	-5.004066e+02
2.890000e-06	-5.809226e-06	-7.736106e-09	-4.014853e+01	-5.066498e+02
2.900000e-06	-5.918989e-06	-7.824423e-09	-4.090712e+01	-5.125767e+02
2.910000e-06	-6.026755e-06	-7.911904e-09	-4.165191e+01	-5.182253e+02
2.920000e-06	-6.132458e-06	-7.998413e-09	-4.238244e+01	-5.236358e+02
2.930000e-06	-6.235931e-06	-8.081814e-09	-4.309756e+01	-5.288440e+02
2.940000e-06	-6.337073e-06	-8.160357e-09	-4.379657e+01	-5.338773e+02
2.950000e-06	-6.435890e-06	-8.233385e-09	-4.447951e+01	-5.387514e+02
2.960000e-06	-6.532440e-06	-8.302592e-09	-4.514678e+01	-5.434710e+02
2.970000e-06	-6.626620e-06	-8.370704e-09	-4.579768e+01	-5.480320e+02
2.980000e-06	-6.718421e-06	-8.437956e-09	-4.643213e+01	-5.524256e+02
2.990000e-06	-6.807891e-06	-8.502799e-09	-4.705047e+01	-5.566422e+02
3.000000e-06	-6.894979e-06	-8.565049e-09	-4.765235e+01	-5.606756e+02
3.010000e-06	-6.979505e-06	-8.625524e-09	-4.823652e+01	-5.645242e+02
3.020000e-06	-7.061532e-06	-8.684799e-09	-4.880342e+01	-5.681912e+02
3.030000e-06	-7.141175e-06	-8.741835e-09	-4.935385e+01	-5.716828e+02
3.040000e-06	-7.218092e-06	-8.794656e-09	-4.988544e+01	-5.750061e+02
3.050000e-06	-7.292160e-06	-8.842990e-09	-5.039734e+01	-5.781670e+02
3.060000e-06	-7.363609e-06	-8.888244e-09	-5.089113e+01	-5.811682e+02
3.070000e-06	-7.432435e-06	-8.930499e-09	-5.136680e+01	-5.840101e+02
3.080000e-06	-7.498642e-06	-8.971951e-09	-5.182437e+01	-5.866910e+02
3.090000e-06	-7.562234e-06	-9.012920e-09	-5.226386e+01	-5.892097e+02
3.100000e-06	-7.623101e-06	-9.050963e-09	-5.268452e+01	-5.915668e+02
3.110000e-06	-7.681229e-06	-9.086238e-09	-5.308625e+01	-5.937658e+02
3.120000e-06	-7.736576e-06	-9.119620e-09	-5.346876e+01	-5.958134e+02
3.130000e-06	-7.788914e-06	-9.151003e-09	-5.383048e+01	-5.977180e+02
3.140000e-06	-7.838101e-06	-9.178146e-09	-5.417042e+01	-5.994880e+02
3.150000e-06	-7.884322e-06	-9.202151e-09	-5.448987e+01	-6.011300e+02
3.160000e-06	-7.927914e-06	-9.226403e-09	-5.479114e+01	-6.026473e+02
3.170000e-06	-7.968833e-06	-9.248899e-09	-5.507394e+01	-6.040398e+02
3.180000e-06	-8.006863e-06	-9.268031e-09	-5.533676e+01	-6.053052e+02
3.190000e-06	-8.042082e-06	-9.282523e-09	-5.558017e+01	-6.064408e+02
3.200000e-06	-8.074563e-06	-9.296354e-09	-5.580465e+01	-6.074458e+02
3.210000e-06	-8.104091e-06	-9.310074e-09	-5.600872e+01	-6.083231e+02
3.220000e-06	-8.130687e-06	-9.323923e-09	-5.619253e+01	-6.090798e+02
3.230000e-06	-8.154469e-06	-9.336513e-09	-5.635690e+01	-6.097271e+02
3.240000e-06	-8.175282e-06	-9.345116e-09	-5.650074e+01	-6.102774e+02
3.250000e-06	-8.193173e-06	-9.350205e-09	-5.662438e+01	-6.107419e+02
3.260000e-06	-8.208003e-06	-9.353612e-09	-5.672688e+01	-6.111279e+02
3.270000e-06	-8.219597e-06	-9.357132e-09	-5.680700e+01	-6.114363e+02
3.280000e-06	-8.228157e-06	-9.357817e-09	-5.686616e+01	-6.116621e+02
3.290000e-06	-8.233768e-06	-9.357413e-09	-5.690495e+01	-6.117950e+02
3.300000e-06	-8.236496e-06	-9.357155e-09	-5.692380e+01	-6.118222e+02
