# Temperatura_=_53.08
# Concentracion g/m^3_=_15000.0
# C_Vs_to_Am_M_A/Vsm_=_65563218390.804596
# pendiente_HvsI_1/m_=_3716.3
# ordenada_HvsI_A/m_=_1297.0
# frecuencia_Hz_=_302318.18694169103

Tiempo_(s)	Campo_(V.s)	Magnetizacion_(V.s)	Campo_(kA/m)	Magnetizacion_(A/m)
0.000000e+00	-8.218892e-06	-7.200366e-09	-5.692497e+01	-4.701025e+02
1.000000e-08	-8.215805e-06	-7.200787e-09	-5.690358e+01	-4.699647e+02
2.000000e-08	-8.210028e-06	-7.195808e-09	-5.686357e+01	-4.697402e+02
3.000000e-08	-8.201626e-06	-7.187270e-09	-5.680538e+01	-4.694284e+02
4.000000e-08	-8.190336e-06	-7.179549e-09	-5.672718e+01	-4.690339e+02
5.000000e-08	-8.176062e-06	-7.171288e-09	-5.662832e+01	-4.685661e+02
6.000000e-08	-8.158955e-06	-7.161197e-09	-5.650983e+01	-4.680387e+02
7.000000e-08	-8.139385e-06	-7.146875e-09	-5.637429e+01	-4.674675e+02
8.000000e-08	-8.117418e-06	-7.140839e-09	-5.622214e+01	-4.668675e+02
9.000000e-08	-8.092499e-06	-7.170127e-09	-5.604955e+01	-4.662501e+02
1.000000e-07	-8.064273e-06	-7.176483e-09	-5.585406e+01	-4.656208e+02
1.100000e-07	-8.032880e-06	-7.140736e-09	-5.563663e+01	-4.649772e+02
1.200000e-07	-7.998508e-06	-7.107218e-09	-5.539856e+01	-4.643092e+02
1.300000e-07	-7.961401e-06	-7.077211e-09	-5.514156e+01	-4.636001e+02
1.400000e-07	-7.921916e-06	-7.036570e-09	-5.486807e+01	-4.628291e+02
1.500000e-07	-7.880087e-06	-7.004878e-09	-5.457836e+01	-4.619747e+02
1.600000e-07	-7.835761e-06	-7.066463e-09	-5.427136e+01	-4.610181e+02
1.700000e-07	-7.788652e-06	-7.055727e-09	-5.394507e+01	-4.599466e+02
1.800000e-07	-7.738587e-06	-6.987883e-09	-5.359832e+01	-4.587552e+02
1.900000e-07	-7.685559e-06	-7.007173e-09	-5.323104e+01	-4.574470e+02
2.000000e-07	-7.629650e-06	-6.955552e-09	-5.284381e+01	-4.560321e+02
2.100000e-07	-7.570995e-06	-6.908621e-09	-5.243756e+01	-4.545250e+02
2.200000e-07	-7.509620e-06	-6.898671e-09	-5.201247e+01	-4.529414e+02
2.300000e-07	-7.445561e-06	-6.888721e-09	-5.156879e+01	-4.512947e+02
2.400000e-07	-7.378655e-06	-6.866514e-09	-5.110539e+01	-4.495931e+02
2.500000e-07	-7.308885e-06	-6.810761e-09	-5.062215e+01	-4.478382e+02
2.600000e-07	-7.236270e-06	-6.812409e-09	-5.011922e+01	-4.460247e+02
2.700000e-07	-7.160706e-06	-6.800710e-09	-4.959585e+01	-4.441419e+02
2.800000e-07	-7.082282e-06	-6.743811e-09	-4.905268e+01	-4.421763e+02
2.900000e-07	-7.001154e-06	-6.697277e-09	-4.849078e+01	-4.401144e+02
3.000000e-07	-6.917570e-06	-6.685840e-09	-4.791187e+01	-4.379461e+02
3.100000e-07	-6.831597e-06	-6.661709e-09	-4.731641e+01	-4.356662e+02
3.200000e-07	-6.743102e-06	-6.603081e-09	-4.670348e+01	-4.332757e+02
3.300000e-07	-6.652160e-06	-6.573387e-09	-4.607360e+01	-4.307811e+02
3.400000e-07	-6.558902e-06	-6.529167e-09	-4.542769e+01	-4.281924e+02
3.500000e-07	-6.463244e-06	-6.467773e-09	-4.476515e+01	-4.255201e+02
3.600000e-07	-6.365184e-06	-6.427866e-09	-4.408598e+01	-4.227733e+02
3.700000e-07	-6.264853e-06	-6.405126e-09	-4.339107e+01	-4.199566e+02
3.800000e-07	-6.162271e-06	-6.371850e-09	-4.268058e+01	-4.170694e+02
3.900000e-07	-6.057408e-06	-6.312344e-09	-4.195429e+01	-4.141059e+02
4.000000e-07	-5.950415e-06	-6.256292e-09	-4.121324e+01	-4.110564e+02
4.100000e-07	-5.841415e-06	-6.201155e-09	-4.045830e+01	-4.079096e+02
4.200000e-07	-5.730339e-06	-6.152066e-09	-3.968897e+01	-4.046554e+02
4.300000e-07	-5.617090e-06	-6.106222e-09	-3.890459e+01	-4.012863e+02
4.400000e-07	-5.501690e-06	-6.060968e-09	-3.810532e+01	-3.977991e+02
4.500000e-07	-5.384167e-06	-6.008920e-09	-3.729135e+01	-3.941945e+02
4.600000e-07	-5.264646e-06	-5.950411e-09	-3.646352e+01	-3.904762e+02
4.700000e-07	-5.143274e-06	-5.889510e-09	-3.562289e+01	-3.866485e+02
4.800000e-07	-5.020043e-06	-5.827475e-09	-3.476938e+01	-3.827139e+02
4.900000e-07	-4.895034e-06	-5.768304e-09	-3.390355e+01	-3.786716e+02
5.000000e-07	-4.768331e-06	-5.701281e-09	-3.302599e+01	-3.745162e+02
5.100000e-07	-4.639855e-06	-5.629223e-09	-3.213615e+01	-3.702381e+02
5.200000e-07	-4.509588e-06	-5.561780e-09	-3.123391e+01	-3.658245e+02
5.300000e-07	-4.377670e-06	-5.499280e-09	-3.032023e+01	-3.612620e+02
5.400000e-07	-4.244152e-06	-5.425702e-09	-2.939547e+01	-3.565387e+02
5.500000e-07	-4.109025e-06	-5.340161e-09	-2.845957e+01	-3.516458e+02
5.600000e-07	-3.972271e-06	-5.260147e-09	-2.751239e+01	-3.465790e+02
5.700000e-07	-3.833927e-06	-5.187373e-09	-2.655421e+01	-3.413380e+02
5.800000e-07	-3.694043e-06	-5.107233e-09	-2.558536e+01	-3.359246e+02
5.900000e-07	-3.552609e-06	-5.022390e-09	-2.460577e+01	-3.303413e+02
6.000000e-07	-3.409776e-06	-4.939282e-09	-2.361649e+01	-3.245881e+02
6.100000e-07	-3.265695e-06	-4.847063e-09	-2.261857e+01	-3.186615e+02
6.200000e-07	-3.120370e-06	-4.744321e-09	-2.161203e+01	-3.125533e+02
6.300000e-07	-2.973855e-06	-4.644506e-09	-2.059725e+01	-3.062512e+02
6.400000e-07	-2.826290e-06	-4.551101e-09	-1.957520e+01	-2.997409e+02
6.500000e-07	-2.677848e-06	-4.450774e-09	-1.854708e+01	-2.930076e+02
6.600000e-07	-2.528535e-06	-4.339292e-09	-1.751292e+01	-2.860389e+02
6.700000e-07	-2.378352e-06	-4.225964e-09	-1.647273e+01	-2.788254e+02
6.800000e-07	-2.227344e-06	-4.114900e-09	-1.542684e+01	-2.713616e+02
6.900000e-07	-2.075547e-06	-3.999284e-09	-1.437547e+01	-2.636436e+02
7.000000e-07	-1.922999e-06	-3.877118e-09	-1.331890e+01	-2.556674e+02
7.100000e-07	-1.769764e-06	-3.751803e-09	-1.225759e+01	-2.474258e+02
7.200000e-07	-1.615901e-06	-3.619742e-09	-1.119191e+01	-2.389061e+02
7.300000e-07	-1.461467e-06	-3.482310e-09	-1.012228e+01	-2.300890e+02
7.400000e-07	-1.306553e-06	-3.339659e-09	-9.049334e+00	-2.209493e+02
7.500000e-07	-1.151236e-06	-3.192110e-09	-7.973592e+00	-2.114582e+02
7.600000e-07	-9.955668e-07	-3.041233e-09	-6.895407e+00	-2.015871e+02
7.700000e-07	-8.395572e-07	-2.885853e-09	-5.814867e+00	-1.913111e+02
7.800000e-07	-6.832304e-07	-2.724920e-09	-4.732130e+00	-1.806123e+02
7.900000e-07	-5.266280e-07	-2.556231e-09	-3.647484e+00	-1.694804e+02
8.000000e-07	-3.698082e-07	-2.379547e-09	-2.561333e+00	-1.579112e+02
8.100000e-07	-2.128240e-07	-2.194632e-09	-1.474043e+00	-1.459019e+02
8.200000e-07	-5.574265e-08	-2.003890e-09	-3.860798e-01	-1.334456e+02
8.300000e-07	1.013915e-07	-1.807911e-09	7.022492e-01	-1.205250e+02
8.400000e-07	2.585314e-07	-1.605581e-09	1.790618e+00	-1.071074e+02
8.500000e-07	4.155997e-07	-1.392888e-09	2.878490e+00	-9.314386e+01
8.600000e-07	5.725239e-07	-1.169672e-09	3.965365e+00	-7.857221e+01
8.700000e-07	7.292948e-07	-9.370832e-10	5.051177e+00	-6.332510e+01
8.800000e-07	8.858241e-07	-6.950236e-10	6.135317e+00	-4.734226e+01
8.900000e-07	1.042026e-06	-4.419473e-10	7.217187e+00	-3.058503e+01
9.000000e-07	1.197872e-06	-1.770313e-10	8.296598e+00	-1.305069e+01
9.100000e-07	1.353327e-06	9.463504e-11	9.373293e+00	5.216046e+00
9.200000e-07	1.508299e-06	3.775678e-10	1.044665e+01	2.411697e+01
9.300000e-07	1.662677e-06	6.763714e-10	1.151589e+01	4.350122e+01
9.400000e-07	1.816443e-06	9.848029e-10	1.258089e+01	6.317353e+01
9.500000e-07	1.969573e-06	1.292358e-09	1.364148e+01	8.290895e+01
9.600000e-07	2.121984e-06	1.590983e-09	1.469710e+01	1.024718e+02
9.700000e-07	2.273520e-06	1.879148e-09	1.574665e+01	1.216364e+02
9.800000e-07	2.424139e-06	2.156263e-09	1.678986e+01	1.402054e+02
9.900000e-07	2.573849e-06	2.421346e-09	1.782677e+01	1.580248e+02
1.000000e-06	2.722594e-06	2.675383e-09	1.885699e+01	1.749915e+02
1.010000e-06	2.870299e-06	2.917734e-09	1.988001e+01	1.910547e+02
1.020000e-06	3.016933e-06	3.146934e-09	2.089561e+01	2.062102e+02
1.030000e-06	3.162499e-06	3.363516e-09	2.190382e+01	2.204900e+02
1.040000e-06	3.306891e-06	3.569312e-09	2.290390e+01	2.339497e+02
1.050000e-06	3.450009e-06	3.764160e-09	2.389514e+01	2.466551e+02
1.060000e-06	3.591818e-06	3.947104e-09	2.487733e+01	2.586713e+02
1.070000e-06	3.732239e-06	4.119277e-09	2.584990e+01	2.700550e+02
1.080000e-06	3.871203e-06	4.284668e-09	2.681239e+01	2.808507e+02
1.090000e-06	4.008793e-06	4.442588e-09	2.776535e+01	2.910911e+02
1.100000e-06	4.144914e-06	4.588716e-09	2.870814e+01	3.007993e+02
1.110000e-06	4.279443e-06	4.725736e-09	2.963990e+01	3.099936e+02
1.120000e-06	4.412423e-06	4.858765e-09	3.056093e+01	3.186911e+02
1.130000e-06	4.543818e-06	4.987720e-09	3.147099e+01	3.269109e+02
1.140000e-06	4.673641e-06	5.108847e-09	3.237016e+01	3.346761e+02
1.150000e-06	4.801850e-06	5.219422e-09	3.325815e+01	3.420135e+02
1.160000e-06	4.928381e-06	5.322386e-09	3.413452e+01	3.489525e+02
1.170000e-06	5.053263e-06	5.420727e-09	3.499946e+01	3.555234e+02
1.180000e-06	5.176388e-06	5.514063e-09	3.585224e+01	3.617555e+02
1.190000e-06	5.297674e-06	5.602996e-09	3.669228e+01	3.676764e+02
1.200000e-06	5.417041e-06	5.688354e-09	3.751903e+01	3.733113e+02
1.210000e-06	5.534364e-06	5.770508e-09	3.833162e+01	3.786836e+02
1.220000e-06	5.649551e-06	5.850115e-09	3.912942e+01	3.838148e+02
1.230000e-06	5.762539e-06	5.926833e-09	3.991199e+01	3.887257e+02
1.240000e-06	5.873403e-06	5.999222e-09	4.067985e+01	3.934363e+02
1.250000e-06	5.982207e-06	6.066674e-09	4.143343e+01	3.979648e+02
1.260000e-06	6.088864e-06	6.130298e-09	4.217215e+01	4.023274e+02
1.270000e-06	6.193239e-06	6.194059e-09	4.289507e+01	4.065364e+02
1.280000e-06	6.295328e-06	6.257774e-09	4.360215e+01	4.105997e+02
1.290000e-06	6.395098e-06	6.318081e-09	4.429316e+01	4.145202e+02
1.300000e-06	6.492484e-06	6.374999e-09	4.496767e+01	4.182959e+02
1.310000e-06	6.587455e-06	6.428900e-09	4.562545e+01	4.219216e+02
1.320000e-06	6.680078e-06	6.478925e-09	4.626697e+01	4.253904e+02
1.330000e-06	6.770348e-06	6.525078e-09	4.689218e+01	4.286959e+02
1.340000e-06	6.858151e-06	6.569344e-09	4.750032e+01	4.318341e+02
1.350000e-06	6.943595e-06	6.612236e-09	4.809212e+01	4.348045e+02
1.360000e-06	7.026651e-06	6.654064e-09	4.866737e+01	4.376106e+02
1.370000e-06	7.107176e-06	6.695340e-09	4.922509e+01	4.402596e+02
1.380000e-06	7.185137e-06	6.734332e-09	4.976506e+01	4.427610e+02
1.390000e-06	7.260425e-06	6.769779e-09	5.028652e+01	4.451251e+02
1.400000e-06	7.332943e-06	6.801112e-09	5.078878e+01	4.473613e+02
1.410000e-06	7.402796e-06	6.830721e-09	5.127259e+01	4.494771e+02
1.420000e-06	7.470040e-06	6.859835e-09	5.173833e+01	4.514776e+02
1.430000e-06	7.534625e-06	6.887060e-09	5.218566e+01	4.533657e+02
1.440000e-06	7.596655e-06	6.911518e-09	5.261528e+01	4.551427e+02
1.450000e-06	7.656123e-06	6.934454e-09	5.302717e+01	4.568090e+02
1.460000e-06	7.712873e-06	6.956949e-09	5.342022e+01	4.583656e+02
1.470000e-06	7.766791e-06	6.978528e-09	5.379367e+01	4.598143e+02
1.480000e-06	7.817608e-06	6.998543e-09	5.414563e+01	4.611580e+02
1.490000e-06	7.865270e-06	7.016665e-09	5.447574e+01	4.624003e+02
1.500000e-06	7.910125e-06	7.035019e-09	5.478641e+01	4.635452e+02
1.510000e-06	7.952240e-06	7.052686e-09	5.507810e+01	4.645962e+02
1.520000e-06	7.991436e-06	7.067326e-09	5.534958e+01	4.655562e+02
1.530000e-06	8.027826e-06	7.079785e-09	5.560162e+01	4.664269e+02
1.540000e-06	8.061432e-06	7.090464e-09	5.583438e+01	4.672096e+02
1.550000e-06	8.092135e-06	7.100132e-09	5.604703e+01	4.679055e+02
1.560000e-06	8.119975e-06	7.108257e-09	5.623985e+01	4.685163e+02
1.570000e-06	8.144853e-06	7.115729e-09	5.641217e+01	4.690449e+02
1.580000e-06	8.166780e-06	7.124545e-09	5.656403e+01	4.694954e+02
1.590000e-06	8.185828e-06	7.134003e-09	5.669596e+01	4.698726e+02
1.600000e-06	8.201857e-06	7.141726e-09	5.680698e+01	4.701815e+02
1.610000e-06	8.214778e-06	7.146226e-09	5.689647e+01	4.704258e+02
1.620000e-06	8.224476e-06	7.149506e-09	5.696364e+01	4.706071e+02
1.630000e-06	8.231057e-06	7.151467e-09	5.700922e+01	4.707244e+02
1.640000e-06	8.234831e-06	7.152380e-09	5.703536e+01	4.707738e+02
1.650000e-06	8.235717e-06	7.153770e-09	5.704150e+01	4.707495e+02
1.660000e-06	8.233732e-06	7.150678e-09	5.702775e+01	4.706448e+02
1.670000e-06	8.229038e-06	7.145914e-09	5.699524e+01	4.704546e+02
1.680000e-06	8.221589e-06	7.143077e-09	5.694364e+01	4.701767e+02
1.690000e-06	8.211410e-06	7.138439e-09	5.687315e+01	4.698137e+02
1.700000e-06	8.198351e-06	7.134718e-09	5.678270e+01	4.693732e+02
1.710000e-06	8.182444e-06	7.134113e-09	5.667252e+01	4.688674e+02
1.720000e-06	8.164069e-06	7.137279e-09	5.654526e+01	4.683114e+02
1.730000e-06	8.143285e-06	7.119662e-09	5.640130e+01	4.677210e+02
1.740000e-06	8.119584e-06	7.066044e-09	5.623714e+01	4.671093e+02
1.750000e-06	8.092295e-06	7.054328e-09	5.604814e+01	4.664844e+02
1.760000e-06	8.061218e-06	7.065044e-09	5.583289e+01	4.658471e+02
1.770000e-06	8.027055e-06	7.054847e-09	5.559628e+01	4.651904e+02
1.780000e-06	7.990559e-06	7.066170e-09	5.534351e+01	4.644997e+02
1.790000e-06	7.951723e-06	7.115334e-09	5.507452e+01	4.637555e+02
1.800000e-06	7.910809e-06	7.073631e-09	5.479114e+01	4.629362e+02
1.810000e-06	7.867743e-06	7.017065e-09	5.449287e+01	4.620216e+02
1.820000e-06	7.821804e-06	7.045724e-09	5.417469e+01	4.609962e+02
1.830000e-06	7.773059e-06	6.991828e-09	5.383707e+01	4.598519e+02
1.840000e-06	7.721329e-06	7.008139e-09	5.347879e+01	4.585886e+02
1.850000e-06	7.666455e-06	6.999628e-09	5.309872e+01	4.572140e+02
1.860000e-06	7.608877e-06	6.965642e-09	5.269993e+01	4.557411e+02
1.870000e-06	7.548518e-06	6.967053e-09	5.228188e+01	4.541857e+02
1.880000e-06	7.485379e-06	6.877093e-09	5.184457e+01	4.525624e+02
1.890000e-06	7.419391e-06	6.894525e-09	5.138753e+01	4.508817e+02
1.900000e-06	7.350427e-06	6.875484e-09	5.090988e+01	4.491480e+02
1.910000e-06	7.278593e-06	6.811964e-09	5.041235e+01	4.473584e+02
1.920000e-06	7.203939e-06	6.812172e-09	4.989529e+01	4.455043e+02
1.930000e-06	7.126539e-06	6.788885e-09	4.935921e+01	4.435728e+02
1.940000e-06	7.046401e-06	6.767273e-09	4.880416e+01	4.415501e+02
1.950000e-06	6.963695e-06	6.700789e-09	4.823133e+01	4.394245e+02
1.960000e-06	6.878390e-06	6.671208e-09	4.764050e+01	4.371885e+02
1.970000e-06	6.790393e-06	6.632138e-09	4.703102e+01	4.348409e+02
1.980000e-06	6.699963e-06	6.579350e-09	4.640469e+01	4.323861e+02
1.990000e-06	6.607237e-06	6.574056e-09	4.576246e+01	4.298330e+02
2.000000e-06	6.512239e-06	6.548542e-09	4.510450e+01	4.271922e+02
2.010000e-06	6.414908e-06	6.510456e-09	4.443037e+01	4.244738e+02
2.020000e-06	6.315298e-06	6.437740e-09	4.374046e+01	4.216843e+02
2.030000e-06	6.213344e-06	6.391547e-09	4.303431e+01	4.188251e+02
2.040000e-06	6.109059e-06	6.355399e-09	4.231203e+01	4.158925e+02
2.050000e-06	6.002702e-06	6.319320e-09	4.157539e+01	4.128779e+02
2.060000e-06	5.894321e-06	6.283218e-09	4.082473e+01	4.097707e+02
2.070000e-06	5.783856e-06	6.228228e-09	4.005964e+01	4.065596e+02
2.080000e-06	5.671254e-06	6.166242e-09	3.927974e+01	4.032362e+02
2.090000e-06	5.556518e-06	6.097438e-09	3.848506e+01	3.997954e+02
2.100000e-06	5.439647e-06	6.046718e-09	3.767560e+01	3.962366e+02
2.110000e-06	5.320746e-06	6.002172e-09	3.685208e+01	3.925624e+02
2.120000e-06	5.199924e-06	5.953742e-09	3.601525e+01	3.887771e+02
2.130000e-06	5.077252e-06	5.888618e-09	3.516562e+01	3.848842e+02
2.140000e-06	4.952708e-06	5.826160e-09	3.430301e+01	3.808845e+02
2.150000e-06	4.826320e-06	5.763655e-09	3.342763e+01	3.767745e+02
2.160000e-06	4.698211e-06	5.700567e-09	3.254034e+01	3.725459e+02
2.170000e-06	4.568437e-06	5.632517e-09	3.164150e+01	3.681870e+02
2.180000e-06	4.436991e-06	5.558411e-09	3.073110e+01	3.636846e+02
2.190000e-06	4.303865e-06	5.491878e-09	2.980905e+01	3.590256e+02
2.200000e-06	4.169137e-06	5.423113e-09	2.887591e+01	3.541999e+02
2.210000e-06	4.032855e-06	5.351539e-09	2.793201e+01	3.492017e+02
2.220000e-06	3.895033e-06	5.274737e-09	2.697744e+01	3.440288e+02
2.230000e-06	3.755653e-06	5.191077e-09	2.601207e+01	3.386828e+02
2.240000e-06	3.614788e-06	5.095791e-09	2.503642e+01	3.331660e+02
2.250000e-06	3.472467e-06	5.003907e-09	2.405069e+01	3.274796e+02
2.260000e-06	3.328816e-06	4.922483e-09	2.305575e+01	3.216218e+02
2.270000e-06	3.183950e-06	4.842356e-09	2.205240e+01	3.155861e+02
2.280000e-06	3.037914e-06	4.747292e-09	2.104093e+01	3.093618e+02
2.290000e-06	2.890790e-06	4.638861e-09	2.002193e+01	3.029350e+02
2.300000e-06	2.742630e-06	4.533318e-09	1.899577e+01	2.962908e+02
2.310000e-06	2.593493e-06	4.433054e-09	1.796282e+01	2.894158e+02
2.320000e-06	2.443483e-06	4.331697e-09	1.692384e+01	2.822993e+02
2.330000e-06	2.292689e-06	4.224125e-09	1.587942e+01	2.749343e+02
2.340000e-06	2.141089e-06	4.108170e-09	1.482943e+01	2.673164e+02
2.350000e-06	1.988801e-06	3.983799e-09	1.377466e+01	2.594422e+02
2.360000e-06	1.835884e-06	3.857058e-09	1.271554e+01	2.513059e+02
2.370000e-06	1.682345e-06	3.731255e-09	1.165211e+01	2.428973e+02
2.380000e-06	1.528261e-06	3.603413e-09	1.058491e+01	2.341997e+02
2.390000e-06	1.373637e-06	3.467404e-09	9.513966e+00	2.251900e+02
2.400000e-06	1.218530e-06	3.323163e-09	8.439676e+00	2.158404e+02
2.410000e-06	1.063044e-06	3.176652e-09	7.362759e+00	2.061217e+02
2.420000e-06	9.071970e-07	3.026697e-09	6.283348e+00	1.960073e+02
2.430000e-06	7.510140e-07	2.866054e-09	5.201607e+00	1.854761e+02
2.440000e-06	5.946033e-07	2.695968e-09	4.118289e+00	1.745151e+02
2.450000e-06	4.379740e-07	2.519263e-09	3.033457e+00	1.631179e+02
2.460000e-06	2.811417e-07	2.339902e-09	1.947219e+00	1.512818e+02
2.470000e-06	1.241510e-07	2.156265e-09	8.598841e-01	1.390025e+02
2.480000e-06	-3.299360e-08	1.965438e-09	-2.285174e-01	1.262671e+02
2.490000e-06	-1.901651e-07	1.765920e-09	-1.317105e+00	1.130497e+02
2.500000e-06	-3.472003e-07	1.552913e-09	-2.404748e+00	9.930733e+01
2.510000e-06	-5.041103e-07	1.328740e-09	-3.491524e+00	8.498248e+01
2.520000e-06	-6.609063e-07	1.095820e-09	-4.577511e+00	7.000853e+01
2.530000e-06	-8.174639e-07	8.544724e-10	-5.661846e+00	5.432079e+01
2.540000e-06	-9.737247e-07	6.032684e-10	-6.744126e+00	3.787032e+01
2.550000e-06	-1.129630e-06	3.391363e-10	-7.823941e+00	2.063869e+01
2.560000e-06	-1.285081e-06	6.346435e-11	-8.900614e+00	2.650911e+00
2.570000e-06	-1.440040e-06	-2.216809e-10	-9.973876e+00	-1.601613e+01
2.580000e-06	-1.594494e-06	-5.128355e-10	-1.104364e+01	-3.523168e+01
2.590000e-06	-1.748423e-06	-8.079354e-10	-1.210978e+01	-5.481648e+01
2.600000e-06	-1.901722e-06	-1.108553e-09	-1.317154e+01	-7.455515e+01
2.610000e-06	-2.054266e-06	-1.412999e-09	-1.422807e+01	-9.421382e+01
2.620000e-06	-2.205946e-06	-1.715169e-09	-1.527863e+01	-1.135604e+02
2.630000e-06	-2.356750e-06	-2.006854e-09	-1.632311e+01	-1.323845e+02
2.640000e-06	-2.506772e-06	-2.285414e-09	-1.736218e+01	-1.505137e+02
2.650000e-06	-2.655914e-06	-2.550081e-09	-1.839516e+01	-1.678244e+02
2.660000e-06	-2.803993e-06	-2.800353e-09	-1.942077e+01	-1.842455e+02
2.670000e-06	-2.950987e-06	-3.037188e-09	-2.043887e+01	-1.997556e+02
2.680000e-06	-3.096953e-06	-3.261820e-09	-2.144984e+01	-2.143738e+02
2.690000e-06	-3.241763e-06	-3.474647e-09	-2.245282e+01	-2.281482e+02
2.700000e-06	-3.385292e-06	-3.675564e-09	-2.344691e+01	-2.411420e+02
2.710000e-06	-3.527563e-06	-3.866420e-09	-2.443230e+01	-2.534217e+02
2.720000e-06	-3.668446e-06	-4.047333e-09	-2.540807e+01	-2.650480e+02
2.730000e-06	-3.807836e-06	-4.216559e-09	-2.637350e+01	-2.760702e+02
2.740000e-06	-3.945823e-06	-4.373149e-09	-2.732921e+01	-2.865257e+02
2.750000e-06	-4.082383e-06	-4.521914e-09	-2.827504e+01	-2.964407e+02
2.760000e-06	-4.217460e-06	-4.665157e-09	-2.921060e+01	-3.058350e+02
2.770000e-06	-4.351116e-06	-4.800752e-09	-3.013631e+01	-3.147256e+02
2.780000e-06	-4.483197e-06	-4.928081e-09	-3.105112e+01	-3.231306e+02
2.790000e-06	-4.613726e-06	-5.049165e-09	-3.195518e+01	-3.310715e+02
2.800000e-06	-4.742752e-06	-5.165350e-09	-3.284883e+01	-3.385737e+02
2.810000e-06	-4.870065e-06	-5.275519e-09	-3.373062e+01	-3.456657e+02
2.820000e-06	-4.995685e-06	-5.380945e-09	-3.460067e+01	-3.523776e+02
2.830000e-06	-5.119573e-06	-5.481803e-09	-3.545873e+01	-3.587395e+02
2.840000e-06	-5.241674e-06	-5.576434e-09	-3.630442e+01	-3.647796e+02
2.850000e-06	-5.361866e-06	-5.663346e-09	-3.713689e+01	-3.705241e+02
2.860000e-06	-5.480004e-06	-5.744060e-09	-3.795512e+01	-3.759969e+02
2.870000e-06	-5.595959e-06	-5.822642e-09	-3.875824e+01	-3.812204e+02
2.880000e-06	-5.709597e-06	-5.899060e-09	-3.954531e+01	-3.862155e+02
2.890000e-06	-5.820961e-06	-5.970008e-09	-4.031663e+01	-3.910026e+02
2.900000e-06	-5.930193e-06	-6.038486e-09	-4.107318e+01	-3.956007e+02
2.910000e-06	-6.037437e-06	-6.107429e-09	-4.181597e+01	-4.000268e+02
2.920000e-06	-6.142501e-06	-6.175066e-09	-4.254365e+01	-4.042950e+02
2.930000e-06	-6.245208e-06	-6.239733e-09	-4.325501e+01	-4.084151e+02
2.940000e-06	-6.345551e-06	-6.302019e-09	-4.395000e+01	-4.123917e+02
2.950000e-06	-6.443639e-06	-6.361833e-09	-4.462937e+01	-4.162248e+02
2.960000e-06	-6.539497e-06	-6.417853e-09	-4.529329e+01	-4.199103e+02
2.970000e-06	-6.632925e-06	-6.471662e-09	-4.594038e+01	-4.234417e+02
2.980000e-06	-6.724024e-06	-6.524506e-09	-4.657134e+01	-4.268121e+02
2.990000e-06	-6.812853e-06	-6.574333e-09	-4.718658e+01	-4.300164e+02
3.000000e-06	-6.899221e-06	-6.621097e-09	-4.778478e+01	-4.330525e+02
3.010000e-06	-6.983055e-06	-6.666238e-09	-4.836542e+01	-4.359226e+02
3.020000e-06	-7.064444e-06	-6.710835e-09	-4.892913e+01	-4.386324e+02
3.030000e-06	-7.143293e-06	-6.753573e-09	-4.947525e+01	-4.411907e+02
3.040000e-06	-7.219349e-06	-6.793193e-09	-5.000202e+01	-4.436076e+02
3.050000e-06	-7.292656e-06	-6.830525e-09	-5.050975e+01	-4.458930e+02
3.060000e-06	-7.363335e-06	-6.864603e-09	-5.099928e+01	-4.480554e+02
3.070000e-06	-7.431365e-06	-6.894152e-09	-5.147046e+01	-4.501009e+02
3.080000e-06	-7.496827e-06	-6.922566e-09	-5.192386e+01	-4.520330e+02
3.090000e-06	-7.559653e-06	-6.951294e-09	-5.235900e+01	-4.538537e+02
3.100000e-06	-7.619738e-06	-6.979707e-09	-5.277515e+01	-4.555634e+02
3.110000e-06	-7.677139e-06	-7.006605e-09	-5.317273e+01	-4.571631e+02
3.120000e-06	-7.731722e-06	-7.033068e-09	-5.355077e+01	-4.586540e+02
3.130000e-06	-7.783284e-06	-7.056572e-09	-5.390790e+01	-4.600386e+02
3.140000e-06	-7.831777e-06	-7.074443e-09	-5.424377e+01	-4.613203e+02
3.150000e-06	-7.877382e-06	-7.090357e-09	-5.455963e+01	-4.625031e+02
3.160000e-06	-7.920390e-06	-7.106633e-09	-5.485751e+01	-4.635907e+02
3.170000e-06	-7.960666e-06	-7.123413e-09	-5.513646e+01	-4.645863e+02
3.180000e-06	-7.998008e-06	-7.137467e-09	-5.539510e+01	-4.654920e+02
3.190000e-06	-8.032636e-06	-7.148948e-09	-5.563493e+01	-4.663092e+02
3.200000e-06	-8.064487e-06	-7.158678e-09	-5.585554e+01	-4.670391e+02
3.210000e-06	-8.093309e-06	-7.166834e-09	-5.605516e+01	-4.676831e+02
3.220000e-06	-8.119196e-06	-7.175670e-09	-5.623446e+01	-4.682437e+02
3.230000e-06	-8.142140e-06	-7.184932e-09	-5.639338e+01	-4.687244e+02
3.240000e-06	-8.162172e-06	-7.191318e-09	-5.653212e+01	-4.691299e+02
3.250000e-06	-8.179402e-06	-7.194410e-09	-5.665146e+01	-4.694652e+02
3.260000e-06	-8.193480e-06	-7.196957e-09	-5.674896e+01	-4.697346e+02
3.270000e-06	-8.204320e-06	-7.200297e-09	-5.682404e+01	-4.699407e+02
3.280000e-06	-8.212185e-06	-7.202179e-09	-5.687851e+01	-4.700835e+02
3.290000e-06	-8.217168e-06	-7.202474e-09	-5.691303e+01	-4.701603e+02
3.300000e-06	-8.219341e-06	-7.201335e-09	-5.692808e+01	-4.701658e+02
