# Temperatura_=_43.93
# Concentracion g/m^3_=_15000.0
# C_Vs_to_Am_M_A/Vsm_=_65563218390.804596
# pendiente_HvsI_1/m_=_3716.3
# ordenada_HvsI_A/m_=_1297.0
# frecuencia_Hz_=_301571.544533867

Tiempo_(s)	Campo_(V.s)	Magnetizacion_(V.s)	Campo_(kA/m)	Magnetizacion_(A/m)
0.000000e+00	-5.394412e-06	-5.129937e-09	-3.833875e+01	-3.342442e+02
1.000000e-08	-5.391409e-06	-5.127711e-09	-3.831741e+01	-3.340979e+02
2.000000e-08	-5.386619e-06	-5.123426e-09	-3.828337e+01	-3.339126e+02
3.000000e-08	-5.380208e-06	-5.117955e-09	-3.823781e+01	-3.336887e+02
4.000000e-08	-5.372230e-06	-5.111966e-09	-3.818110e+01	-3.334187e+02
5.000000e-08	-5.362407e-06	-5.104534e-09	-3.811129e+01	-3.330884e+02
6.000000e-08	-5.350548e-06	-5.099529e-09	-3.802701e+01	-3.326808e+02
7.000000e-08	-5.336719e-06	-5.103398e-09	-3.792872e+01	-3.321808e+02
8.000000e-08	-5.320767e-06	-5.087857e-09	-3.781535e+01	-3.315798e+02
9.000000e-08	-5.302598e-06	-5.078066e-09	-3.768622e+01	-3.308786e+02
1.000000e-07	-5.282374e-06	-5.088833e-09	-3.754249e+01	-3.300890e+02
1.100000e-07	-5.260281e-06	-5.061383e-09	-3.738547e+01	-3.292315e+02
1.200000e-07	-5.236561e-06	-5.041141e-09	-3.721689e+01	-3.283315e+02
1.300000e-07	-5.211357e-06	-5.038977e-09	-3.703776e+01	-3.274139e+02
1.400000e-07	-5.184484e-06	-4.942663e-09	-3.684677e+01	-3.264972e+02
1.500000e-07	-5.155973e-06	-4.982851e-09	-3.664414e+01	-3.255890e+02
1.600000e-07	-5.125970e-06	-5.025203e-09	-3.643091e+01	-3.246835e+02
1.700000e-07	-5.094286e-06	-4.927521e-09	-3.620572e+01	-3.237621e+02
1.800000e-07	-5.060522e-06	-4.960700e-09	-3.596576e+01	-3.227966e+02
1.900000e-07	-5.024923e-06	-4.922388e-09	-3.571275e+01	-3.217542e+02
2.000000e-07	-4.987835e-06	-4.842312e-09	-3.544916e+01	-3.206040e+02
2.100000e-07	-4.948985e-06	-4.909124e-09	-3.517305e+01	-3.193219e+02
2.200000e-07	-4.908289e-06	-4.884695e-09	-3.488382e+01	-3.178950e+02
2.300000e-07	-4.865667e-06	-4.816813e-09	-3.458090e+01	-3.163227e+02
2.400000e-07	-4.821121e-06	-4.796482e-09	-3.426431e+01	-3.146158e+02
2.500000e-07	-4.774833e-06	-4.734361e-09	-3.393533e+01	-3.127932e+02
2.600000e-07	-4.726642e-06	-4.749547e-09	-3.359283e+01	-3.108773e+02
2.700000e-07	-4.676375e-06	-4.722674e-09	-3.323558e+01	-3.088893e+02
2.800000e-07	-4.624044e-06	-4.672409e-09	-3.286365e+01	-3.068454e+02
2.900000e-07	-4.569854e-06	-4.648703e-09	-3.247852e+01	-3.047546e+02
3.000000e-07	-4.514086e-06	-4.603062e-09	-3.208217e+01	-3.026182e+02
3.100000e-07	-4.456604e-06	-4.591028e-09	-3.167364e+01	-3.004309e+02
3.200000e-07	-4.397301e-06	-4.566501e-09	-3.125216e+01	-2.981835e+02
3.300000e-07	-4.336381e-06	-4.518235e-09	-3.081919e+01	-2.958654e+02
3.400000e-07	-4.274088e-06	-4.455595e-09	-3.037648e+01	-2.934674e+02
3.500000e-07	-4.210464e-06	-4.405547e-09	-2.992429e+01	-2.909832e+02
3.600000e-07	-4.145331e-06	-4.402108e-09	-2.946138e+01	-2.884102e+02
3.700000e-07	-4.078529e-06	-4.383037e-09	-2.898661e+01	-2.857494e+02
3.800000e-07	-4.010146e-06	-4.332170e-09	-2.850060e+01	-2.830042e+02
3.900000e-07	-3.940370e-06	-4.265534e-09	-2.800470e+01	-2.801794e+02
4.000000e-07	-3.869342e-06	-4.203463e-09	-2.749989e+01	-2.772798e+02
4.100000e-07	-3.797037e-06	-4.170017e-09	-2.698601e+01	-2.743096e+02
4.200000e-07	-3.723292e-06	-4.123938e-09	-2.646190e+01	-2.712719e+02
4.300000e-07	-3.648009e-06	-4.091694e-09	-2.592685e+01	-2.681684e+02
4.400000e-07	-3.571245e-06	-4.044757e-09	-2.538128e+01	-2.650000e+02
4.500000e-07	-3.493052e-06	-3.977844e-09	-2.482555e+01	-2.617661e+02
4.600000e-07	-3.413404e-06	-3.919212e-09	-2.425949e+01	-2.584655e+02
4.700000e-07	-3.332463e-06	-3.872066e-09	-2.368423e+01	-2.550958e+02
4.800000e-07	-3.250372e-06	-3.836805e-09	-2.310080e+01	-2.516537e+02
4.900000e-07	-3.167176e-06	-3.774760e-09	-2.250951e+01	-2.481351e+02
5.000000e-07	-3.082976e-06	-3.708375e-09	-2.191110e+01	-2.445358e+02
5.100000e-07	-2.997908e-06	-3.652485e-09	-2.130650e+01	-2.408520e+02
5.200000e-07	-2.911905e-06	-3.602718e-09	-2.069527e+01	-2.370808e+02
5.300000e-07	-2.824847e-06	-3.544469e-09	-2.007654e+01	-2.332211e+02
5.400000e-07	-2.736805e-06	-3.474855e-09	-1.945081e+01	-2.292738e+02
5.500000e-07	-2.647776e-06	-3.402171e-09	-1.881807e+01	-2.252412e+02
5.600000e-07	-2.557652e-06	-3.335420e-09	-1.817755e+01	-2.211264e+02
5.700000e-07	-2.466444e-06	-3.284366e-09	-1.752932e+01	-2.169319e+02
5.800000e-07	-2.374375e-06	-3.232971e-09	-1.687498e+01	-2.126586e+02
5.900000e-07	-2.281498e-06	-3.166439e-09	-1.621489e+01	-2.083048e+02
6.000000e-07	-2.187773e-06	-3.083117e-09	-1.554878e+01	-2.038656e+02
6.100000e-07	-2.093325e-06	-3.005603e-09	-1.487752e+01	-1.993342e+02
6.200000e-07	-1.998150e-06	-2.938169e-09	-1.420110e+01	-1.947027e+02
6.300000e-07	-1.902221e-06	-2.871543e-09	-1.351932e+01	-1.899640e+02
6.400000e-07	-1.805544e-06	-2.801487e-09	-1.283222e+01	-1.851139e+02
6.500000e-07	-1.708155e-06	-2.724033e-09	-1.214007e+01	-1.801520e+02
6.600000e-07	-1.610126e-06	-2.640501e-09	-1.144337e+01	-1.750823e+02
6.700000e-07	-1.511472e-06	-2.555691e-09	-1.074222e+01	-1.699123e+02
6.800000e-07	-1.412199e-06	-2.477610e-09	-1.003667e+01	-1.646509e+02
6.900000e-07	-1.312493e-06	-2.399577e-09	-9.328050e+00	-1.593064e+02
7.000000e-07	-1.212466e-06	-2.316086e-09	-8.617145e+00	-1.538837e+02
7.100000e-07	-1.112045e-06	-2.229304e-09	-7.903441e+00	-1.483824e+02
7.200000e-07	-1.011258e-06	-2.145032e-09	-7.187133e+00	-1.427969e+02
7.300000e-07	-9.102056e-07	-2.060508e-09	-6.468944e+00	-1.371165e+02
7.400000e-07	-8.088708e-07	-1.973531e-09	-5.748745e+00	-1.313277e+02
7.500000e-07	-7.071838e-07	-1.883066e-09	-5.026043e+00	-1.254172e+02
7.600000e-07	-6.051928e-07	-1.786861e-09	-4.301180e+00	-1.193738e+02
7.700000e-07	-5.030207e-07	-1.688435e-09	-3.575030e+00	-1.131914e+02
7.800000e-07	-4.007031e-07	-1.590905e-09	-2.847846e+00	-1.068687e+02
7.900000e-07	-2.982531e-07	-1.497218e-09	-2.119722e+00	-1.004089e+02
8.000000e-07	-1.956869e-07	-1.399989e-09	-1.390771e+00	-9.381715e+01
8.100000e-07	-9.304471e-08	-1.296992e-09	-6.612803e-01	-8.709802e+01
8.200000e-07	9.615338e-09	-1.192212e-09	6.833740e-02	-8.025224e+01
8.300000e-07	1.122974e-07	-1.087628e-09	7.981119e-01	-7.327490e+01
8.400000e-07	2.149757e-07	-9.831721e-10	1.527859e+00	-6.615477e+01
8.500000e-07	3.176006e-07	-8.753520e-10	2.257227e+00	-5.887534e+01
8.600000e-07	4.201309e-07	-7.619327e-10	2.985923e+00	-5.141726e+01
8.700000e-07	5.225544e-07	-6.424218e-10	3.713859e+00	-4.376163e+01
8.800000e-07	6.248350e-07	-5.219839e-10	4.440780e+00	-3.589323e+01
8.900000e-07	7.269203e-07	-4.017163e-10	5.166313e+00	-2.780301e+01
9.000000e-07	8.287890e-07	-2.800599e-10	5.890306e+00	-1.948931e+01
9.100000e-07	9.303437e-07	-1.529269e-10	6.612068e+00	-1.095746e+01
9.200000e-07	1.031514e-06	-1.939136e-11	7.331097e+00	-2.218158e+00
9.300000e-07	1.132315e-06	1.190726e-10	8.047503e+00	6.714775e+00
9.400000e-07	1.232740e-06	2.602306e-10	8.761237e+00	1.582662e+01
9.500000e-07	1.332771e-06	4.008381e-10	9.472172e+00	2.510314e+01
9.600000e-07	1.432382e-06	5.429023e-10	1.018012e+01	3.453073e+01
9.700000e-07	1.531556e-06	6.898097e-10	1.088496e+01	4.409521e+01
9.800000e-07	1.630072e-06	8.399976e-10	1.158512e+01	5.377974e+01
9.900000e-07	1.727742e-06	9.883751e-10	1.227927e+01	6.356240e+01
1.000000e-06	1.824594e-06	1.138666e-09	1.296762e+01	7.341428e+01
1.010000e-06	1.920634e-06	1.291761e-09	1.365018e+01	8.329883e+01
1.020000e-06	2.015980e-06	1.447142e-09	1.432782e+01	9.317267e+01
1.030000e-06	2.110696e-06	1.600004e-09	1.500098e+01	1.029880e+02
1.040000e-06	2.204690e-06	1.747067e-09	1.566900e+01	1.126963e+02
1.050000e-06	2.297940e-06	1.891272e-09	1.633175e+01	1.222518e+02
1.060000e-06	2.390447e-06	2.029896e-09	1.698920e+01	1.316151e+02
1.070000e-06	2.482219e-06	2.165747e-09	1.764144e+01	1.407552e+02
1.080000e-06	2.573209e-06	2.301334e-09	1.828811e+01	1.496499e+02
1.090000e-06	2.663140e-06	2.435981e-09	1.892727e+01	1.582849e+02
1.100000e-06	2.751827e-06	2.564923e-09	1.955758e+01	1.666518e+02
1.110000e-06	2.839509e-06	2.685251e-09	2.018074e+01	1.747450e+02
1.120000e-06	2.926355e-06	2.801831e-09	2.079797e+01	1.825602e+02
1.130000e-06	3.012271e-06	2.918396e-09	2.140858e+01	1.900928e+02
1.140000e-06	3.097197e-06	3.032193e-09	2.201216e+01	1.973379e+02
1.150000e-06	3.181172e-06	3.137949e-09	2.260898e+01	2.042914e+02
1.160000e-06	3.264134e-06	3.237672e-09	2.319861e+01	2.109522e+02
1.170000e-06	3.345885e-06	3.331184e-09	2.377962e+01	2.173239e+02
1.180000e-06	3.426279e-06	3.419803e-09	2.435099e+01	2.234160e+02
1.190000e-06	3.505432e-06	3.507622e-09	2.491354e+01	2.292437e+02
1.200000e-06	3.583446e-06	3.595375e-09	2.546800e+01	2.348274e+02
1.210000e-06	3.660227e-06	3.680586e-09	2.601368e+01	2.401897e+02
1.220000e-06	3.735658e-06	3.761366e-09	2.654978e+01	2.453528e+02
1.230000e-06	3.809503e-06	3.838005e-09	2.707461e+01	2.503358e+02
1.240000e-06	3.881740e-06	3.911396e-09	2.758801e+01	2.551525e+02
1.250000e-06	3.952578e-06	3.981590e-09	2.809146e+01	2.598106e+02
1.260000e-06	4.022072e-06	4.049066e-09	2.858536e+01	2.643124e+02
1.270000e-06	4.090235e-06	4.114739e-09	2.906981e+01	2.686560e+02
1.280000e-06	4.156920e-06	4.178041e-09	2.954375e+01	2.728374e+02
1.290000e-06	4.221868e-06	4.238161e-09	3.000534e+01	2.768530e+02
1.300000e-06	4.285226e-06	4.295512e-09	3.045563e+01	2.807003e+02
1.310000e-06	4.347167e-06	4.351814e-09	3.089586e+01	2.843795e+02
1.320000e-06	4.407717e-06	4.405103e-09	3.132619e+01	2.878927e+02
1.330000e-06	4.466827e-06	4.452571e-09	3.174629e+01	2.912430e+02
1.340000e-06	4.524230e-06	4.496856e-09	3.215426e+01	2.944341e+02
1.350000e-06	4.579912e-06	4.541898e-09	3.255000e+01	2.974689e+02
1.360000e-06	4.633999e-06	4.585609e-09	3.293440e+01	3.003496e+02
1.370000e-06	4.686370e-06	4.624224e-09	3.330661e+01	3.030780e+02
1.380000e-06	4.736694e-06	4.658148e-09	3.366427e+01	3.056568e+02
1.390000e-06	4.784964e-06	4.691317e-09	3.400734e+01	3.080901e+02
1.400000e-06	4.831525e-06	4.724800e-09	3.433825e+01	3.103841e+02
1.410000e-06	4.876519e-06	4.756122e-09	3.465803e+01	3.125477e+02
1.420000e-06	4.919918e-06	4.785600e-09	3.496647e+01	3.145909e+02
1.430000e-06	4.961513e-06	4.812604e-09	3.526209e+01	3.165238e+02
1.440000e-06	5.001265e-06	4.836713e-09	3.554461e+01	3.183549e+02
1.450000e-06	5.039336e-06	4.859888e-09	3.581518e+01	3.200895e+02
1.460000e-06	5.075846e-06	4.883179e-09	3.607466e+01	3.217287e+02
1.470000e-06	5.110606e-06	4.907405e-09	3.632171e+01	3.232703e+02
1.480000e-06	5.143332e-06	4.929588e-09	3.655430e+01	3.247098e+02
1.490000e-06	5.174241e-06	4.947338e-09	3.677397e+01	3.260424e+02
1.500000e-06	5.203540e-06	4.962619e-09	3.698220e+01	3.272653e+02
1.510000e-06	5.231109e-06	4.977884e-09	3.717814e+01	3.283795e+02
1.520000e-06	5.256618e-06	4.992741e-09	3.735944e+01	3.293901e+02
1.530000e-06	5.280051e-06	5.006591e-09	3.752598e+01	3.303062e+02
1.540000e-06	5.301686e-06	5.019518e-09	3.767974e+01	3.311383e+02
1.550000e-06	5.321586e-06	5.030648e-09	3.782117e+01	3.318965e+02
1.560000e-06	5.339620e-06	5.041107e-09	3.794934e+01	3.325874e+02
1.570000e-06	5.355631e-06	5.052667e-09	3.806313e+01	3.332128e+02
1.580000e-06	5.369652e-06	5.064026e-09	3.816278e+01	3.337691e+02
1.590000e-06	5.381666e-06	5.072246e-09	3.824817e+01	3.342486e+02
1.600000e-06	5.391459e-06	5.077376e-09	3.831777e+01	3.346419e+02
1.610000e-06	5.399145e-06	5.081258e-09	3.837240e+01	3.349409e+02
1.620000e-06	5.405010e-06	5.085599e-09	3.841408e+01	3.351421e+02
1.630000e-06	5.409097e-06	5.089848e-09	3.844313e+01	3.352481e+02
1.640000e-06	5.411271e-06	5.091531e-09	3.845857e+01	3.352679e+02
1.650000e-06	5.411472e-06	5.090941e-09	3.846000e+01	3.352151e+02
1.660000e-06	5.409832e-06	5.090150e-09	3.844835e+01	3.351046e+02
1.670000e-06	5.406513e-06	5.086669e-09	3.842476e+01	3.349492e+02
1.680000e-06	5.401479e-06	5.086575e-09	3.838898e+01	3.347555e+02
1.690000e-06	5.394538e-06	5.085921e-09	3.833965e+01	3.345224e+02
1.700000e-06	5.385849e-06	5.081805e-09	3.827789e+01	3.342405e+02
1.710000e-06	5.375615e-06	5.073958e-09	3.820516e+01	3.338948e+02
1.720000e-06	5.363678e-06	5.058143e-09	3.812033e+01	3.334682e+02
1.730000e-06	5.349619e-06	5.051022e-09	3.802041e+01	3.329467e+02
1.740000e-06	5.333365e-06	5.051255e-09	3.790489e+01	3.323235e+02
1.750000e-06	5.314744e-06	5.016051e-09	3.777255e+01	3.316018e+02
1.760000e-06	5.293486e-06	5.020395e-09	3.762146e+01	3.307954e+02
1.770000e-06	5.270112e-06	5.012866e-09	3.745534e+01	3.299262e+02
1.780000e-06	5.245567e-06	4.995821e-09	3.728089e+01	3.290202e+02
1.790000e-06	5.220231e-06	5.053574e-09	3.710083e+01	3.281013e+02
1.800000e-06	5.193321e-06	4.940653e-09	3.690958e+01	3.271859e+02
1.810000e-06	5.164193e-06	4.925114e-09	3.670256e+01	3.262790e+02
1.820000e-06	5.133323e-06	5.000035e-09	3.648317e+01	3.253717e+02
1.830000e-06	5.100773e-06	4.864257e-09	3.625183e+01	3.244432e+02
1.840000e-06	5.066290e-06	4.908988e-09	3.600675e+01	3.234637e+02
1.850000e-06	5.030206e-06	4.975916e-09	3.575030e+01	3.224004e+02
1.860000e-06	4.992345e-06	4.826989e-09	3.548122e+01	3.212233e+02
1.870000e-06	4.952600e-06	4.847151e-09	3.519874e+01	3.199106e+02
1.880000e-06	4.911152e-06	4.837952e-09	3.490417e+01	3.184519e+02
1.890000e-06	4.867899e-06	4.801208e-09	3.459676e+01	3.168492e+02
1.900000e-06	4.823014e-06	4.848652e-09	3.427776e+01	3.151154e+02
1.910000e-06	4.776341e-06	4.730448e-09	3.394605e+01	3.132706e+02
1.920000e-06	4.727617e-06	4.744337e-09	3.359976e+01	3.113373e+02
1.930000e-06	4.677188e-06	4.729214e-09	3.324136e+01	3.093359e+02
1.940000e-06	4.624990e-06	4.634228e-09	3.287038e+01	3.072812e+02
1.950000e-06	4.570780e-06	4.680883e-09	3.248510e+01	3.051805e+02
1.960000e-06	4.514672e-06	4.606513e-09	3.208634e+01	3.030335e+02
1.970000e-06	4.456852e-06	4.563026e-09	3.167540e+01	3.008339e+02
1.980000e-06	4.397592e-06	4.539699e-09	3.125423e+01	2.985719e+02
1.990000e-06	4.336791e-06	4.504849e-09	3.082211e+01	2.962371e+02
2.000000e-06	4.274263e-06	4.530527e-09	3.037771e+01	2.938207e+02
2.010000e-06	4.210172e-06	4.408787e-09	2.992222e+01	2.913173e+02
2.020000e-06	4.144662e-06	4.366259e-09	2.945663e+01	2.887250e+02
2.030000e-06	4.077716e-06	4.350081e-09	2.898083e+01	2.860455e+02
2.040000e-06	4.009246e-06	4.298883e-09	2.849421e+01	2.832825e+02
2.050000e-06	3.939272e-06	4.289090e-09	2.799689e+01	2.804410e+02
2.060000e-06	3.867847e-06	4.232092e-09	2.748927e+01	2.775256e+02
2.070000e-06	3.795081e-06	4.215350e-09	2.697211e+01	2.745405e+02
2.080000e-06	3.721021e-06	4.124205e-09	2.644576e+01	2.714883e+02
2.090000e-06	3.645547e-06	4.059576e-09	2.590935e+01	2.683706e+02
2.100000e-06	3.568585e-06	4.048627e-09	2.536238e+01	2.651879e+02
2.110000e-06	3.490070e-06	4.005965e-09	2.480436e+01	2.619396e+02
2.120000e-06	3.410232e-06	3.962945e-09	2.423694e+01	2.586241e+02
2.130000e-06	3.329259e-06	3.875124e-09	2.366146e+01	2.552389e+02
2.140000e-06	3.247156e-06	3.837510e-09	2.307794e+01	2.517805e+02
2.150000e-06	3.164018e-06	3.785605e-09	2.248707e+01	2.482447e+02
2.160000e-06	3.079802e-06	3.727266e-09	2.188853e+01	2.446273e+02
2.170000e-06	2.994424e-06	3.683814e-09	2.128174e+01	2.409246e+02
2.180000e-06	2.907756e-06	3.621484e-09	2.066578e+01	2.371342e+02
2.190000e-06	2.819915e-06	3.565367e-09	2.004148e+01	2.332553e+02
2.200000e-06	2.731133e-06	3.502675e-09	1.941050e+01	2.292892e+02
2.210000e-06	2.641439e-06	3.454903e-09	1.877303e+01	2.252384e+02
2.220000e-06	2.550842e-06	3.386898e-09	1.812915e+01	2.211060e+02
2.230000e-06	2.459405e-06	3.307413e-09	1.747930e+01	2.168944e+02
2.240000e-06	2.367224e-06	3.234607e-09	1.682415e+01	2.126038e+02
2.250000e-06	2.274185e-06	3.177580e-09	1.616291e+01	2.082319e+02
2.260000e-06	2.180206e-06	3.124277e-09	1.549500e+01	2.037734e+02
2.270000e-06	2.085321e-06	3.060051e-09	1.482063e+01	1.992209e+02
2.280000e-06	1.989546e-06	2.988665e-09	1.413995e+01	1.945666e+02
2.290000e-06	1.893063e-06	2.900956e-09	1.345423e+01	1.898040e+02
2.300000e-06	1.795998e-06	2.819088e-09	1.276438e+01	1.849295e+02
2.310000e-06	1.698394e-06	2.751570e-09	1.207069e+01	1.799437e+02
2.320000e-06	1.600296e-06	2.688458e-09	1.137350e+01	1.748515e+02
2.330000e-06	1.501698e-06	2.610785e-09	1.067275e+01	1.696609e+02
2.340000e-06	1.402594e-06	2.523201e-09	9.968409e+00	1.643808e+02
2.350000e-06	1.303019e-06	2.437827e-09	9.260715e+00	1.590190e+02
2.360000e-06	1.203115e-06	2.357590e-09	8.550691e+00	1.535793e+02
2.370000e-06	1.102972e-06	2.277939e-09	7.838956e+00	1.480604e+02
2.380000e-06	1.002526e-06	2.193864e-09	7.125074e+00	1.424553e+02
2.390000e-06	9.016366e-07	2.106612e-09	6.408044e+00	1.367526e+02
2.400000e-06	8.002780e-07	2.012745e-09	5.687675e+00	1.309385e+02
2.410000e-06	6.985450e-07	1.921171e-09	4.964646e+00	1.250000e+02
2.420000e-06	5.965479e-07	1.833447e-09	4.239740e+00	1.189269e+02
2.430000e-06	4.943424e-07	1.741462e-09	3.513352e+00	1.127141e+02
2.440000e-06	3.919170e-07	1.641732e-09	2.785403e+00	1.063613e+02
2.450000e-06	2.892761e-07	1.539860e-09	2.055921e+00	9.987247e+01
2.460000e-06	1.865309e-07	1.440737e-09	1.325698e+00	9.325286e+01
2.470000e-06	8.369735e-08	1.341858e-09	5.948475e-01	8.650641e+01
2.480000e-06	-1.922225e-08	1.237576e-09	-1.366149e-01	7.963278e+01
2.490000e-06	-1.221456e-07	1.124965e-09	-8.681041e-01	7.262571e+01
2.500000e-06	-2.250583e-07	1.008409e-09	-1.599518e+00	6.547268e+01
2.510000e-06	-3.278971e-07	8.933385e-10	-2.330406e+00	5.815634e+01
2.520000e-06	-4.306113e-07	7.822418e-10	-3.060408e+00	5.065716e+01
2.530000e-06	-5.331460e-07	6.688522e-10	-3.789135e+00	4.295674e+01
2.540000e-06	-6.354473e-07	5.486558e-10	-4.516203e+00	3.504103e+01
2.550000e-06	-7.374550e-07	4.223411e-10	-5.241184e+00	2.690253e+01
2.560000e-06	-8.390860e-07	2.903560e-10	-5.963488e+00	1.854113e+01
2.570000e-06	-9.402587e-07	1.561156e-10	-6.682535e+00	9.963483e+00
2.580000e-06	-1.040958e-06	2.362140e-11	-7.398217e+00	1.181176e+00
2.590000e-06	-1.141202e-06	-1.097682e-10	-8.110664e+00	-7.791622e+00
2.600000e-06	-1.241056e-06	-2.486442e-10	-8.820336e+00	-1.694022e+01
2.610000e-06	-1.340550e-06	-3.940881e-10	-9.527452e+00	-2.625054e+01
2.620000e-06	-1.439598e-06	-5.419994e-10	-1.023140e+01	-3.570900e+01
2.630000e-06	-1.538132e-06	-6.860020e-10	-1.093169e+01	-4.530105e+01
2.640000e-06	-1.636152e-06	-8.291625e-10	-1.162833e+01	-5.500896e+01
2.650000e-06	-1.733609e-06	-9.773551e-10	-1.232097e+01	-6.480943e+01
2.660000e-06	-1.830465e-06	-1.128674e-09	-1.300934e+01	-7.467194e+01
2.670000e-06	-1.926753e-06	-1.279349e-09	-1.369367e+01	-8.455833e+01
2.680000e-06	-2.022484e-06	-1.428244e-09	-1.437404e+01	-9.442404e+01
2.690000e-06	-2.117550e-06	-1.574545e-09	-1.504969e+01	-1.042208e+02
2.700000e-06	-2.211730e-06	-1.720742e-09	-1.571904e+01	-1.139003e+02
2.710000e-06	-2.304893e-06	-1.868901e-09	-1.638116e+01	-1.234180e+02
2.720000e-06	-2.397092e-06	-2.014197e-09	-1.703643e+01	-1.327361e+02
2.730000e-06	-2.488439e-06	-2.152097e-09	-1.768564e+01	-1.418254e+02
2.740000e-06	-2.579000e-06	-2.285120e-09	-1.832927e+01	-1.506657e+02
2.750000e-06	-2.668647e-06	-2.417424e-09	-1.896641e+01	-1.592441e+02
2.760000e-06	-2.757346e-06	-2.545846e-09	-1.959680e+01	-1.675530e+02
2.770000e-06	-2.845213e-06	-2.668504e-09	-2.022128e+01	-1.755873e+02
2.780000e-06	-2.932157e-06	-2.786932e-09	-2.083920e+01	-1.833427e+02
2.790000e-06	-3.017956e-06	-2.900620e-09	-2.144899e+01	-1.908144e+02
2.800000e-06	-3.102548e-06	-3.009699e-09	-2.205019e+01	-1.979975e+02
2.810000e-06	-3.186074e-06	-3.116640e-09	-2.264382e+01	-2.048886e+02
2.820000e-06	-3.268575e-06	-3.220483e-09	-2.323017e+01	-2.114873e+02
2.830000e-06	-3.349965e-06	-3.319133e-09	-2.380862e+01	-2.177983e+02
2.840000e-06	-3.430323e-06	-3.410631e-09	-2.437973e+01	-2.238325e+02
2.850000e-06	-3.509556e-06	-3.496838e-09	-2.494285e+01	-2.296064e+02
2.860000e-06	-3.587273e-06	-3.580839e-09	-2.549519e+01	-2.351410e+02
2.870000e-06	-3.663405e-06	-3.661807e-09	-2.603627e+01	-2.404591e+02
2.880000e-06	-3.738061e-06	-3.740404e-09	-2.656686e+01	-2.455825e+02
2.890000e-06	-3.811324e-06	-3.816670e-09	-2.708755e+01	-2.505292e+02
2.900000e-06	-3.883340e-06	-3.890380e-09	-2.759938e+01	-2.553117e+02
2.910000e-06	-3.953967e-06	-3.959841e-09	-2.810134e+01	-2.599367e+02
2.920000e-06	-4.022983e-06	-4.027149e-09	-2.859184e+01	-2.644051e+02
2.930000e-06	-4.090501e-06	-4.094830e-09	-2.907170e+01	-2.687146e+02
2.940000e-06	-4.156594e-06	-4.160285e-09	-2.954143e+01	-2.728610e+02
2.950000e-06	-4.221267e-06	-4.221957e-09	-3.000107e+01	-2.768409e+02
2.960000e-06	-4.284516e-06	-4.281261e-09	-3.045058e+01	-2.806524e+02
2.970000e-06	-4.346097e-06	-4.338509e-09	-3.088825e+01	-2.842961e+02
2.980000e-06	-4.405964e-06	-4.393208e-09	-3.131373e+01	-2.877744e+02
2.990000e-06	-4.464309e-06	-4.445319e-09	-3.172840e+01	-2.910906e+02
3.000000e-06	-4.521192e-06	-4.496062e-09	-3.213267e+01	-2.942483e+02
3.010000e-06	-4.576464e-06	-4.545119e-09	-3.252550e+01	-2.972502e+02
3.020000e-06	-4.629824e-06	-4.591761e-09	-3.290474e+01	-3.000983e+02
3.030000e-06	-4.681248e-06	-4.636395e-09	-3.327021e+01	-3.027948e+02
3.040000e-06	-4.730869e-06	-4.677723e-09	-3.362287e+01	-3.053422e+02
3.050000e-06	-4.778631e-06	-4.714635e-09	-3.396232e+01	-3.077453e+02
3.060000e-06	-4.824595e-06	-4.748839e-09	-3.428900e+01	-3.100109e+02
3.070000e-06	-4.868928e-06	-4.782369e-09	-3.460407e+01	-3.121481e+02
3.080000e-06	-4.911776e-06	-4.816708e-09	-3.490860e+01	-3.141671e+02
3.090000e-06	-4.953125e-06	-4.850256e-09	-3.520247e+01	-3.160779e+02
3.100000e-06	-4.992845e-06	-4.882183e-09	-3.548477e+01	-3.178883e+02
3.110000e-06	-5.030708e-06	-4.911031e-09	-3.575387e+01	-3.196027e+02
3.120000e-06	-5.066647e-06	-4.937101e-09	-3.600929e+01	-3.212216e+02
3.130000e-06	-5.100843e-06	-4.961241e-09	-3.625232e+01	-3.227421e+02
3.140000e-06	-5.133415e-06	-4.981749e-09	-3.648382e+01	-3.241593e+02
3.150000e-06	-5.164175e-06	-5.001529e-09	-3.670243e+01	-3.254688e+02
3.160000e-06	-5.192948e-06	-5.020171e-09	-3.690693e+01	-3.266685e+02
3.170000e-06	-5.219862e-06	-5.038533e-09	-3.709821e+01	-3.277602e+02
3.180000e-06	-5.245007e-06	-5.054699e-09	-3.727692e+01	-3.287500e+02
3.190000e-06	-5.268364e-06	-5.067853e-09	-3.744292e+01	-3.296475e+02
3.200000e-06	-5.289719e-06	-5.080959e-09	-3.759469e+01	-3.304633e+02
3.210000e-06	-5.309122e-06	-5.094177e-09	-3.773259e+01	-3.312069e+02
3.220000e-06	-5.326776e-06	-5.104791e-09	-3.785806e+01	-3.318841e+02
3.230000e-06	-5.342584e-06	-5.112451e-09	-3.797041e+01	-3.324955e+02
3.240000e-06	-5.356193e-06	-5.117839e-09	-3.806713e+01	-3.330364e+02
3.250000e-06	-5.367573e-06	-5.122190e-09	-3.814801e+01	-3.334985e+02
3.260000e-06	-5.377007e-06	-5.126276e-09	-3.821506e+01	-3.338724e+02
3.270000e-06	-5.384573e-06	-5.129787e-09	-3.826883e+01	-3.341509e+02
3.280000e-06	-5.390182e-06	-5.130894e-09	-3.830869e+01	-3.343315e+02
3.290000e-06	-5.393869e-06	-5.130748e-09	-3.833489e+01	-3.344184e+02
3.300000e-06	-5.395764e-06	-5.133010e-09	-3.834837e+01	-3.344217e+02
3.310000e-06	-5.395849e-06	-5.133415e-09	-3.834897e+01	-3.343555e+02
