# Temperatura_=_24.79
# Concentracion g/m^3_=_15000.0
# C_Vs_to_Am_M_A/Vsm_=_65563218390.804596
# pendiente_HvsI_1/m_=_3716.3
# ordenada_HvsI_A/m_=_1297.0
# frecuencia_Hz_=_301577.6898480597

Tiempo_(s)	Campo_(V.s)	Magnetizacion_(V.s)	Campo_(kA/m)	Magnetizacion_(A/m)
0.000000e+00	-5.388048e-06	-4.513983e-09	-3.834253e+01	-2.933694e+02
1.000000e-08	-5.385273e-06	-4.512573e-09	-3.832278e+01	-2.932613e+02
2.000000e-08	-5.380721e-06	-4.506925e-09	-3.829039e+01	-2.931153e+02
3.000000e-08	-5.374531e-06	-4.499314e-09	-3.824634e+01	-2.929211e+02
4.000000e-08	-5.366783e-06	-4.491567e-09	-3.819120e+01	-2.926657e+02
5.000000e-08	-5.357204e-06	-4.485411e-09	-3.812304e+01	-2.923381e+02
6.000000e-08	-5.345612e-06	-4.480666e-09	-3.804055e+01	-2.919332e+02
7.000000e-08	-5.332122e-06	-4.476716e-09	-3.794455e+01	-2.914553e+02
8.000000e-08	-5.316441e-06	-4.478648e-09	-3.783296e+01	-2.909177e+02
9.000000e-08	-5.298503e-06	-4.488704e-09	-3.770531e+01	-2.903397e+02
1.000000e-07	-5.278571e-06	-4.484282e-09	-3.756347e+01	-2.897422e+02
1.100000e-07	-5.256728e-06	-4.462867e-09	-3.740803e+01	-2.891416e+02
1.200000e-07	-5.233212e-06	-4.430944e-09	-3.724069e+01	-2.885447e+02
1.300000e-07	-5.208163e-06	-4.377423e-09	-3.706243e+01	-2.879454e+02
1.400000e-07	-5.181476e-06	-4.359779e-09	-3.687252e+01	-2.873256e+02
1.500000e-07	-5.153201e-06	-4.388110e-09	-3.667131e+01	-2.866578e+02
1.600000e-07	-5.123453e-06	-4.392014e-09	-3.645962e+01	-2.859117e+02
1.700000e-07	-5.092036e-06	-4.408517e-09	-3.623604e+01	-2.850602e+02
1.800000e-07	-5.058520e-06	-4.379527e-09	-3.599753e+01	-2.840865e+02
1.900000e-07	-5.023206e-06	-4.275730e-09	-3.574623e+01	-2.829872e+02
2.000000e-07	-4.986395e-06	-4.239946e-09	-3.548428e+01	-2.817731e+02
2.100000e-07	-4.947857e-06	-4.267206e-09	-3.521003e+01	-2.804660e+02
2.200000e-07	-4.907503e-06	-4.288969e-09	-3.492287e+01	-2.790932e+02
2.300000e-07	-4.865217e-06	-4.272744e-09	-3.462195e+01	-2.776806e+02
2.400000e-07	-4.821022e-06	-4.197140e-09	-3.430745e+01	-2.762465e+02
2.500000e-07	-4.775004e-06	-4.147917e-09	-3.397998e+01	-2.747974e+02
2.600000e-07	-4.727043e-06	-4.162855e-09	-3.363867e+01	-2.733272e+02
2.700000e-07	-4.677034e-06	-4.174891e-09	-3.328280e+01	-2.718197e+02
2.800000e-07	-4.625016e-06	-4.160338e-09	-3.291263e+01	-2.702538e+02
2.900000e-07	-4.571144e-06	-4.084633e-09	-3.252926e+01	-2.686092e+02
3.000000e-07	-4.515625e-06	-4.006442e-09	-3.213418e+01	-2.668723e+02
3.100000e-07	-4.458434e-06	-4.023045e-09	-3.172719e+01	-2.650395e+02
3.200000e-07	-4.399454e-06	-4.054872e-09	-3.130748e+01	-2.631176e+02
3.300000e-07	-4.338847e-06	-4.013799e-09	-3.087618e+01	-2.611216e+02
3.400000e-07	-4.276822e-06	-3.938542e-09	-3.043480e+01	-2.590699e+02
3.500000e-07	-4.213439e-06	-3.877070e-09	-2.998375e+01	-2.569787e+02
3.600000e-07	-4.148505e-06	-3.852582e-09	-2.952167e+01	-2.548573e+02
3.700000e-07	-4.081910e-06	-3.869834e-09	-2.904777e+01	-2.527056e+02
3.800000e-07	-4.013801e-06	-3.869130e-09	-2.856309e+01	-2.505140e+02
3.900000e-07	-3.944358e-06	-3.806341e-09	-2.806891e+01	-2.482666e+02
4.000000e-07	-3.873716e-06	-3.724318e-09	-2.756621e+01	-2.459452e+02
4.100000e-07	-3.801727e-06	-3.668359e-09	-2.705392e+01	-2.435352e+02
4.200000e-07	-3.728206e-06	-3.646129e-09	-2.653073e+01	-2.410290e+02
4.300000e-07	-3.653158e-06	-3.643573e-09	-2.599667e+01	-2.384283e+02
4.400000e-07	-3.576646e-06	-3.614423e-09	-2.545220e+01	-2.357435e+02
4.500000e-07	-3.498712e-06	-3.543328e-09	-2.489760e+01	-2.329901e+02
4.600000e-07	-3.419443e-06	-3.473076e-09	-2.433351e+01	-2.301843e+02
4.700000e-07	-3.338922e-06	-3.439855e-09	-2.376050e+01	-2.273382e+02
4.800000e-07	-3.257119e-06	-3.428833e-09	-2.317837e+01	-2.244562e+02
4.900000e-07	-3.174180e-06	-3.390599e-09	-2.258816e+01	-2.215335e+02
5.000000e-07	-3.090192e-06	-3.319720e-09	-2.199049e+01	-2.185575e+02
5.100000e-07	-3.005234e-06	-3.251222e-09	-2.138591e+01	-2.155109e+02
5.200000e-07	-2.919384e-06	-3.204755e-09	-2.077497e+01	-2.123762e+02
5.300000e-07	-2.832606e-06	-3.172306e-09	-2.015745e+01	-2.091405e+02
5.400000e-07	-2.744916e-06	-3.135361e-09	-1.953342e+01	-2.057983e+02
5.500000e-07	-2.656166e-06	-3.072173e-09	-1.890186e+01	-2.023525e+02
5.600000e-07	-2.566240e-06	-2.988668e-09	-1.826193e+01	-1.988131e+02
5.700000e-07	-2.475242e-06	-2.926605e-09	-1.761436e+01	-1.951937e+02
5.800000e-07	-2.383372e-06	-2.895186e-09	-1.696060e+01	-1.915071e+02
5.900000e-07	-2.290699e-06	-2.856817e-09	-1.630112e+01	-1.877617e+02
6.000000e-07	-2.197222e-06	-2.788852e-09	-1.563592e+01	-1.839589e+02
6.100000e-07	-2.103004e-06	-2.712085e-09	-1.496544e+01	-1.800926e+02
6.200000e-07	-2.008098e-06	-2.644093e-09	-1.429006e+01	-1.761509e+02
6.300000e-07	-1.912458e-06	-2.584212e-09	-1.360947e+01	-1.721197e+02
6.400000e-07	-1.816017e-06	-2.532112e-09	-1.292317e+01	-1.679865e+02
6.500000e-07	-1.718808e-06	-2.478468e-09	-1.223141e+01	-1.637434e+02
6.600000e-07	-1.620882e-06	-2.408174e-09	-1.153455e+01	-1.593898e+02
6.700000e-07	-1.522316e-06	-2.324395e-09	-1.083313e+01	-1.549313e+02
6.800000e-07	-1.423262e-06	-2.248262e-09	-1.012824e+01	-1.503782e+02
6.900000e-07	-1.323779e-06	-2.185584e-09	-9.420304e+00	-1.457421e+02
7.000000e-07	-1.223829e-06	-2.119432e-09	-8.709038e+00	-1.410320e+02
7.100000e-07	-1.123485e-06	-2.041220e-09	-7.994963e+00	-1.362516e+02
7.200000e-07	-1.022830e-06	-1.959974e-09	-7.278682e+00	-1.313981e+02
7.300000e-07	-9.218523e-07	-1.881997e-09	-6.560103e+00	-1.264622e+02
7.400000e-07	-8.205792e-07	-1.808522e-09	-5.839421e+00	-1.214303e+02
7.500000e-07	-7.190000e-07	-1.736417e-09	-5.116562e+00	-1.162884e+02
7.600000e-07	-6.171512e-07	-1.656320e-09	-4.391783e+00	-1.110242e+02
7.700000e-07	-5.151403e-07	-1.564495e-09	-3.665851e+00	-1.056305e+02
7.800000e-07	-4.129742e-07	-1.469583e-09	-2.938815e+00	-1.001058e+02
7.900000e-07	-3.106353e-07	-1.382676e-09	-2.210549e+00	-9.445368e+01
8.000000e-07	-2.081901e-07	-1.302206e-09	-1.481526e+00	-8.868087e+01
8.100000e-07	-1.057011e-07	-1.217840e-09	-7.521920e-01	-8.279451e+01
8.200000e-07	-3.100262e-09	-1.125451e-09	-2.206214e-02	-7.679947e+01
8.300000e-07	9.955880e-08	-1.028884e-09	7.084822e-01	-7.069647e+01
8.400000e-07	2.021572e-07	-9.326942e-10	1.438595e+00	-6.448146e+01
8.500000e-07	3.047269e-07	-8.386555e-10	2.168504e+00	-5.814625e+01
8.600000e-07	4.072396e-07	-7.435604e-10	2.898007e+00	-5.168011e+01
8.700000e-07	5.095832e-07	-6.429054e-10	3.626306e+00	-4.507182e+01
8.800000e-07	6.117906e-07	-5.376367e-10	4.353636e+00	-3.831143e+01
8.900000e-07	7.137923e-07	-4.313447e-10	5.079502e+00	-3.139139e+01
9.000000e-07	8.154854e-07	-3.257662e-10	5.803173e+00	-2.430678e+01
9.100000e-07	9.168696e-07	-2.196477e-10	6.524645e+00	-1.705479e+01
9.200000e-07	1.017906e-06	-1.108766e-10	7.243642e+00	-9.633946e+00
9.300000e-07	1.118579e-06	3.929918e-12	7.960055e+00	-2.043459e+00
9.400000e-07	1.218919e-06	1.260090e-10	8.674093e+00	5.716776e+00
9.500000e-07	1.318906e-06	2.490830e-10	9.385627e+00	1.364534e+01
9.600000e-07	1.418496e-06	3.685613e-10	1.009433e+01	2.173775e+01
9.700000e-07	1.517603e-06	4.881041e-10	1.079959e+01	2.998464e+01
9.800000e-07	1.616035e-06	6.125981e-10	1.150006e+01	3.837014e+01
9.900000e-07	1.713671e-06	7.413969e-10	1.219486e+01	4.687114e+01
1.000000e-06	1.810466e-06	8.733824e-10	1.288367e+01	5.545773e+01
1.010000e-06	1.906479e-06	1.005991e-09	1.356692e+01	6.409476e+01
1.020000e-06	2.001807e-06	1.137133e-09	1.424530e+01	7.274438e+01
1.030000e-06	2.096473e-06	1.266838e-09	1.491896e+01	8.136881e+01
1.040000e-06	2.190425e-06	1.397044e-09	1.558755e+01	8.993286e+01
1.050000e-06	2.283629e-06	1.526691e-09	1.625081e+01	9.840538e+01
1.060000e-06	2.376114e-06	1.650693e-09	1.690895e+01	1.067597e+02
1.070000e-06	2.467920e-06	1.769080e-09	1.756226e+01	1.149727e+02
1.080000e-06	2.558985e-06	1.886557e-09	1.821030e+01	1.230235e+02
1.090000e-06	2.648979e-06	2.005535e-09	1.885071e+01	1.308920e+02
1.100000e-06	2.737701e-06	2.125107e-09	1.948208e+01	1.385577e+02
1.110000e-06	2.825432e-06	2.240093e-09	2.010639e+01	1.460001e+02
1.120000e-06	2.912313e-06	2.348439e-09	2.072466e+01	1.532000e+02
1.130000e-06	2.998207e-06	2.452435e-09	2.133590e+01	1.601413e+02
1.140000e-06	3.083095e-06	2.553430e-09	2.193998e+01	1.668138e+02
1.150000e-06	3.167086e-06	2.652613e-09	2.253768e+01	1.732145e+02
1.160000e-06	3.250134e-06	2.748433e-09	2.312866e+01	1.793489e+02
1.170000e-06	3.331968e-06	2.837352e-09	2.371101e+01	1.852299e+02
1.180000e-06	3.412491e-06	2.919689e-09	2.428403e+01	1.908754e+02
1.190000e-06	3.491760e-06	3.000700e-09	2.484813e+01	1.963055e+02
1.200000e-06	3.569782e-06	3.081787e-09	2.540335e+01	2.015385e+02
1.210000e-06	3.646607e-06	3.161391e-09	2.595005e+01	2.065888e+02
1.220000e-06	3.722203e-06	3.237357e-09	2.648802e+01	2.114648e+02
1.230000e-06	3.796205e-06	3.308408e-09	2.701463e+01	2.161696e+02
1.240000e-06	3.868515e-06	3.375757e-09	2.752920e+01	2.207021e+02
1.250000e-06	3.939438e-06	3.441960e-09	2.803390e+01	2.250601e+02
1.260000e-06	4.008957e-06	3.507904e-09	2.852862e+01	2.292422e+02
1.270000e-06	4.077145e-06	3.570760e-09	2.901386e+01	2.332504e+02
1.280000e-06	4.144019e-06	3.626751e-09	2.948975e+01	2.370902e+02
1.290000e-06	4.209176e-06	3.677266e-09	2.995342e+01	2.407701e+02
1.300000e-06	4.272678e-06	3.725536e-09	3.040531e+01	2.442994e+02
1.310000e-06	4.334772e-06	3.775459e-09	3.084719e+01	2.476855e+02
1.320000e-06	4.395447e-06	3.826172e-09	3.127896e+01	2.509323e+02
1.330000e-06	4.454750e-06	3.872686e-09	3.170098e+01	2.540390e+02
1.340000e-06	4.512349e-06	3.914263e-09	3.211087e+01	2.570006e+02
1.350000e-06	4.568086e-06	3.952898e-09	3.250750e+01	2.598097e+02
1.360000e-06	4.622218e-06	3.991537e-09	3.289272e+01	2.624602e+02
1.370000e-06	4.674667e-06	4.028587e-09	3.326595e+01	2.649497e+02
1.380000e-06	4.725093e-06	4.060423e-09	3.362480e+01	2.672816e+02
1.390000e-06	4.773536e-06	4.089576e-09	3.396953e+01	2.694666e+02
1.400000e-06	4.820240e-06	4.116978e-09	3.430188e+01	2.715204e+02
1.410000e-06	4.865316e-06	4.143284e-09	3.462265e+01	2.734616e+02
1.420000e-06	4.908905e-06	4.169875e-09	3.493284e+01	2.753080e+02
1.430000e-06	4.950713e-06	4.195809e-09	3.523036e+01	2.770724e+02
1.440000e-06	4.990612e-06	4.220576e-09	3.551429e+01	2.787609e+02
1.450000e-06	5.028798e-06	4.242556e-09	3.578603e+01	2.803721e+02
1.460000e-06	5.065385e-06	4.263421e-09	3.604639e+01	2.818982e+02
1.470000e-06	5.100273e-06	4.285048e-09	3.629466e+01	2.833288e+02
1.480000e-06	5.133184e-06	4.306038e-09	3.652886e+01	2.846542e+02
1.490000e-06	5.164214e-06	4.324213e-09	3.674968e+01	2.858691e+02
1.500000e-06	5.193537e-06	4.338465e-09	3.695835e+01	2.869747e+02
1.510000e-06	5.221226e-06	4.351038e-09	3.715539e+01	2.879792e+02
1.520000e-06	5.246993e-06	4.363916e-09	3.733875e+01	2.888951e+02
1.530000e-06	5.270620e-06	4.378892e-09	3.750688e+01	2.897369e+02
1.540000e-06	5.292361e-06	4.392039e-09	3.766160e+01	2.905162e+02
1.550000e-06	5.312442e-06	4.402004e-09	3.780451e+01	2.912392e+02
1.560000e-06	5.330709e-06	4.412961e-09	3.793450e+01	2.919048e+02
1.570000e-06	5.346933e-06	4.424553e-09	3.804994e+01	2.925052e+02
1.580000e-06	5.361205e-06	4.435228e-09	3.815151e+01	2.930284e+02
1.590000e-06	5.373473e-06	4.442893e-09	3.823881e+01	2.934624e+02
1.600000e-06	5.383497e-06	4.446861e-09	3.831014e+01	2.937989e+02
1.610000e-06	5.391418e-06	4.448801e-09	3.836652e+01	2.940366e+02
1.620000e-06	5.397472e-06	4.451150e-09	3.840960e+01	2.941819e+02
1.630000e-06	5.401747e-06	4.455587e-09	3.844001e+01	2.942479e+02
1.640000e-06	5.404156e-06	4.460079e-09	3.845716e+01	2.942510e+02
1.650000e-06	5.404555e-06	4.461964e-09	3.846000e+01	2.942066e+02
1.660000e-06	5.403108e-06	4.459716e-09	3.844970e+01	2.941251e+02
1.670000e-06	5.400002e-06	4.456213e-09	3.842760e+01	2.940092e+02
1.680000e-06	5.395197e-06	4.455053e-09	3.839341e+01	2.938537e+02
1.690000e-06	5.388504e-06	4.453082e-09	3.834577e+01	2.936473e+02
1.700000e-06	5.380008e-06	4.448944e-09	3.828531e+01	2.933770e+02
1.710000e-06	5.369912e-06	4.444180e-09	3.821347e+01	2.930326e+02
1.720000e-06	5.358108e-06	4.440597e-09	3.812947e+01	2.926113e+02
1.730000e-06	5.344333e-06	4.428831e-09	3.803144e+01	2.921190e+02
1.740000e-06	5.328485e-06	4.400247e-09	3.791867e+01	2.915707e+02
1.750000e-06	5.310312e-06	4.387473e-09	3.778935e+01	2.909866e+02
1.760000e-06	5.289465e-06	4.390597e-09	3.764099e+01	2.903872e+02
1.770000e-06	5.266322e-06	4.398143e-09	3.747630e+01	2.897870e+02
1.780000e-06	5.241930e-06	4.425295e-09	3.730273e+01	2.891903e+02
1.790000e-06	5.216804e-06	4.402297e-09	3.712392e+01	2.885883e+02
1.800000e-06	5.190207e-06	4.362337e-09	3.693465e+01	2.879605e+02
1.810000e-06	5.161391e-06	4.366349e-09	3.672959e+01	2.872783e+02
1.820000e-06	5.130748e-06	4.321088e-09	3.651153e+01	2.865114e+02
1.830000e-06	5.098459e-06	4.306949e-09	3.628175e+01	2.856345e+02
1.840000e-06	5.064255e-06	4.363819e-09	3.603835e+01	2.846335e+02
1.850000e-06	5.028436e-06	4.358603e-09	3.578345e+01	2.835080e+02
1.860000e-06	4.990874e-06	4.318235e-09	3.551615e+01	2.822716e+02
1.870000e-06	4.951434e-06	4.246335e-09	3.523549e+01	2.809479e+02
1.880000e-06	4.910309e-06	4.186084e-09	3.494284e+01	2.795643e+02
1.890000e-06	4.867359e-06	4.226841e-09	3.463720e+01	2.781458e+02
1.900000e-06	4.822787e-06	4.238349e-09	3.432001e+01	2.767081e+02
1.910000e-06	4.776422e-06	4.205232e-09	3.399006e+01	2.752551e+02
1.920000e-06	4.728019e-06	4.161640e-09	3.364562e+01	2.737784e+02
1.930000e-06	4.677940e-06	4.090249e-09	3.328925e+01	2.722600e+02
1.940000e-06	4.626093e-06	4.106582e-09	3.292029e+01	2.706786e+02
1.950000e-06	4.572216e-06	4.139456e-09	3.253689e+01	2.690149e+02
1.960000e-06	4.516380e-06	4.089613e-09	3.213955e+01	2.672571e+02
1.970000e-06	4.458840e-06	4.022364e-09	3.173009e+01	2.654041e+02
1.980000e-06	4.399890e-06	3.965505e-09	3.131058e+01	2.634646e+02
1.990000e-06	4.339456e-06	3.955924e-09	3.088052e+01	2.614550e+02
2.000000e-06	4.277332e-06	3.970858e-09	3.043843e+01	2.593934e+02
2.010000e-06	4.213571e-06	3.944516e-09	2.998469e+01	2.572950e+02
2.020000e-06	4.148276e-06	3.881630e-09	2.952004e+01	2.551673e+02
2.030000e-06	4.081553e-06	3.811481e-09	2.904522e+01	2.530079e+02
2.040000e-06	4.013405e-06	3.769763e-09	2.856027e+01	2.508056e+02
2.050000e-06	3.943761e-06	3.765456e-09	2.806467e+01	2.485436e+02
2.060000e-06	3.872615e-06	3.785148e-09	2.755838e+01	2.462041e+02
2.070000e-06	3.800086e-06	3.765525e-09	2.704224e+01	2.437735e+02
2.080000e-06	3.726241e-06	3.669340e-09	2.651675e+01	2.412464e+02
2.090000e-06	3.650982e-06	3.586571e-09	2.598119e+01	2.386265e+02
2.100000e-06	3.574253e-06	3.566529e-09	2.543517e+01	2.359253e+02
2.110000e-06	3.496051e-06	3.569061e-09	2.487867e+01	2.331591e+02
2.120000e-06	3.416514e-06	3.536831e-09	2.431266e+01	2.303437e+02
2.130000e-06	3.335824e-06	3.466493e-09	2.373845e+01	2.274896e+02
2.140000e-06	3.253958e-06	3.406559e-09	2.315588e+01	2.245994e+02
2.150000e-06	3.170984e-06	3.357076e-09	2.256542e+01	2.216664e+02
2.160000e-06	3.087021e-06	3.329216e-09	2.196792e+01	2.186766e+02
2.170000e-06	3.001877e-06	3.316239e-09	2.136201e+01	2.156122e+02
2.180000e-06	2.915458e-06	3.265084e-09	2.074704e+01	2.124566e+02
2.190000e-06	2.827893e-06	3.175564e-09	2.012391e+01	2.091980e+02
2.200000e-06	2.739283e-06	3.108794e-09	1.949334e+01	2.058329e+02
2.210000e-06	2.649707e-06	3.092138e-09	1.885590e+01	2.023658e+02
2.220000e-06	2.559254e-06	3.067375e-09	1.821221e+01	1.988079e+02
2.230000e-06	2.468005e-06	3.000184e-09	1.756286e+01	1.951728e+02
2.240000e-06	2.376003e-06	2.921329e-09	1.690816e+01	1.914730e+02
2.250000e-06	2.283135e-06	2.856800e-09	1.624729e+01	1.877152e+02
2.260000e-06	2.189386e-06	2.804553e-09	1.558015e+01	1.838994e+02
2.270000e-06	2.094780e-06	2.766638e-09	1.490692e+01	1.800178e+02
2.280000e-06	1.999221e-06	2.728573e-09	1.422690e+01	1.760579e+02
2.290000e-06	1.902821e-06	2.652230e-09	1.354089e+01	1.720056e+02
2.300000e-06	1.805836e-06	2.552183e-09	1.285072e+01	1.678490e+02
2.310000e-06	1.708354e-06	2.480390e-09	1.215702e+01	1.635819e+02
2.320000e-06	1.610349e-06	2.444286e-09	1.145960e+01	1.592049e+02
2.330000e-06	1.511825e-06	2.400862e-09	1.075848e+01	1.547249e+02
2.340000e-06	1.412878e-06	2.325080e-09	1.005435e+01	1.501529e+02
2.350000e-06	1.313531e-06	2.236917e-09	9.347376e+00	1.455001e+02
2.360000e-06	1.213754e-06	2.160016e-09	8.637336e+00	1.407746e+02
2.370000e-06	1.113738e-06	2.095176e-09	7.925601e+00	1.359789e+02
2.380000e-06	1.013500e-06	2.033896e-09	7.212290e+00	1.311085e+02
2.390000e-06	9.128229e-07	1.963455e-09	6.495848e+00	1.261530e+02
2.400000e-06	8.116005e-07	1.872695e-09	5.775527e+00	1.210985e+02
2.410000e-06	7.099989e-07	1.777948e-09	5.052508e+00	1.159310e+02
2.420000e-06	6.082293e-07	1.701631e-09	4.328293e+00	1.106393e+02
2.430000e-06	5.062254e-07	1.640237e-09	3.602411e+00	1.052172e+02
2.440000e-06	4.040026e-07	1.570438e-09	2.874971e+00	9.966458e+01
2.450000e-06	3.016185e-07	1.478229e-09	2.146384e+00	9.398577e+01
2.460000e-06	1.990505e-07	1.376232e-09	1.416487e+00	8.818786e+01
2.470000e-06	9.632394e-08	1.283494e-09	6.854623e-01	8.227771e+01
2.480000e-06	-6.480675e-09	1.199773e-09	-4.611790e-02	7.625942e+01
2.490000e-06	-1.092792e-07	1.112057e-09	-7.776547e-01	7.013271e+01
2.500000e-06	-2.120581e-07	1.012299e-09	-1.509052e+00	6.389254e+01
2.510000e-06	-3.147330e-07	9.060261e-10	-2.239709e+00	5.753001e+01
2.520000e-06	-4.172488e-07	8.018562e-10	-2.969234e+00	5.103412e+01
2.530000e-06	-5.196202e-07	7.033320e-10	-3.697731e+00	4.439380e+01
2.540000e-06	-6.217644e-07	6.097743e-10	-4.424612e+00	3.759953e+01
2.550000e-06	-7.235921e-07	5.091058e-10	-5.149240e+00	3.064434e+01
2.560000e-06	-8.250368e-07	3.927103e-10	-5.871143e+00	2.352382e+01
2.570000e-06	-9.260649e-07	2.693021e-10	-6.590081e+00	1.623554e+01
2.580000e-06	-1.026675e-06	1.549948e-10	-7.306046e+00	8.778180e+00
2.590000e-06	-1.126922e-06	4.615583e-11	-8.019424e+00	1.151082e+00
2.600000e-06	-1.226797e-06	-7.067864e-11	-8.730156e+00	-6.645631e+00
2.610000e-06	-1.326304e-06	-1.986631e-10	-9.438272e+00	-1.461003e+01
2.620000e-06	-1.425418e-06	-3.324578e-10	-1.014359e+01	-2.273675e+01
2.630000e-06	-1.524006e-06	-4.626327e-10	-1.084516e+01	-3.101513e+01
2.640000e-06	-1.622009e-06	-5.879265e-10	-1.154257e+01	-3.942778e+01
2.650000e-06	-1.719379e-06	-7.120086e-10	-1.223548e+01	-4.795006e+01
2.660000e-06	-1.816174e-06	-8.404623e-10	-1.292429e+01	-5.655077e+01
2.670000e-06	-1.912508e-06	-9.764410e-10	-1.360982e+01	-6.519393e+01
2.680000e-06	-2.008331e-06	-1.114306e-09	-1.429173e+01	-7.384149e+01
2.690000e-06	-2.103498e-06	-1.245835e-09	-1.496895e+01	-8.245603e+01
2.700000e-06	-2.197756e-06	-1.373167e-09	-1.563971e+01	-9.100314e+01
2.710000e-06	-2.290893e-06	-1.503886e-09	-1.630250e+01	-9.945265e+01
2.720000e-06	-2.383031e-06	-1.637040e-09	-1.695817e+01	-1.077787e+02
2.730000e-06	-2.474357e-06	-1.766857e-09	-1.760807e+01	-1.159589e+02
2.740000e-06	-2.564830e-06	-1.890356e-09	-1.825189e+01	-1.239726e+02
2.750000e-06	-2.654376e-06	-2.008566e-09	-1.888912e+01	-1.317995e+02
2.760000e-06	-2.743024e-06	-2.121890e-09	-1.951996e+01	-1.394193e+02
2.770000e-06	-2.830910e-06	-2.234297e-09	-2.014538e+01	-1.468115e+02
2.780000e-06	-2.918008e-06	-2.346633e-09	-2.076518e+01	-1.539574e+02
2.790000e-06	-3.003874e-06	-2.453678e-09	-2.137623e+01	-1.608420e+02
2.800000e-06	-3.088373e-06	-2.553059e-09	-2.197754e+01	-1.674563e+02
2.810000e-06	-3.171879e-06	-2.648086e-09	-2.257179e+01	-1.737995e+02
2.820000e-06	-3.254425e-06	-2.742214e-09	-2.315920e+01	-1.798785e+02
2.830000e-06	-3.335833e-06	-2.834301e-09	-2.373852e+01	-1.857076e+02
2.840000e-06	-3.416197e-06	-2.921144e-09	-2.431041e+01	-1.913055e+02
2.850000e-06	-3.495436e-06	-3.001106e-09	-2.487429e+01	-1.966921e+02
2.860000e-06	-3.573203e-06	-3.077698e-09	-2.542770e+01	-2.018852e+02
2.870000e-06	-3.649405e-06	-3.151200e-09	-2.596997e+01	-2.068978e+02
2.880000e-06	-3.724149e-06	-3.223627e-09	-2.650186e+01	-2.117373e+02
2.890000e-06	-3.797490e-06	-3.297613e-09	-2.702377e+01	-2.164055e+02
2.900000e-06	-3.869579e-06	-3.369170e-09	-2.753677e+01	-2.209011e+02
2.910000e-06	-3.940310e-06	-3.435138e-09	-2.804011e+01	-2.252215e+02
2.920000e-06	-4.009410e-06	-3.498530e-09	-2.853184e+01	-2.293663e+02
2.930000e-06	-4.077015e-06	-3.560830e-09	-2.901293e+01	-2.333380e+02
2.940000e-06	-4.143278e-06	-3.619802e-09	-2.948448e+01	-2.371431e+02
2.950000e-06	-4.208120e-06	-3.676485e-09	-2.994590e+01	-2.407901e+02
2.960000e-06	-4.271568e-06	-3.731752e-09	-3.039741e+01	-2.442884e+02
2.970000e-06	-4.333347e-06	-3.784236e-09	-3.083705e+01	-2.476447e+02
2.980000e-06	-4.393329e-06	-3.835747e-09	-3.126389e+01	-2.508620e+02
2.990000e-06	-4.451836e-06	-3.886781e-09	-3.168024e+01	-2.539383e+02
3.000000e-06	-4.508908e-06	-3.935015e-09	-3.208638e+01	-2.568680e+02
3.010000e-06	-4.564322e-06	-3.980280e-09	-3.248072e+01	-2.596438e+02
3.020000e-06	-4.617853e-06	-4.022449e-09	-3.286165e+01	-2.622601e+02
3.030000e-06	-4.669499e-06	-4.062102e-09	-3.322918e+01	-2.647154e+02
3.040000e-06	-4.719256e-06	-4.100400e-09	-3.358326e+01	-2.670150e+02
3.050000e-06	-4.767078e-06	-4.136507e-09	-3.392357e+01	-2.691705e+02
3.060000e-06	-4.813162e-06	-4.168196e-09	-3.425151e+01	-2.711989e+02
3.070000e-06	-4.857707e-06	-4.197877e-09	-3.456851e+01	-2.731186e+02
3.080000e-06	-4.900724e-06	-4.227998e-09	-3.487463e+01	-2.749467e+02
3.090000e-06	-4.942165e-06	-4.257924e-09	-3.516953e+01	-2.766949e+02
3.100000e-06	-4.982029e-06	-4.287643e-09	-3.545321e+01	-2.783674e+02
3.110000e-06	-5.020048e-06	-4.314604e-09	-3.572376e+01	-2.799613e+02
3.120000e-06	-5.056128e-06	-4.337821e-09	-3.598052e+01	-2.814681e+02
3.130000e-06	-5.090537e-06	-4.358428e-09	-3.622537e+01	-2.828771e+02
3.140000e-06	-5.123311e-06	-4.377319e-09	-3.645860e+01	-2.841793e+02
3.150000e-06	-5.154258e-06	-4.395317e-09	-3.667883e+01	-2.853706e+02
3.160000e-06	-5.183246e-06	-4.412789e-09	-3.688511e+01	-2.864539e+02
3.170000e-06	-5.210376e-06	-4.429836e-09	-3.707818e+01	-2.874384e+02
3.180000e-06	-5.235742e-06	-4.444760e-09	-3.725869e+01	-2.883375e+02
3.190000e-06	-5.259261e-06	-4.455787e-09	-3.742605e+01	-2.891653e+02
3.200000e-06	-5.280805e-06	-4.467182e-09	-3.757937e+01	-2.899325e+02
3.210000e-06	-5.300453e-06	-4.479624e-09	-3.771919e+01	-2.906437e+02
3.220000e-06	-5.318274e-06	-4.489667e-09	-3.784600e+01	-2.912964e+02
3.230000e-06	-5.334201e-06	-4.496966e-09	-3.795935e+01	-2.918815e+02
3.240000e-06	-5.348032e-06	-4.501497e-09	-3.805777e+01	-2.923867e+02
3.250000e-06	-5.359687e-06	-4.504820e-09	-3.814071e+01	-2.928005e+02
3.260000e-06	-5.369368e-06	-4.508917e-09	-3.820960e+01	-2.931160e+02
3.270000e-06	-5.377186e-06	-4.512648e-09	-3.826524e+01	-2.933333e+02
3.280000e-06	-5.382998e-06	-4.512322e-09	-3.830659e+01	-2.934605e+02
3.290000e-06	-5.386880e-06	-4.510516e-09	-3.833422e+01	-2.935118e+02
3.300000e-06	-5.388978e-06	-4.510525e-09	-3.834915e+01	-2.935038e+02
3.310000e-06	-5.389260e-06	-4.512265e-09	-3.835115e+01	-2.934510e+02
