# Temperatura_=_78.96
# Concentracion g/m^3_=_15000.0
# C_Vs_to_Am_M_A/Vsm_=_65563218390.804596
# pendiente_HvsI_1/m_=_3716.3
# ordenada_HvsI_A/m_=_1297.0
# frecuencia_Hz_=_301581.31270455924

Tiempo_(s)	Campo_(V.s)	Magnetizacion_(V.s)	Campo_(kA/m)	Magnetizacion_(A/m)
0.000000e+00	-5.393743e-06	-6.995952e-09	-3.834329e+01	-4.567817e+02
1.000000e-08	-5.391063e-06	-6.997024e-09	-3.832423e+01	-4.564960e+02
2.000000e-08	-5.386549e-06	-6.990293e-09	-3.829214e+01	-4.561381e+02
3.000000e-08	-5.380340e-06	-6.981307e-09	-3.824800e+01	-4.557192e+02
4.000000e-08	-5.372557e-06	-6.972555e-09	-3.819268e+01	-4.552424e+02
5.000000e-08	-5.363034e-06	-6.959951e-09	-3.812498e+01	-4.547010e+02
6.000000e-08	-5.351452e-06	-6.946549e-09	-3.804265e+01	-4.540807e+02
7.000000e-08	-5.337959e-06	-6.927789e-09	-3.794673e+01	-4.533628e+02
8.000000e-08	-5.322357e-06	-6.905736e-09	-3.783581e+01	-4.525298e+02
9.000000e-08	-5.304470e-06	-6.957043e-09	-3.770866e+01	-4.515705e+02
1.000000e-07	-5.284590e-06	-6.966847e-09	-3.756733e+01	-4.504843e+02
1.100000e-07	-5.262813e-06	-6.906737e-09	-3.741252e+01	-4.492825e+02
1.200000e-07	-5.239259e-06	-6.896331e-09	-3.724508e+01	-4.479870e+02
1.300000e-07	-5.214188e-06	-6.781065e-09	-3.706686e+01	-4.466259e+02
1.400000e-07	-5.187541e-06	-6.708393e-09	-3.687742e+01	-4.452274e+02
1.500000e-07	-5.159274e-06	-6.895420e-09	-3.667648e+01	-4.438131e+02
1.600000e-07	-5.129564e-06	-6.762881e-09	-3.646528e+01	-4.423926e+02
1.700000e-07	-5.098280e-06	-6.696154e-09	-3.624288e+01	-4.409601e+02
1.800000e-07	-5.064854e-06	-6.817285e-09	-3.600526e+01	-4.394950e+02
1.900000e-07	-5.029513e-06	-6.599793e-09	-3.575403e+01	-4.379647e+02
2.000000e-07	-4.992744e-06	-6.644371e-09	-3.549264e+01	-4.363314e+02
2.100000e-07	-4.954223e-06	-6.757656e-09	-3.521880e+01	-4.345586e+02
2.200000e-07	-4.913856e-06	-6.594742e-09	-3.493184e+01	-4.326179e+02
2.300000e-07	-4.871517e-06	-6.576877e-09	-3.463086e+01	-4.304944e+02
2.400000e-07	-4.827248e-06	-6.539560e-09	-3.431616e+01	-4.281879e+02
2.500000e-07	-4.781248e-06	-6.444692e-09	-3.398915e+01	-4.257125e+02
2.600000e-07	-4.733356e-06	-6.489579e-09	-3.364869e+01	-4.230921e+02
2.700000e-07	-4.683381e-06	-6.412251e-09	-3.329343e+01	-4.203552e+02
2.800000e-07	-4.631286e-06	-6.350337e-09	-3.292309e+01	-4.175285e+02
2.900000e-07	-4.577343e-06	-6.312472e-09	-3.253962e+01	-4.146323e+02
3.000000e-07	-4.521850e-06	-6.258785e-09	-3.214513e+01	-4.116770e+02
3.100000e-07	-4.464636e-06	-6.237383e-09	-3.173840e+01	-4.086629e+02
3.200000e-07	-4.405554e-06	-6.206634e-09	-3.131840e+01	-4.055810e+02
3.300000e-07	-4.344952e-06	-6.156273e-09	-3.088759e+01	-4.024170e+02
3.400000e-07	-4.282991e-06	-6.036840e-09	-3.044712e+01	-3.991548e+02
3.500000e-07	-4.219696e-06	-6.002523e-09	-2.999716e+01	-3.957804e+02
3.600000e-07	-4.154785e-06	-5.998685e-09	-2.953572e+01	-3.922842e+02
3.700000e-07	-4.088075e-06	-5.933595e-09	-2.906149e+01	-3.886626e+02
3.800000e-07	-4.019930e-06	-5.874913e-09	-2.857706e+01	-3.849174e+02
3.900000e-07	-3.950515e-06	-5.795637e-09	-2.808360e+01	-3.810541e+02
4.000000e-07	-3.879830e-06	-5.731260e-09	-2.758111e+01	-3.770805e+02
4.100000e-07	-3.807850e-06	-5.679649e-09	-2.706941e+01	-3.730040e+02
4.200000e-07	-3.734394e-06	-5.621426e-09	-2.654723e+01	-3.688303e+02
4.300000e-07	-3.659300e-06	-5.573100e-09	-2.601340e+01	-3.645625e+02
4.400000e-07	-3.582679e-06	-5.491456e-09	-2.546871e+01	-3.602011e+02
4.500000e-07	-3.504665e-06	-5.400480e-09	-2.491412e+01	-3.557442e+02
4.600000e-07	-3.425250e-06	-5.332436e-09	-2.434957e+01	-3.511886e+02
4.700000e-07	-3.344528e-06	-5.285189e-09	-2.377573e+01	-3.465302e+02
4.800000e-07	-3.262652e-06	-5.220872e-09	-2.319368e+01	-3.417646e+02
4.900000e-07	-3.179699e-06	-5.127526e-09	-2.260399e+01	-3.368879e+02
5.000000e-07	-3.095744e-06	-5.050147e-09	-2.200717e+01	-3.318968e+02
5.100000e-07	-3.010853e-06	-4.975000e-09	-2.140369e+01	-3.267885e+02
5.200000e-07	-2.924981e-06	-4.902108e-09	-2.079324e+01	-3.215612e+02
5.300000e-07	-2.838070e-06	-4.818613e-09	-2.017540e+01	-3.162145e+02
5.400000e-07	-2.750261e-06	-4.721175e-09	-1.955118e+01	-3.107492e+02
5.500000e-07	-2.661474e-06	-4.625300e-09	-1.892001e+01	-3.051673e+02
5.600000e-07	-2.571413e-06	-4.534931e-09	-1.827977e+01	-2.994718e+02
5.700000e-07	-2.480251e-06	-4.462161e-09	-1.763172e+01	-2.936661e+02
5.800000e-07	-2.388305e-06	-4.382383e-09	-1.697809e+01	-2.877526e+02
5.900000e-07	-2.295618e-06	-4.289375e-09	-1.631919e+01	-2.817322e+02
6.000000e-07	-2.202075e-06	-4.184813e-09	-1.565421e+01	-2.756032e+02
6.100000e-07	-2.107717e-06	-4.083928e-09	-1.498343e+01	-2.693610e+02
6.200000e-07	-2.012647e-06	-3.990835e-09	-1.430760e+01	-2.629990e+02
6.300000e-07	-1.916911e-06	-3.895537e-09	-1.362702e+01	-2.565091e+02
6.400000e-07	-1.820519e-06	-3.794256e-09	-1.294179e+01	-2.498836e+02
6.500000e-07	-1.723352e-06	-3.685050e-09	-1.225104e+01	-2.431171e+02
6.600000e-07	-1.625368e-06	-3.576244e-09	-1.155449e+01	-2.362072e+02
6.700000e-07	-1.526668e-06	-3.468680e-09	-1.085285e+01	-2.291557e+02
6.800000e-07	-1.427422e-06	-3.366396e-09	-1.014732e+01	-2.219674e+02
6.900000e-07	-1.327759e-06	-3.257025e-09	-9.438831e+00	-2.146495e+02
7.000000e-07	-1.227733e-06	-3.140089e-09	-8.727765e+00	-2.072084e+02
7.100000e-07	-1.127400e-06	-3.022266e-09	-8.014515e+00	-1.996484e+02
7.200000e-07	-1.026728e-06	-2.904506e-09	-7.298849e+00	-1.919691e+02
7.300000e-07	-9.257183e-07	-2.787547e-09	-6.580788e+00	-1.841642e+02
7.400000e-07	-8.244090e-07	-2.667292e-09	-5.860596e+00	-1.762224e+02
7.500000e-07	-7.227473e-07	-2.540417e-09	-5.137898e+00	-1.681279e+02
7.600000e-07	-6.207751e-07	-2.408438e-09	-4.412994e+00	-1.598628e+02
7.700000e-07	-5.186082e-07	-2.277325e-09	-3.686705e+00	-1.514097e+02
7.800000e-07	-4.163155e-07	-2.147924e-09	-2.959522e+00	-1.427538e+02
7.900000e-07	-3.139008e-07	-2.017024e-09	-2.231472e+00	-1.338840e+02
8.000000e-07	-2.113536e-07	-1.876881e-09	-1.502480e+00	-1.247937e+02
8.100000e-07	-1.087358e-07	-1.731777e-09	-7.729863e-01	-1.154796e+02
8.200000e-07	-6.091345e-09	-1.586522e-09	-4.330243e-02	-1.059403e+02
8.300000e-07	9.658672e-08	-1.437527e-09	6.866200e-01	-9.617445e+01
8.400000e-07	1.992715e-07	-1.285534e-09	1.416590e+00	-8.617933e+01
8.500000e-07	3.019110e-07	-1.128568e-09	2.146238e+00	-7.595000e+01
8.600000e-07	4.044644e-07	-9.654891e-10	2.875275e+00	-6.547936e+01
8.700000e-07	5.069258e-07	-7.973268e-10	3.603657e+00	-5.475913e+01
8.800000e-07	6.092874e-07	-6.291213e-10	4.331330e+00	-4.378123e+01
8.900000e-07	7.114682e-07	-4.611069e-10	5.057717e+00	-3.253924e+01
9.000000e-07	8.133289e-07	-2.882496e-10	5.781829e+00	-2.102946e+01
9.100000e-07	9.148362e-07	-1.072787e-10	6.503429e+00	-9.251434e+00
9.200000e-07	1.016010e-06	7.861453e-11	7.222656e+00	2.792131e+00
9.300000e-07	1.116842e-06	2.659903e-10	7.939456e+00	1.509573e+01
9.400000e-07	1.217319e-06	4.577998e-10	8.653732e+00	2.765129e+01
9.500000e-07	1.317368e-06	6.521734e-10	9.364967e+00	4.044777e+01
9.600000e-07	1.416942e-06	8.486233e-10	1.007282e+01	5.347002e+01
9.700000e-07	1.516084e-06	1.047053e-09	1.077760e+01	6.669678e+01
9.800000e-07	1.614737e-06	1.247743e-09	1.147891e+01	8.009824e+01
9.900000e-07	1.712665e-06	1.449470e-09	1.217507e+01	9.363396e+01
1.000000e-06	1.809716e-06	1.652992e-09	1.286499e+01	1.072517e+02
1.010000e-06	1.905896e-06	1.859134e-09	1.354872e+01	1.208878e+02
1.020000e-06	2.001346e-06	2.067503e-09	1.422726e+01	1.344703e+02
1.030000e-06	2.096161e-06	2.273911e-09	1.490128e+01	1.479227e+02
1.040000e-06	2.190213e-06	2.472640e-09	1.556989e+01	1.611701e+02
1.050000e-06	2.283502e-06	2.664611e-09	1.623306e+01	1.741455e+02
1.060000e-06	2.376045e-06	2.851440e-09	1.689093e+01	1.867947e+02
1.070000e-06	2.467851e-06	3.033882e-09	1.754357e+01	1.990802e+02
1.080000e-06	2.558936e-06	3.213579e-09	1.819108e+01	2.109813e+02
1.090000e-06	2.649085e-06	3.390866e-09	1.883194e+01	2.224931e+02
1.100000e-06	2.737969e-06	3.563712e-09	1.946380e+01	2.336218e+02
1.110000e-06	2.825701e-06	3.730113e-09	2.008747e+01	2.443797e+02
1.120000e-06	2.912598e-06	3.890492e-09	2.070520e+01	2.547799e+02
1.130000e-06	2.998587e-06	4.045530e-09	2.131649e+01	2.648318e+02
1.140000e-06	3.083565e-06	4.196526e-09	2.192058e+01	2.745388e+02
1.150000e-06	3.167561e-06	4.339855e-09	2.251770e+01	2.838985e+02
1.160000e-06	3.250664e-06	4.472961e-09	2.310847e+01	2.929043e+02
1.170000e-06	3.332609e-06	4.599257e-09	2.369100e+01	3.015490e+02
1.180000e-06	3.413173e-06	4.723083e-09	2.426372e+01	3.098284e+02
1.190000e-06	3.492598e-06	4.842962e-09	2.482834e+01	3.177438e+02
1.200000e-06	3.570867e-06	4.957821e-09	2.538474e+01	3.253038e+02
1.210000e-06	3.647818e-06	5.068520e-09	2.593177e+01	3.325237e+02
1.220000e-06	3.723429e-06	5.173918e-09	2.646928e+01	3.394237e+02
1.230000e-06	3.797581e-06	5.274421e-09	2.699642e+01	3.460260e+02
1.240000e-06	3.870068e-06	5.369210e-09	2.751171e+01	3.523525e+02
1.250000e-06	3.941046e-06	5.459927e-09	2.801628e+01	3.584215e+02
1.260000e-06	4.010691e-06	5.546504e-09	2.851138e+01	3.642478e+02
1.270000e-06	4.078937e-06	5.631179e-09	2.899653e+01	3.698421e+02
1.280000e-06	4.145842e-06	5.712671e-09	2.947215e+01	3.752130e+02
1.290000e-06	4.211077e-06	5.790196e-09	2.993589e+01	3.803680e+02
1.300000e-06	4.274615e-06	5.864539e-09	3.038758e+01	3.853157e+02
1.310000e-06	4.336771e-06	5.937464e-09	3.082943e+01	3.900660e+02
1.320000e-06	4.397512e-06	6.009717e-09	3.126123e+01	3.946300e+02
1.330000e-06	4.456854e-06	6.078327e-09	3.168308e+01	3.990184e+02
1.340000e-06	4.514565e-06	6.142605e-09	3.209334e+01	4.032397e+02
1.350000e-06	4.570468e-06	6.204133e-09	3.249075e+01	4.072985e+02
1.360000e-06	4.624755e-06	6.263821e-09	3.287666e+01	4.111945e+02
1.370000e-06	4.677348e-06	6.319396e-09	3.325054e+01	4.149229e+02
1.380000e-06	4.727948e-06	6.370284e-09	3.361025e+01	4.184757e+02
1.390000e-06	4.776525e-06	6.418547e-09	3.395558e+01	4.218442e+02
1.400000e-06	4.823349e-06	6.465212e-09	3.428844e+01	4.250219e+02
1.410000e-06	4.868574e-06	6.510211e-09	3.460994e+01	4.280067e+02
1.420000e-06	4.912216e-06	6.552688e-09	3.492018e+01	4.308021e+02
1.430000e-06	4.954052e-06	6.590905e-09	3.521758e+01	4.334172e+02
1.440000e-06	4.994022e-06	6.626180e-09	3.550173e+01	4.358646e+02
1.450000e-06	5.032297e-06	6.658715e-09	3.577382e+01	4.381587e+02
1.460000e-06	5.068932e-06	6.689446e-09	3.603425e+01	4.403122e+02
1.470000e-06	5.103980e-06	6.719884e-09	3.628341e+01	4.423342e+02
1.480000e-06	5.137101e-06	6.747300e-09	3.651885e+01	4.442295e+02
1.490000e-06	5.168272e-06	6.771495e-09	3.674044e+01	4.459985e+02
1.500000e-06	5.197758e-06	6.793630e-09	3.695006e+01	4.476390e+02
1.510000e-06	5.225609e-06	6.814282e-09	3.714804e+01	4.491489e+02
1.520000e-06	5.251546e-06	6.833720e-09	3.733243e+01	4.505276e+02
1.530000e-06	5.275316e-06	6.852250e-09	3.750140e+01	4.517783e+02
1.540000e-06	5.297180e-06	6.869706e-09	3.765683e+01	4.529075e+02
1.550000e-06	5.317375e-06	6.884950e-09	3.780040e+01	4.539240e+02
1.560000e-06	5.335709e-06	6.898778e-09	3.793073e+01	4.548363e+02
1.570000e-06	5.351990e-06	6.911902e-09	3.804646e+01	4.556506e+02
1.580000e-06	5.366320e-06	6.923231e-09	3.814834e+01	4.563686e+02
1.590000e-06	5.378660e-06	6.931513e-09	3.823606e+01	4.569864e+02
1.600000e-06	5.388817e-06	6.937996e-09	3.830827e+01	4.574959e+02
1.610000e-06	5.396851e-06	6.942558e-09	3.836537e+01	4.578871e+02
1.620000e-06	5.402990e-06	6.946618e-09	3.840902e+01	4.581511e+02
1.630000e-06	5.407330e-06	6.951512e-09	3.843987e+01	4.582838e+02
1.640000e-06	5.409756e-06	6.954686e-09	3.845712e+01	4.582879e+02
1.650000e-06	5.410162e-06	6.956988e-09	3.846000e+01	4.581732e+02
1.660000e-06	5.408734e-06	6.953435e-09	3.844985e+01	4.579554e+02
1.670000e-06	5.405660e-06	6.942726e-09	3.842800e+01	4.576524e+02
1.680000e-06	5.400907e-06	6.938723e-09	3.839421e+01	4.572801e+02
1.690000e-06	5.394215e-06	6.934243e-09	3.834664e+01	4.568483e+02
1.700000e-06	5.385733e-06	6.925740e-09	3.828634e+01	4.563580e+02
1.710000e-06	5.375732e-06	6.917882e-09	3.821524e+01	4.558005e+02
1.720000e-06	5.364044e-06	6.913158e-09	3.813216e+01	4.551604e+02
1.730000e-06	5.350409e-06	6.931544e-09	3.803523e+01	4.544185e+02
1.740000e-06	5.334632e-06	6.853253e-09	3.792308e+01	4.535585e+02
1.750000e-06	5.316488e-06	6.793400e-09	3.779409e+01	4.525711e+02
1.760000e-06	5.295666e-06	6.817246e-09	3.764607e+01	4.514583e+02
1.770000e-06	5.272501e-06	6.783200e-09	3.748139e+01	4.502337e+02
1.780000e-06	5.248028e-06	6.906853e-09	3.730742e+01	4.489211e+02
1.790000e-06	5.222869e-06	6.882777e-09	3.712857e+01	4.475491e+02
1.800000e-06	5.196349e-06	6.632360e-09	3.694004e+01	4.461452e+02
1.810000e-06	5.167597e-06	6.811565e-09	3.673565e+01	4.447287e+02
1.820000e-06	5.136980e-06	6.771575e-09	3.651800e+01	4.433061e+02
1.830000e-06	5.104759e-06	6.610347e-09	3.628894e+01	4.418682e+02
1.840000e-06	5.070560e-06	6.850817e-09	3.604582e+01	4.403916e+02
1.850000e-06	5.034729e-06	6.689286e-09	3.579111e+01	4.388419e+02
1.860000e-06	4.997188e-06	6.561785e-09	3.552424e+01	4.371810e+02
1.870000e-06	4.957664e-06	6.700983e-09	3.524327e+01	4.353736e+02
1.880000e-06	4.916485e-06	6.526822e-09	3.495053e+01	4.333940e+02
1.890000e-06	4.873489e-06	6.604621e-09	3.464488e+01	4.312302e+02
1.900000e-06	4.828811e-06	6.598387e-09	3.432727e+01	4.288854e+02
1.910000e-06	4.782383e-06	6.414717e-09	3.399722e+01	4.263761e+02
1.920000e-06	4.733886e-06	6.545441e-09	3.365246e+01	4.237277e+02
1.930000e-06	4.683774e-06	6.374429e-09	3.329622e+01	4.209688e+02
1.940000e-06	4.631976e-06	6.355078e-09	3.292800e+01	4.181253e+02
1.950000e-06	4.578110e-06	6.431388e-09	3.254507e+01	4.152153e+02
1.960000e-06	4.522279e-06	6.265809e-09	3.214818e+01	4.122472e+02
1.970000e-06	4.464665e-06	6.242987e-09	3.173861e+01	4.092190e+02
1.980000e-06	4.405609e-06	6.160899e-09	3.131879e+01	4.061203e+02
1.990000e-06	4.345134e-06	6.192976e-09	3.088889e+01	4.029360e+02
2.000000e-06	4.282949e-06	6.142703e-09	3.044682e+01	3.996503e+02
2.010000e-06	4.219153e-06	5.997810e-09	2.999330e+01	3.962498e+02
2.020000e-06	4.153861e-06	6.035702e-09	2.952916e+01	3.927263e+02
2.030000e-06	4.087121e-06	5.909469e-09	2.905471e+01	3.890773e+02
2.040000e-06	4.019004e-06	5.869630e-09	2.857048e+01	3.853056e+02
2.050000e-06	3.949363e-06	5.840336e-09	2.807541e+01	3.814175e+02
2.060000e-06	3.878123e-06	5.780409e-09	2.756897e+01	3.774207e+02
2.070000e-06	3.805502e-06	5.743896e-09	2.705273e+01	3.733223e+02
2.080000e-06	3.731645e-06	5.586330e-09	2.652769e+01	3.691277e+02
2.090000e-06	3.656437e-06	5.570620e-09	2.599304e+01	3.648394e+02
2.100000e-06	3.579842e-06	5.528584e-09	2.544854e+01	3.604572e+02
2.110000e-06	3.501581e-06	5.455099e-09	2.489220e+01	3.559789e+02
2.120000e-06	3.421855e-06	5.373408e-09	2.432543e+01	3.514010e+02
2.130000e-06	3.341107e-06	5.277015e-09	2.375141e+01	3.467194e+02
2.140000e-06	3.259240e-06	5.228774e-09	2.316943e+01	3.419298e+02
2.150000e-06	3.176278e-06	5.134301e-09	2.257967e+01	3.370283e+02
2.160000e-06	3.092374e-06	5.083398e-09	2.198321e+01	3.320117e+02
2.170000e-06	3.007395e-06	5.005358e-09	2.137911e+01	3.268774e+02
2.180000e-06	2.920976e-06	4.919510e-09	2.076476e+01	3.216240e+02
2.190000e-06	2.833298e-06	4.834567e-09	2.014147e+01	3.162512e+02
2.200000e-06	2.744693e-06	4.753143e-09	1.951159e+01	3.107601e+02
2.210000e-06	2.655185e-06	4.693265e-09	1.887530e+01	3.051530e+02
2.220000e-06	2.564811e-06	4.591676e-09	1.823285e+01	2.994331e+02
2.230000e-06	2.473571e-06	4.491187e-09	1.758423e+01	2.936035e+02
2.240000e-06	2.381535e-06	4.386023e-09	1.692996e+01	2.876666e+02
2.250000e-06	2.288753e-06	4.303853e-09	1.627039e+01	2.816225e+02
2.260000e-06	2.195092e-06	4.226053e-09	1.560457e+01	2.754692e+02
2.270000e-06	2.100374e-06	4.136562e-09	1.493123e+01	2.692014e+02
2.280000e-06	2.004666e-06	4.033317e-09	1.425086e+01	2.628121e+02
2.290000e-06	1.908277e-06	3.921100e-09	1.356564e+01	2.562931e+02
2.300000e-06	1.811336e-06	3.819973e-09	1.287651e+01	2.496373e+02
2.310000e-06	1.713865e-06	3.726108e-09	1.218360e+01	2.428395e+02
2.320000e-06	1.615894e-06	3.631143e-09	1.148714e+01	2.358984e+02
2.330000e-06	1.517423e-06	3.514339e-09	1.078713e+01	2.288165e+02
2.340000e-06	1.418427e-06	3.396310e-09	1.008338e+01	2.215993e+02
2.350000e-06	1.318930e-06	3.280735e-09	9.376070e+00	2.142539e+02
2.360000e-06	1.219077e-06	3.172819e-09	8.666227e+00	2.067866e+02
2.370000e-06	1.118989e-06	3.067088e-09	7.954721e+00	1.992006e+02
2.380000e-06	1.018669e-06	2.948205e-09	7.241561e+00	1.914945e+02
2.390000e-06	9.179429e-07	2.821043e-09	6.525514e+00	1.836609e+02
2.400000e-06	8.167847e-07	2.695363e-09	5.806396e+00	1.756873e+02
2.410000e-06	7.152131e-07	2.576701e-09	5.084339e+00	1.675571e+02
2.420000e-06	6.132299e-07	2.456816e-09	4.359356e+00	1.592526e+02
2.430000e-06	5.110000e-07	2.328637e-09	3.632620e+00	1.507566e+02
2.440000e-06	4.085601e-07	2.192142e-09	2.904390e+00	1.420550e+02
2.450000e-06	3.059239e-07	2.055281e-09	2.174765e+00	1.331379e+02
2.460000e-06	2.031435e-07	1.916650e-09	1.444116e+00	1.239992e+02
2.470000e-06	1.002069e-07	1.778187e-09	7.123553e-01	1.146364e+02
2.480000e-06	-2.806938e-09	1.636312e-09	-1.995409e-02	1.050481e+02
2.490000e-06	-1.058076e-07	1.483536e-09	-7.521699e-01	9.523285e+01
2.500000e-06	-2.087706e-07	1.326068e-09	-1.484118e+00	8.518747e+01
2.510000e-06	-3.116007e-07	1.170376e-09	-2.215121e+00	7.490651e+01
2.520000e-06	-4.143159e-07	1.018195e-09	-2.945307e+00	6.438253e+01
2.530000e-06	-5.169638e-07	8.596592e-10	-3.675016e+00	5.360717e+01
2.540000e-06	-6.193863e-07	6.899464e-10	-4.403121e+00	4.257257e+01
2.550000e-06	-7.214705e-07	5.149839e-10	-5.128822e+00	3.127283e+01
2.560000e-06	-8.231809e-07	3.367939e-10	-5.851865e+00	1.970492e+01
2.570000e-06	-9.244125e-07	1.554084e-10	-6.571505e+00	7.869100e+00
2.580000e-06	-1.025132e-06	-2.701274e-11	-7.287501e+00	-4.231308e+00
2.590000e-06	-1.125397e-06	-2.124816e-10	-8.000273e+00	-1.659024e+01
2.600000e-06	-1.225295e-06	-4.068339e-10	-8.710433e+00	-2.919903e+01
2.610000e-06	-1.324870e-06	-6.056769e-10	-9.418297e+00	-4.204591e+01
2.620000e-06	-1.424078e-06	-8.050215e-10	-1.012355e+01	-5.511460e+01
2.630000e-06	-1.522734e-06	-1.007467e-09	-1.082488e+01	-6.838221e+01
2.640000e-06	-1.620838e-06	-1.214234e-09	-1.152229e+01	-8.181681e+01
2.650000e-06	-1.718419e-06	-1.425430e-09	-1.221597e+01	-9.537547e+01
2.660000e-06	-1.815389e-06	-1.639153e-09	-1.290532e+01	-1.090034e+02
2.670000e-06	-1.911758e-06	-1.851523e-09	-1.359039e+01	-1.226349e+02
2.680000e-06	-2.007549e-06	-2.060136e-09	-1.427136e+01	-1.361966e+02
2.690000e-06	-2.102795e-06	-2.265242e-09	-1.494845e+01	-1.496117e+02
2.700000e-06	-2.197205e-06	-2.467235e-09	-1.561959e+01	-1.628067e+02
2.710000e-06	-2.290487e-06	-2.668289e-09	-1.628272e+01	-1.757168e+02
2.720000e-06	-2.382753e-06	-2.863463e-09	-1.693862e+01	-1.882912e+02
2.730000e-06	-2.474249e-06	-3.050447e-09	-1.758906e+01	-2.004961e+02
2.740000e-06	-2.564932e-06	-3.230775e-09	-1.823371e+01	-2.123143e+02
2.750000e-06	-2.654653e-06	-3.405639e-09	-1.887152e+01	-2.237437e+02
2.760000e-06	-2.743419e-06	-3.575811e-09	-1.950254e+01	-2.347924e+02
2.770000e-06	-2.831353e-06	-3.738076e-09	-2.012765e+01	-2.454732e+02
2.780000e-06	-2.918509e-06	-3.893898e-09	-2.074723e+01	-2.557987e+02
2.790000e-06	-3.004553e-06	-4.044122e-09	-2.135890e+01	-2.657772e+02
2.800000e-06	-3.089246e-06	-4.188182e-09	-2.196097e+01	-2.754107e+02
2.810000e-06	-3.172834e-06	-4.329563e-09	-2.255518e+01	-2.846958e+02
2.820000e-06	-3.255470e-06	-4.467917e-09	-2.314263e+01	-2.936253e+02
2.830000e-06	-3.337060e-06	-4.602320e-09	-2.372265e+01	-3.021926e+02
2.840000e-06	-3.417509e-06	-4.729070e-09	-2.429454e+01	-3.103942e+02
2.850000e-06	-3.496801e-06	-4.847571e-09	-2.485822e+01	-3.182331e+02
2.860000e-06	-3.574639e-06	-4.964069e-09	-2.541156e+01	-3.257192e+02
2.870000e-06	-3.650876e-06	-5.076260e-09	-2.595351e+01	-3.328693e+02
2.880000e-06	-3.725758e-06	-5.182451e-09	-2.648584e+01	-3.397042e+02
2.890000e-06	-3.799280e-06	-5.281709e-09	-2.700849e+01	-3.462462e+02
2.900000e-06	-3.871481e-06	-5.378127e-09	-2.752176e+01	-3.525167e+02
2.910000e-06	-3.942299e-06	-5.473619e-09	-2.802520e+01	-3.585332e+02
2.920000e-06	-4.011490e-06	-5.564828e-09	-2.851706e+01	-3.643095e+02
2.930000e-06	-4.079170e-06	-5.650042e-09	-2.899819e+01	-3.698559e+02
2.940000e-06	-4.145479e-06	-5.730142e-09	-2.946956e+01	-3.751803e+02
2.950000e-06	-4.210379e-06	-5.807004e-09	-2.993093e+01	-3.802907e+02
2.960000e-06	-4.273902e-06	-5.881216e-09	-3.038251e+01	-3.851958e+02
2.970000e-06	-4.335747e-06	-5.954030e-09	-3.082215e+01	-3.899059e+02
2.980000e-06	-4.395862e-06	-6.024511e-09	-3.124950e+01	-3.944319e+02
2.990000e-06	-4.454498e-06	-6.091969e-09	-3.166634e+01	-3.987845e+02
3.000000e-06	-4.511619e-06	-6.155967e-09	-3.207240e+01	-4.029713e+02
3.010000e-06	-4.567209e-06	-6.217848e-09	-3.246758e+01	-4.069960e+02
3.020000e-06	-4.620914e-06	-6.277510e-09	-3.284936e+01	-4.108572e+02
3.030000e-06	-4.672580e-06	-6.335080e-09	-3.321665e+01	-4.145493e+02
3.040000e-06	-4.722417e-06	-6.388670e-09	-3.357093e+01	-4.180638e+02
3.050000e-06	-4.770395e-06	-6.439972e-09	-3.391200e+01	-4.213924e+02
3.060000e-06	-4.816627e-06	-6.488795e-09	-3.424065e+01	-4.245294e+02
3.070000e-06	-4.861280e-06	-6.535820e-09	-3.455809e+01	-4.274737e+02
3.080000e-06	-4.904392e-06	-6.581029e-09	-3.486456e+01	-4.302301e+02
3.090000e-06	-4.945955e-06	-6.623607e-09	-3.516003e+01	-4.328086e+02
3.100000e-06	-4.985933e-06	-6.663887e-09	-3.544422e+01	-4.352226e+02
3.110000e-06	-5.024076e-06	-6.699601e-09	-3.571538e+01	-4.374861e+02
3.120000e-06	-5.060326e-06	-6.732143e-09	-3.597307e+01	-4.396114e+02
3.130000e-06	-5.094857e-06	-6.763335e-09	-3.621855e+01	-4.416066e+02
3.140000e-06	-5.127693e-06	-6.792467e-09	-3.645197e+01	-4.434755e+02
3.150000e-06	-5.158713e-06	-6.820321e-09	-3.667249e+01	-4.452177e+02
3.160000e-06	-5.187760e-06	-6.846926e-09	-3.687898e+01	-4.468310e+02
3.170000e-06	-5.215003e-06	-6.872062e-09	-3.707265e+01	-4.483132e+02
3.180000e-06	-5.240493e-06	-6.893225e-09	-3.725385e+01	-4.496648e+02
3.190000e-06	-5.264132e-06	-6.910336e-09	-3.742190e+01	-4.508893e+02
3.200000e-06	-5.285716e-06	-6.927792e-09	-3.757534e+01	-4.519942e+02
3.210000e-06	-5.305364e-06	-6.945551e-09	-3.771501e+01	-4.529882e+02
3.220000e-06	-5.323315e-06	-6.960392e-09	-3.784262e+01	-4.538797e+02
3.230000e-06	-5.339408e-06	-6.972850e-09	-3.795702e+01	-4.546740e+02
3.240000e-06	-5.353302e-06	-6.983454e-09	-3.805579e+01	-4.553716e+02
3.250000e-06	-5.364947e-06	-6.990307e-09	-3.813857e+01	-4.559675e+02
3.260000e-06	-5.374654e-06	-6.995011e-09	-3.820759e+01	-4.564531e+02
3.270000e-06	-5.382501e-06	-6.998399e-09	-3.826336e+01	-4.568182e+02
3.280000e-06	-5.388321e-06	-7.000504e-09	-3.830474e+01	-4.570548e+02
3.290000e-06	-5.392188e-06	-7.000442e-09	-3.833223e+01	-4.571601e+02
3.300000e-06	-5.394336e-06	-7.000858e-09	-3.834750e+01	-4.571382e+02
3.310000e-06	-5.394773e-06	-6.999249e-09	-3.835061e+01	-4.570005e+02
