# Temperatura_=_43.27
# Concentracion g/m^3_=_15000.0
# C_Vs_to_Am_M_A/Vsm_=_65563218390.804596
# pendiente_HvsI_1/m_=_3716.3
# ordenada_HvsI_A/m_=_1297.0
# frecuencia_Hz_=_302363.8222010367

Tiempo_(s)	Campo_(V.s)	Magnetizacion_(V.s)	Campo_(kA/m)	Magnetizacion_(A/m)
0.000000e+00	-8.141699e-06	-8.852573e-09	-5.689444e+01	-5.794838e+02
1.000000e-08	-8.137056e-06	-8.852842e-09	-5.686200e+01	-5.792734e+02
2.000000e-08	-8.129785e-06	-8.847403e-09	-5.681119e+01	-5.789586e+02
3.000000e-08	-8.119701e-06	-8.838711e-09	-5.674072e+01	-5.785403e+02
4.000000e-08	-8.106697e-06	-8.826686e-09	-5.664985e+01	-5.780260e+02
5.000000e-08	-8.090762e-06	-8.813381e-09	-5.653850e+01	-5.774289e+02
6.000000e-08	-8.072211e-06	-8.800386e-09	-5.640886e+01	-5.767645e+02
7.000000e-08	-8.051401e-06	-8.783190e-09	-5.626344e+01	-5.760480e+02
8.000000e-08	-8.027993e-06	-8.800095e-09	-5.609986e+01	-5.752908e+02
9.000000e-08	-8.001459e-06	-8.830898e-09	-5.591444e+01	-5.744982e+02
1.000000e-07	-7.971666e-06	-8.792763e-09	-5.570625e+01	-5.736689e+02
1.100000e-07	-7.938788e-06	-8.749519e-09	-5.547650e+01	-5.727956e+02
1.200000e-07	-7.903090e-06	-8.728547e-09	-5.522704e+01	-5.718666e+02
1.300000e-07	-7.864894e-06	-8.703712e-09	-5.496012e+01	-5.708687e+02
1.400000e-07	-7.824319e-06	-8.659556e-09	-5.467658e+01	-5.697895e+02
1.500000e-07	-7.781381e-06	-8.643945e-09	-5.437653e+01	-5.686185e+02
1.600000e-07	-7.735827e-06	-8.694906e-09	-5.405820e+01	-5.673489e+02
1.700000e-07	-7.687362e-06	-8.600983e-09	-5.371953e+01	-5.659766e+02
1.800000e-07	-7.636036e-06	-8.597799e-09	-5.336085e+01	-5.644999e+02
1.900000e-07	-7.581855e-06	-8.627009e-09	-5.298224e+01	-5.629183e+02
2.000000e-07	-7.524810e-06	-8.527264e-09	-5.258361e+01	-5.612315e+02
2.100000e-07	-7.465032e-06	-8.511816e-09	-5.216587e+01	-5.594393e+02
2.200000e-07	-7.402693e-06	-8.476107e-09	-5.173025e+01	-5.575408e+02
2.300000e-07	-7.337637e-06	-8.463372e-09	-5.127563e+01	-5.555358e+02
2.400000e-07	-7.269707e-06	-8.424687e-09	-5.080093e+01	-5.534245e+02
2.500000e-07	-7.198992e-06	-8.392444e-09	-5.030678e+01	-5.512079e+02
2.600000e-07	-7.125439e-06	-8.376039e-09	-4.979279e+01	-5.488881e+02
2.700000e-07	-7.049040e-06	-8.316516e-09	-4.925891e+01	-5.464673e+02
2.800000e-07	-6.969810e-06	-8.271142e-09	-4.870525e+01	-5.439473e+02
2.900000e-07	-6.887931e-06	-8.230930e-09	-4.813308e+01	-5.413289e+02
3.000000e-07	-6.803686e-06	-8.216314e-09	-4.754437e+01	-5.386111e+02
3.100000e-07	-6.717010e-06	-8.165061e-09	-4.693867e+01	-5.357915e+02
3.200000e-07	-6.627907e-06	-8.098933e-09	-4.631602e+01	-5.328665e+02
3.300000e-07	-6.536469e-06	-8.072855e-09	-4.567705e+01	-5.298324e+02
3.400000e-07	-6.442689e-06	-8.024153e-09	-4.502171e+01	-5.266860e+02
3.500000e-07	-6.346573e-06	-7.962594e-09	-4.435005e+01	-5.234255e+02
3.600000e-07	-6.248078e-06	-7.906847e-09	-4.366176e+01	-5.200504e+02
3.700000e-07	-6.147275e-06	-7.865220e-09	-4.295735e+01	-5.165610e+02
3.800000e-07	-6.044270e-06	-7.807251e-09	-4.223755e+01	-5.129574e+02
3.900000e-07	-5.939087e-06	-7.744744e-09	-4.150252e+01	-5.092387e+02
4.000000e-07	-5.831836e-06	-7.699639e-09	-4.075305e+01	-5.054018e+02
4.100000e-07	-5.722596e-06	-7.638819e-09	-3.998968e+01	-5.014414e+02
4.200000e-07	-5.611330e-06	-7.566353e-09	-3.921215e+01	-4.973506e+02
4.300000e-07	-5.497913e-06	-7.491222e-09	-3.841959e+01	-4.931215e+02
4.400000e-07	-5.382291e-06	-7.432410e-09	-3.761161e+01	-4.887468e+02
4.500000e-07	-5.264592e-06	-7.369587e-09	-3.678913e+01	-4.842211e+02
4.600000e-07	-5.144990e-06	-7.295961e-09	-3.595335e+01	-4.795411e+02
4.700000e-07	-5.023655e-06	-7.221949e-09	-3.510546e+01	-4.747054e+02
4.800000e-07	-4.900528e-06	-7.146953e-09	-3.424504e+01	-4.697136e+02
4.900000e-07	-4.775594e-06	-7.067189e-09	-3.337200e+01	-4.645643e+02
5.000000e-07	-4.648912e-06	-6.983112e-09	-3.248674e+01	-4.592539e+02
5.100000e-07	-4.520553e-06	-6.900502e-09	-3.158976e+01	-4.537751e+02
5.200000e-07	-4.390546e-06	-6.813382e-09	-3.068127e+01	-4.481172e+02
5.300000e-07	-4.258819e-06	-6.724559e-09	-2.976076e+01	-4.422674e+02
5.400000e-07	-4.125488e-06	-6.633722e-09	-2.882904e+01	-4.362126e+02
5.500000e-07	-3.990654e-06	-6.539083e-09	-2.788681e+01	-4.299423e+02
5.600000e-07	-3.854307e-06	-6.439568e-09	-2.693402e+01	-4.234501e+02
5.700000e-07	-3.716506e-06	-6.334710e-09	-2.597106e+01	-4.167353e+02
5.800000e-07	-3.577204e-06	-6.227148e-09	-2.499761e+01	-4.098017e+02
5.900000e-07	-3.436333e-06	-6.117046e-09	-2.401320e+01	-4.026556e+02
6.000000e-07	-3.294038e-06	-6.006405e-09	-2.301884e+01	-3.953028e+02
6.100000e-07	-3.150472e-06	-5.892083e-09	-2.201560e+01	-3.877445e+02
6.200000e-07	-3.005631e-06	-5.773411e-09	-2.100344e+01	-3.799751e+02
6.300000e-07	-2.859629e-06	-5.651604e-09	-1.998318e+01	-3.719806e+02
6.400000e-07	-2.712697e-06	-5.527592e-09	-1.895641e+01	-3.637399e+02
6.500000e-07	-2.564912e-06	-5.397787e-09	-1.792368e+01	-3.552275e+02
6.600000e-07	-2.416331e-06	-5.261614e-09	-1.688539e+01	-3.464178e+02
6.700000e-07	-2.266986e-06	-5.121688e-09	-1.584177e+01	-3.372890e+02
6.800000e-07	-2.116874e-06	-4.975244e-09	-1.479278e+01	-3.278266e+02
6.900000e-07	-1.966025e-06	-4.826039e-09	-1.373864e+01	-3.180241e+02
7.000000e-07	-1.814462e-06	-4.671636e-09	-1.267951e+01	-3.078814e+02
7.100000e-07	-1.662244e-06	-4.512393e-09	-1.161581e+01	-2.974015e+02
7.200000e-07	-1.509515e-06	-4.347431e-09	-1.054854e+01	-2.865854e+02
7.300000e-07	-1.356321e-06	-4.177146e-09	-9.478015e+00	-2.754279e+02
7.400000e-07	-1.202641e-06	-4.002369e-09	-8.404096e+00	-2.639144e+02
7.500000e-07	-1.048525e-06	-3.821124e-09	-7.327122e+00	-2.520206e+02
7.600000e-07	-8.939690e-07	-3.633751e-09	-6.247083e+00	-2.397150e+02
7.700000e-07	-7.390151e-07	-3.437952e-09	-5.164260e+00	-2.269636e+02
7.800000e-07	-5.837641e-07	-3.233960e-09	-4.079362e+00	-2.137350e+02
7.900000e-07	-4.283032e-07	-3.024880e-09	-2.992996e+00	-2.000045e+02
8.000000e-07	-2.727293e-07	-2.811425e-09	-1.905840e+00	-1.857558e+02
8.100000e-07	-1.170375e-07	-2.587356e-09	-8.178618e-01	-1.709788e+02
8.200000e-07	3.878027e-08	-2.353694e-09	2.709978e-01	-1.556644e+02
8.300000e-07	1.946232e-07	-2.113322e-09	1.360033e+00	-1.397967e+02
8.400000e-07	3.504081e-07	-1.865140e-09	2.448663e+00	-1.233462e+02
8.500000e-07	5.061193e-07	-1.606260e-09	3.536777e+00	-1.062651e+02
8.600000e-07	6.616877e-07	-1.333853e-09	4.623894e+00	-8.848813e+01
8.700000e-07	8.170451e-07	-1.050963e-09	5.709536e+00	-6.993973e+01
8.800000e-07	9.720905e-07	-7.537010e-10	6.792998e+00	-5.054769e+01
8.900000e-07	1.126701e-06	-4.422341e-10	7.873424e+00	-3.026095e+01
9.000000e-07	1.280801e-06	-1.197088e-10	8.950278e+00	-9.068754e+00
9.100000e-07	1.434393e-06	2.133689e-10	1.002358e+01	1.298295e+01
9.200000e-07	1.587528e-06	5.579791e-10	1.109369e+01	3.578168e+01
9.300000e-07	1.740137e-06	9.137008e-10	1.216013e+01	5.914797e+01
9.400000e-07	1.892134e-06	1.272381e-09	1.322229e+01	8.284512e+01
9.500000e-07	2.043481e-06	1.632236e-09	1.427991e+01	1.065984e+02
9.600000e-07	2.194070e-06	1.991494e-09	1.533223e+01	1.301206e+02
9.700000e-07	2.343777e-06	2.343357e-09	1.637839e+01	1.531394e+02
9.800000e-07	2.492607e-06	2.682357e-09	1.741842e+01	1.754221e+02
9.900000e-07	2.640593e-06	3.006729e-09	1.845255e+01	1.967942e+02
1.000000e-06	2.787530e-06	3.316390e-09	1.947935e+01	2.171474e+02
1.010000e-06	2.933339e-06	3.609985e-09	2.049827e+01	2.364386e+02
1.020000e-06	3.078094e-06	3.883560e-09	2.150981e+01	2.546790e+02
1.030000e-06	3.221671e-06	4.141233e-09	2.251314e+01	2.719188e+02
1.040000e-06	3.364011e-06	4.388405e-09	2.350781e+01	2.882280e+02
1.050000e-06	3.505102e-06	4.624225e-09	2.449376e+01	3.036808e+02
1.060000e-06	3.644803e-06	4.846714e-09	2.547000e+01	3.183431e+02
1.070000e-06	3.783047e-06	5.057703e-09	2.643605e+01	3.322672e+02
1.080000e-06	3.919930e-06	5.260823e-09	2.739259e+01	3.454917e+02
1.090000e-06	4.055374e-06	5.452981e-09	2.833908e+01	3.580460e+02
1.100000e-06	4.189274e-06	5.631761e-09	2.927478e+01	3.699563e+02
1.110000e-06	4.321762e-06	5.799450e-09	3.020061e+01	3.812520e+02
1.120000e-06	4.452736e-06	5.959743e-09	3.111585e+01	3.919680e+02
1.130000e-06	4.582077e-06	6.114953e-09	3.201970e+01	4.021455e+02
1.140000e-06	4.709876e-06	6.264875e-09	3.291276e+01	4.118279e+02
1.150000e-06	4.836019e-06	6.408805e-09	3.379425e+01	4.210564e+02
1.160000e-06	4.960525e-06	6.544497e-09	3.466430e+01	4.298648e+02
1.170000e-06	5.083294e-06	6.672192e-09	3.552222e+01	4.382760e+02
1.180000e-06	5.204225e-06	6.794033e-09	3.636729e+01	4.463017e+02
1.190000e-06	5.323339e-06	6.910352e-09	3.719966e+01	4.539447e+02
1.200000e-06	5.440486e-06	7.019380e-09	3.801829e+01	4.612042e+02
1.210000e-06	5.555505e-06	7.120102e-09	3.882204e+01	4.680816e+02
1.220000e-06	5.668343e-06	7.216565e-09	3.961055e+01	4.745856e+02
1.230000e-06	5.779053e-06	7.310154e-09	4.038420e+01	4.807356e+02
1.240000e-06	5.887764e-06	7.399311e-09	4.114388e+01	4.865610e+02
1.250000e-06	5.994396e-06	7.483152e-09	4.188903e+01	4.920992e+02
1.260000e-06	6.098750e-06	7.563628e-09	4.261825e+01	4.973897e+02
1.270000e-06	6.200892e-06	7.640051e-09	4.333203e+01	5.024691e+02
1.280000e-06	6.300744e-06	7.713709e-09	4.402980e+01	5.073656e+02
1.290000e-06	6.398228e-06	7.786524e-09	4.471102e+01	5.120962e+02
1.300000e-06	6.493324e-06	7.857815e-09	4.537555e+01	5.166671e+02
1.310000e-06	6.586082e-06	7.925340e-09	4.602374e+01	5.210754e+02
1.320000e-06	6.676559e-06	7.988583e-09	4.665600e+01	5.253138e+02
1.330000e-06	6.764617e-06	8.048682e-09	4.727135e+01	5.293746e+02
1.340000e-06	6.850257e-06	8.105286e-09	4.786980e+01	5.332537e+02
1.350000e-06	6.933508e-06	8.158653e-09	4.845157e+01	5.369521e+02
1.360000e-06	7.014215e-06	8.209799e-09	4.901555e+01	5.404758e+02
1.370000e-06	7.092363e-06	8.261324e-09	4.956165e+01	5.438338e+02
1.380000e-06	7.167921e-06	8.312956e-09	5.008965e+01	5.470345e+02
1.390000e-06	7.240747e-06	8.362191e-09	5.059856e+01	5.500833e+02
1.400000e-06	7.310922e-06	8.406863e-09	5.108895e+01	5.529802e+02
1.410000e-06	7.378538e-06	8.446293e-09	5.156145e+01	5.557204e+02
1.420000e-06	7.443585e-06	8.481324e-09	5.201600e+01	5.582955e+02
1.430000e-06	7.506021e-06	8.515426e-09	5.245230e+01	5.606969e+02
1.440000e-06	7.565931e-06	8.548634e-09	5.287096e+01	5.629188e+02
1.450000e-06	7.623262e-06	8.578792e-09	5.327159e+01	5.649610e+02
1.460000e-06	7.677826e-06	8.606470e-09	5.365288e+01	5.668303e+02
1.470000e-06	7.729363e-06	8.632135e-09	5.401303e+01	5.685392e+02
1.480000e-06	7.777719e-06	8.656652e-09	5.435094e+01	5.701039e+02
1.490000e-06	7.823222e-06	8.680309e-09	5.466892e+01	5.715410e+02
1.500000e-06	7.866005e-06	8.700272e-09	5.496789e+01	5.728641e+02
1.510000e-06	7.905921e-06	8.717224e-09	5.524682e+01	5.740814e+02
1.520000e-06	7.943016e-06	8.733251e-09	5.550604e+01	5.751954e+02
1.530000e-06	7.977342e-06	8.749139e-09	5.574591e+01	5.762033e+02
1.540000e-06	8.008802e-06	8.763656e-09	5.596576e+01	5.771001e+02
1.550000e-06	8.037470e-06	8.775512e-09	5.616609e+01	5.778817e+02
1.560000e-06	8.063255e-06	8.785092e-09	5.634627e+01	5.785469e+02
1.570000e-06	8.086031e-06	8.793185e-09	5.650543e+01	5.791000e+02
1.580000e-06	8.106008e-06	8.802546e-09	5.664503e+01	5.795498e+02
1.590000e-06	8.123136e-06	8.811926e-09	5.676473e+01	5.799086e+02
1.600000e-06	8.137221e-06	8.819932e-09	5.686315e+01	5.801888e+02
1.610000e-06	8.148097e-06	8.825313e-09	5.693915e+01	5.803999e+02
1.620000e-06	8.155832e-06	8.828142e-09	5.699320e+01	5.805465e+02
1.630000e-06	8.160730e-06	8.829207e-09	5.702743e+01	5.806265e+02
1.640000e-06	8.162743e-06	8.828954e-09	5.704150e+01	5.806324e+02
1.650000e-06	8.161827e-06	8.828089e-09	5.703510e+01	5.805536e+02
1.660000e-06	8.158239e-06	8.821801e-09	5.701003e+01	5.803792e+02
1.670000e-06	8.151916e-06	8.819610e-09	5.696584e+01	5.801017e+02
1.680000e-06	8.142811e-06	8.816736e-09	5.690222e+01	5.797196e+02
1.690000e-06	8.130958e-06	8.810811e-09	5.681938e+01	5.792382e+02
1.700000e-06	8.116207e-06	8.807160e-09	5.671630e+01	5.786687e+02
1.710000e-06	8.098800e-06	8.805726e-09	5.659466e+01	5.780262e+02
1.720000e-06	8.079092e-06	8.805791e-09	5.645695e+01	5.773266e+02
1.730000e-06	8.056782e-06	8.744747e-09	5.630104e+01	5.765828e+02
1.740000e-06	8.031159e-06	8.700704e-09	5.612198e+01	5.758024e+02
1.750000e-06	8.001830e-06	8.728611e-09	5.591703e+01	5.749866e+02
1.760000e-06	7.969077e-06	8.725372e-09	5.568816e+01	5.741299e+02
1.770000e-06	7.933749e-06	8.708323e-09	5.544128e+01	5.732220e+02
1.780000e-06	7.896115e-06	8.732857e-09	5.517830e+01	5.722501e+02
1.790000e-06	7.856245e-06	8.755310e-09	5.489968e+01	5.712010e+02
1.800000e-06	7.814426e-06	8.630194e-09	5.460745e+01	5.700636e+02
1.810000e-06	7.770111e-06	8.652707e-09	5.429778e+01	5.688296e+02
1.820000e-06	7.722948e-06	8.676142e-09	5.396820e+01	5.674940e+02
1.830000e-06	7.673032e-06	8.598917e-09	5.361938e+01	5.660545e+02
1.840000e-06	7.619953e-06	8.651167e-09	5.324847e+01	5.645102e+02
1.850000e-06	7.563917e-06	8.560218e-09	5.285688e+01	5.628608e+02
1.860000e-06	7.505216e-06	8.559345e-09	5.244668e+01	5.611061e+02
1.870000e-06	7.443691e-06	8.538300e-09	5.201675e+01	5.592454e+02
1.880000e-06	7.379379e-06	8.492815e-09	5.156733e+01	5.572783e+02
1.890000e-06	7.312247e-06	8.528291e-09	5.109821e+01	5.552046e+02
1.900000e-06	7.242277e-06	8.412621e-09	5.060926e+01	5.530252e+02
1.910000e-06	7.169443e-06	8.399260e-09	5.010029e+01	5.507418e+02
1.920000e-06	7.093864e-06	8.368781e-09	4.957214e+01	5.483566e+02
1.930000e-06	7.015542e-06	8.344830e-09	4.902483e+01	5.458717e+02
1.940000e-06	6.934534e-06	8.315153e-09	4.845874e+01	5.432882e+02
1.950000e-06	6.851100e-06	8.233770e-09	4.787570e+01	5.406059e+02
1.960000e-06	6.765032e-06	8.231511e-09	4.727425e+01	5.378228e+02
1.970000e-06	6.676332e-06	8.147253e-09	4.665441e+01	5.349357e+02
1.980000e-06	6.585240e-06	8.113286e-09	4.601786e+01	5.319407e+02
1.990000e-06	6.491894e-06	8.084123e-09	4.536555e+01	5.288345e+02
2.000000e-06	6.396294e-06	8.042802e-09	4.469750e+01	5.256147e+02
2.010000e-06	6.298473e-06	7.978436e-09	4.401392e+01	5.222803e+02
2.020000e-06	6.198390e-06	7.913529e-09	4.331454e+01	5.188315e+02
2.030000e-06	6.095956e-06	7.881151e-09	4.259873e+01	5.152685e+02
2.040000e-06	5.991330e-06	7.817810e-09	4.186760e+01	5.115909e+02
2.050000e-06	5.884606e-06	7.764144e-09	4.112181e+01	5.077964e+02
2.060000e-06	5.775925e-06	7.692509e-09	4.036234e+01	5.038807e+02
2.070000e-06	5.665214e-06	7.640344e-09	3.958869e+01	4.998371e+02
2.080000e-06	5.552364e-06	7.573397e-09	3.880009e+01	4.956581e+02
2.090000e-06	5.437407e-06	7.514912e-09	3.799677e+01	4.913359e+02
2.100000e-06	5.320418e-06	7.448983e-09	3.717924e+01	4.868645e+02
2.110000e-06	5.201397e-06	7.373355e-09	3.634752e+01	4.822396e+02
2.120000e-06	5.080431e-06	7.294337e-09	3.550221e+01	4.774593e+02
2.130000e-06	4.957618e-06	7.220685e-09	3.464398e+01	4.725231e+02
2.140000e-06	4.832979e-06	7.155850e-09	3.377301e+01	4.674302e+02
2.150000e-06	4.706655e-06	7.076947e-09	3.289025e+01	4.621777e+02
2.160000e-06	4.578622e-06	6.992331e-09	3.199556e+01	4.567599e+02
2.170000e-06	4.448929e-06	6.896377e-09	3.108925e+01	4.511671e+02
2.180000e-06	4.317593e-06	6.810891e-09	3.017147e+01	4.453872e+02
2.190000e-06	4.184685e-06	6.722426e-09	2.924271e+01	4.394068e+02
2.200000e-06	4.050280e-06	6.634803e-09	2.830349e+01	4.332143e+02
2.210000e-06	3.914292e-06	6.536199e-09	2.735320e+01	4.268015e+02
2.220000e-06	3.776673e-06	6.433918e-09	2.639151e+01	4.201657e+02
2.230000e-06	3.637564e-06	6.327439e-09	2.541941e+01	4.133094e+02
2.240000e-06	3.497135e-06	6.220035e-09	2.443809e+01	4.062382e+02
2.250000e-06	3.355405e-06	6.113082e-09	2.344767e+01	3.989586e+02
2.260000e-06	3.212375e-06	6.001471e-09	2.244817e+01	3.914737e+02
2.270000e-06	3.068063e-06	5.882333e-09	2.143972e+01	3.837807e+02
2.280000e-06	2.922568e-06	5.756575e-09	2.042300e+01	3.758685e+02
2.290000e-06	2.776044e-06	5.634369e-09	1.939908e+01	3.677182e+02
2.300000e-06	2.628581e-06	5.509666e-09	1.836861e+01	3.593057e+02
2.310000e-06	2.480141e-06	5.380177e-09	1.733130e+01	3.506047e+02
2.320000e-06	2.330861e-06	5.240475e-09	1.628813e+01	3.415918e+02
2.330000e-06	2.180928e-06	5.093963e-09	1.524039e+01	3.322495e+02
2.340000e-06	2.030267e-06	4.945822e-09	1.418757e+01	3.225685e+02
2.350000e-06	1.878877e-06	4.797322e-09	1.312965e+01	3.125467e+02
2.360000e-06	1.726840e-06	4.643558e-09	1.206721e+01	3.021867e+02
2.370000e-06	1.574253e-06	4.478663e-09	1.100093e+01	2.914907e+02
2.380000e-06	1.421145e-06	4.307396e-09	9.931002e+00	2.804561e+02
2.390000e-06	1.267487e-06	4.135459e-09	8.857240e+00	2.690718e+02
2.400000e-06	1.113399e-06	3.958913e-09	7.780467e+00	2.573169e+02
2.410000e-06	9.589686e-07	3.773599e-09	6.701302e+00	2.451621e+02
2.420000e-06	8.042237e-07	3.578537e-09	5.619940e+00	2.325736e+02
2.430000e-06	6.492364e-07	3.376674e-09	4.536884e+00	2.195184e+02
2.440000e-06	4.940539e-07	3.168438e-09	3.452464e+00	2.059693e+02
2.450000e-06	3.386204e-07	2.954307e-09	2.366290e+00	1.919068e+02
2.460000e-06	1.829371e-07	2.735679e-09	1.278370e+00	1.773193e+02
2.470000e-06	2.721232e-08	2.506028e-09	1.901605e-01	1.621978e+02
2.480000e-06	-1.284987e-07	2.264389e-09	-8.979526e-01	1.465301e+02
2.490000e-06	-2.842024e-07	2.014566e-09	-1.986015e+00	1.302920e+02
2.500000e-06	-4.397778e-07	1.757637e-09	-3.073181e+00	1.134426e+02
2.510000e-06	-5.951787e-07	1.489854e-09	-4.159127e+00	9.592229e+01
2.520000e-06	-7.504293e-07	1.207382e-09	-5.244023e+00	7.765799e+01
2.530000e-06	-9.055053e-07	9.129937e-10	-6.327699e+00	5.857441e+01
2.540000e-06	-1.060252e-06	6.073552e-10	-7.409073e+00	3.861071e+01
2.550000e-06	-1.214599e-06	2.903244e-10	-8.487656e+00	1.773964e+01
2.560000e-06	-1.368455e-06	-3.941218e-11	-9.562808e+00	-4.014656e+00
2.570000e-06	-1.521826e-06	-3.816868e-10	-1.063457e+01	-2.656404e+01
2.580000e-06	-1.674784e-06	-7.342867e-10	-1.170344e+01	-4.975236e+01
2.590000e-06	-1.827153e-06	-1.096488e-09	-1.276820e+01	-7.336162e+01
2.600000e-06	-1.978720e-06	-1.462035e-09	-1.382736e+01	-9.712801e+01
2.610000e-06	-2.129391e-06	-1.826580e-09	-1.488025e+01	-1.207656e+02
2.620000e-06	-2.279199e-06	-2.184810e-09	-1.592711e+01	-1.439936e+02
2.630000e-06	-2.428239e-06	-2.530753e-09	-1.696861e+01	-1.665627e+02
2.640000e-06	-2.576437e-06	-2.862452e-09	-1.800422e+01	-1.882762e+02
2.650000e-06	-2.723640e-06	-3.177913e-09	-1.903288e+01	-2.090017e+02
2.660000e-06	-2.869803e-06	-3.476829e-09	-2.005427e+01	-2.286736e+02
2.670000e-06	-3.014939e-06	-3.760603e-09	-2.106849e+01	-2.472854e+02
2.680000e-06	-3.158946e-06	-4.030061e-09	-2.207481e+01	-2.648754e+02
2.690000e-06	-3.301618e-06	-4.284841e-09	-2.307181e+01	-2.815086e+02
2.700000e-06	-3.442991e-06	-4.526373e-09	-2.405973e+01	-2.972592e+02
2.710000e-06	-3.583126e-06	-4.758165e-09	-2.503900e+01	-3.121973e+02
2.720000e-06	-3.721909e-06	-4.980450e-09	-2.600882e+01	-3.263802e+02
2.730000e-06	-3.859342e-06	-5.189716e-09	-2.696920e+01	-3.398510e+02
2.740000e-06	-3.995306e-06	-5.386330e-09	-2.791932e+01	-3.526418e+02
2.750000e-06	-4.129693e-06	-5.571172e-09	-2.885842e+01	-3.647793e+02
2.760000e-06	-4.262675e-06	-5.744334e-09	-2.978771e+01	-3.762910e+02
2.770000e-06	-4.394198e-06	-5.907465e-09	-3.070679e+01	-3.872098e+02
2.780000e-06	-4.524181e-06	-6.063843e-09	-3.161512e+01	-3.975748e+02
2.790000e-06	-4.652661e-06	-6.214144e-09	-3.251294e+01	-4.074293e+02
2.800000e-06	-4.779500e-06	-6.358696e-09	-3.339930e+01	-4.168158e+02
2.810000e-06	-4.904707e-06	-6.497271e-09	-3.427424e+01	-4.257712e+02
2.820000e-06	-5.028294e-06	-6.629350e-09	-3.513787e+01	-4.343226e+02
2.830000e-06	-5.150023e-06	-6.755466e-09	-3.598852e+01	-4.424855e+02
2.840000e-06	-5.269711e-06	-6.874036e-09	-3.682490e+01	-4.502654e+02
2.850000e-06	-5.387460e-06	-6.986391e-09	-3.764774e+01	-4.576621e+02
2.860000e-06	-5.503123e-06	-7.094063e-09	-3.845599e+01	-4.646757e+02
2.870000e-06	-5.616427e-06	-7.196106e-09	-3.924776e+01	-4.713117e+02
2.880000e-06	-5.727508e-06	-7.292148e-09	-4.002401e+01	-4.775854e+02
2.890000e-06	-5.836557e-06	-7.383214e-09	-4.078604e+01	-4.835229e+02
2.900000e-06	-5.943642e-06	-7.470251e-09	-4.153436e+01	-4.891594e+02
2.910000e-06	-6.048598e-06	-7.553232e-09	-4.226779e+01	-4.945341e+02
2.920000e-06	-6.151228e-06	-7.632067e-09	-4.298497e+01	-4.996854e+02
2.930000e-06	-6.251583e-06	-7.709560e-09	-4.368625e+01	-5.046448e+02
2.940000e-06	-6.349735e-06	-7.785126e-09	-4.437214e+01	-5.094336e+02
2.950000e-06	-6.445573e-06	-7.856727e-09	-4.504187e+01	-5.140617e+02
2.960000e-06	-6.539042e-06	-7.923099e-09	-4.569503e+01	-5.185290e+02
2.970000e-06	-6.630213e-06	-7.987118e-09	-4.633213e+01	-5.228293e+02
2.980000e-06	-6.719087e-06	-8.050436e-09	-4.695318e+01	-5.269544e+02
2.990000e-06	-6.805547e-06	-8.109898e-09	-4.755738e+01	-5.308988e+02
3.000000e-06	-6.889527e-06	-8.166462e-09	-4.814423e+01	-5.346614e+02
3.010000e-06	-6.971101e-06	-8.222604e-09	-4.871427e+01	-5.382468e+02
3.020000e-06	-7.050166e-06	-8.279495e-09	-4.926678e+01	-5.416632e+02
3.030000e-06	-7.126498e-06	-8.334357e-09	-4.980019e+01	-5.449194e+02
3.040000e-06	-7.200145e-06	-8.383739e-09	-5.031484e+01	-5.480224e+02
3.050000e-06	-7.271211e-06	-8.426990e-09	-5.081145e+01	-5.509741e+02
3.060000e-06	-7.339666e-06	-8.467640e-09	-5.128981e+01	-5.537713e+02
3.070000e-06	-7.405535e-06	-8.506846e-09	-5.175010e+01	-5.564066e+02
3.080000e-06	-7.468799e-06	-8.545123e-09	-5.219220e+01	-5.588711e+02
3.090000e-06	-7.529351e-06	-8.581287e-09	-5.261534e+01	-5.611577e+02
3.100000e-06	-7.587182e-06	-8.614638e-09	-5.301946e+01	-5.632639e+02
3.110000e-06	-7.642240e-06	-8.645008e-09	-5.340421e+01	-5.651940e+02
3.120000e-06	-7.694352e-06	-8.674873e-09	-5.376837e+01	-5.669586e+02
3.130000e-06	-7.743326e-06	-8.702477e-09	-5.411060e+01	-5.685731e+02
3.140000e-06	-7.789332e-06	-8.726632e-09	-5.443209e+01	-5.700542e+02
3.150000e-06	-7.832811e-06	-8.746945e-09	-5.473593e+01	-5.714170e+02
3.160000e-06	-7.873754e-06	-8.764890e-09	-5.502203e+01	-5.726717e+02
3.170000e-06	-7.911929e-06	-8.783071e-09	-5.528881e+01	-5.738229e+02
3.180000e-06	-7.947322e-06	-8.797704e-09	-5.553613e+01	-5.748694e+02
3.190000e-06	-7.979898e-06	-8.809111e-09	-5.576377e+01	-5.758067e+02
3.200000e-06	-8.009511e-06	-8.819996e-09	-5.597071e+01	-5.766300e+02
3.210000e-06	-8.036204e-06	-8.831751e-09	-5.615724e+01	-5.773368e+02
3.220000e-06	-8.060043e-06	-8.842299e-09	-5.632383e+01	-5.779293e+02
3.230000e-06	-8.080964e-06	-8.850269e-09	-5.647003e+01	-5.784150e+02
3.240000e-06	-8.099041e-06	-8.855976e-09	-5.659635e+01	-5.788050e+02
3.250000e-06	-8.114143e-06	-8.859297e-09	-5.670189e+01	-5.791122e+02
3.260000e-06	-8.126034e-06	-8.857969e-09	-5.678498e+01	-5.793474e+02
3.270000e-06	-8.134837e-06	-8.856043e-09	-5.684649e+01	-5.795171e+02
3.280000e-06	-8.140701e-06	-8.856127e-09	-5.688747e+01	-5.796217e+02
3.290000e-06	-8.143742e-06	-8.855214e-09	-5.690872e+01	-5.796554e+02
3.300000e-06	-8.143976e-06	-8.850989e-09	-5.691035e+01	-5.796084e+02
