# Temperatura_=_34.02
# Concentracion g/m^3_=_15000.0
# C_Vs_to_Am_M_A/Vsm_=_65563218390.804596
# pendiente_HvsI_1/m_=_3716.3
# ordenada_HvsI_A/m_=_1297.0
# frecuencia_Hz_=_301890.2963985393

Tiempo_(s)	Campo_(V.s)	Magnetizacion_(V.s)	Campo_(kA/m)	Magnetizacion_(A/m)
0.000000e+00	-6.835179e-06	-8.271079e-09	-4.749733e+01	-5.399215e+02
1.000000e-08	-6.832065e-06	-8.268038e-09	-4.747569e+01	-5.397618e+02
2.000000e-08	-6.826774e-06	-8.262288e-09	-4.743893e+01	-5.394952e+02
3.000000e-08	-6.819335e-06	-8.256368e-09	-4.738723e+01	-5.391225e+02
4.000000e-08	-6.809524e-06	-8.247934e-09	-4.731905e+01	-5.386481e+02
5.000000e-08	-6.797198e-06	-8.238424e-09	-4.723340e+01	-5.380803e+02
6.000000e-08	-6.782361e-06	-8.223918e-09	-4.713030e+01	-5.374305e+02
7.000000e-08	-6.765198e-06	-8.207867e-09	-4.701103e+01	-5.367125e+02
8.000000e-08	-6.745941e-06	-8.218390e-09	-4.687722e+01	-5.359413e+02
9.000000e-08	-6.724320e-06	-8.218198e-09	-4.672698e+01	-5.351309e+02
1.000000e-07	-6.699897e-06	-8.197768e-09	-4.655726e+01	-5.342935e+02
1.100000e-07	-6.672731e-06	-8.179345e-09	-4.636848e+01	-5.334373e+02
1.200000e-07	-6.643211e-06	-8.157759e-09	-4.616336e+01	-5.325659e+02
1.300000e-07	-6.611736e-06	-8.100744e-09	-4.594463e+01	-5.316774e+02
1.400000e-07	-6.578436e-06	-8.092522e-09	-4.571324e+01	-5.307641e+02
1.500000e-07	-6.543172e-06	-8.122853e-09	-4.546818e+01	-5.298136e+02
1.600000e-07	-6.505787e-06	-8.038554e-09	-4.520840e+01	-5.288093e+02
1.700000e-07	-6.466344e-06	-8.047709e-09	-4.493431e+01	-5.277321e+02
1.800000e-07	-6.424597e-06	-8.043935e-09	-4.464421e+01	-5.265623e+02
1.900000e-07	-6.380319e-06	-8.009523e-09	-4.433653e+01	-5.252810e+02
2.000000e-07	-6.333743e-06	-8.061391e-09	-4.401288e+01	-5.238717e+02
2.100000e-07	-6.284649e-06	-8.030813e-09	-4.367173e+01	-5.223220e+02
2.200000e-07	-6.232843e-06	-7.977653e-09	-4.331173e+01	-5.206242e+02
2.300000e-07	-6.178509e-06	-7.906250e-09	-4.293416e+01	-5.187756e+02
2.400000e-07	-6.121805e-06	-7.858232e-09	-4.254013e+01	-5.167783e+02
2.500000e-07	-6.062867e-06	-7.861132e-09	-4.213057e+01	-5.146385e+02
2.600000e-07	-6.001768e-06	-7.822049e-09	-4.170600e+01	-5.123655e+02
2.700000e-07	-5.938485e-06	-7.763549e-09	-4.126625e+01	-5.099705e+02
2.800000e-07	-5.872928e-06	-7.710949e-09	-4.081069e+01	-5.074650e+02
2.900000e-07	-5.805129e-06	-7.681913e-09	-4.033956e+01	-5.048593e+02
3.000000e-07	-5.735189e-06	-7.662798e-09	-3.985355e+01	-5.021621e+02
3.100000e-07	-5.663169e-06	-7.637365e-09	-3.935309e+01	-4.993791e+02
3.200000e-07	-5.588963e-06	-7.603575e-09	-3.883743e+01	-4.965127e+02
3.300000e-07	-5.512435e-06	-7.522148e-09	-3.830565e+01	-4.935624e+02
3.400000e-07	-5.433627e-06	-7.466361e-09	-3.775801e+01	-4.905247e+02
3.500000e-07	-5.352713e-06	-7.437842e-09	-3.719575e+01	-4.873938e+02
3.600000e-07	-5.270011e-06	-7.401929e-09	-3.662105e+01	-4.841625e+02
3.700000e-07	-5.185580e-06	-7.345562e-09	-3.603435e+01	-4.808232e+02
3.800000e-07	-5.099412e-06	-7.268607e-09	-3.543557e+01	-4.773684e+02
3.900000e-07	-5.011471e-06	-7.212636e-09	-3.482447e+01	-4.737914e+02
4.000000e-07	-4.921703e-06	-7.161251e-09	-3.420068e+01	-4.700871e+02
4.100000e-07	-4.830218e-06	-7.111925e-09	-3.356495e+01	-4.662521e+02
4.200000e-07	-4.737096e-06	-7.051016e-09	-3.291786e+01	-4.622844e+02
4.300000e-07	-4.642340e-06	-6.979363e-09	-3.225940e+01	-4.581836e+02
4.400000e-07	-4.545880e-06	-6.907485e-09	-3.158910e+01	-4.539502e+02
4.500000e-07	-4.447690e-06	-6.840623e-09	-3.090679e+01	-4.495853e+02
4.600000e-07	-4.347935e-06	-6.786545e-09	-3.021359e+01	-4.450901e+02
4.700000e-07	-4.246747e-06	-6.719583e-09	-2.951044e+01	-4.404649e+02
4.800000e-07	-4.144117e-06	-6.638684e-09	-2.879727e+01	-4.357093e+02
4.900000e-07	-4.039968e-06	-6.555551e-09	-2.807354e+01	-4.308215e+02
5.000000e-07	-3.934219e-06	-6.483869e-09	-2.733870e+01	-4.257982e+02
5.100000e-07	-3.826948e-06	-6.414931e-09	-2.659328e+01	-4.206350e+02
5.200000e-07	-3.718310e-06	-6.331607e-09	-2.583836e+01	-4.153261e+02
5.300000e-07	-3.608460e-06	-6.231451e-09	-2.507502e+01	-4.098652e+02
5.400000e-07	-3.497332e-06	-6.127286e-09	-2.430279e+01	-4.042454e+02
5.500000e-07	-3.384722e-06	-6.036996e-09	-2.352027e+01	-3.984601e+02
5.600000e-07	-3.270665e-06	-5.956311e-09	-2.272769e+01	-3.925032e+02
5.700000e-07	-3.155259e-06	-5.877600e-09	-2.192574e+01	-3.863695e+02
5.800000e-07	-3.038509e-06	-5.785942e-09	-2.111445e+01	-3.800549e+02
5.900000e-07	-2.920668e-06	-5.683223e-09	-2.029558e+01	-3.735565e+02
6.000000e-07	-2.801934e-06	-5.577028e-09	-1.947051e+01	-3.668724e+02
6.100000e-07	-2.682143e-06	-5.468817e-09	-1.863808e+01	-3.600015e+02
6.200000e-07	-2.561238e-06	-5.357073e-09	-1.779792e+01	-3.529424e+02
6.300000e-07	-2.439343e-06	-5.239929e-09	-1.695088e+01	-3.456936e+02
6.400000e-07	-2.316509e-06	-5.119082e-09	-1.609731e+01	-3.382524e+02
6.500000e-07	-2.192781e-06	-5.001049e-09	-1.523753e+01	-3.306142e+02
6.600000e-07	-2.068301e-06	-4.887452e-09	-1.437252e+01	-3.227724e+02
6.700000e-07	-1.943195e-06	-4.771108e-09	-1.350317e+01	-3.147180e+02
6.800000e-07	-1.817456e-06	-4.647379e-09	-1.262942e+01	-3.064394e+02
6.900000e-07	-1.691128e-06	-4.513744e-09	-1.175157e+01	-2.979232e+02
7.000000e-07	-1.564260e-06	-4.378688e-09	-1.086997e+01	-2.891543e+02
7.100000e-07	-1.436892e-06	-4.244201e-09	-9.984890e+00	-2.801172e+02
7.200000e-07	-1.309044e-06	-4.103017e-09	-9.096484e+00	-2.707967e+02
7.300000e-07	-1.180679e-06	-3.952271e-09	-8.204478e+00	-2.611789e+02
7.400000e-07	-1.051848e-06	-3.793768e-09	-7.309239e+00	-2.512522e+02
7.500000e-07	-9.226402e-07	-3.632342e-09	-6.411383e+00	-2.410079e+02
7.600000e-07	-7.931197e-07	-3.469544e-09	-5.511350e+00	-2.304400e+02
7.700000e-07	-6.633742e-07	-3.307255e-09	-4.609756e+00	-2.195452e+02
7.800000e-07	-5.334899e-07	-3.140881e-09	-3.707195e+00	-2.083222e+02
7.900000e-07	-4.034813e-07	-2.967377e-09	-2.803772e+00	-1.967700e+02
8.000000e-07	-2.733368e-07	-2.786539e-09	-1.899404e+00	-1.848867e+02
8.100000e-07	-1.430452e-07	-2.601051e-09	-9.940140e-01	-1.726674e+02
8.200000e-07	-1.267916e-08	-2.411664e-09	-8.810687e-02	-1.601028e+02
8.300000e-07	1.177586e-07	-2.214716e-09	8.182992e-01	-1.471776e+02
8.400000e-07	2.482159e-07	-2.011485e-09	1.724840e+00	-1.338701e+02
8.500000e-07	3.785955e-07	-1.803116e-09	2.630842e+00	-1.201522e+02
8.600000e-07	5.088432e-07	-1.589214e-09	3.535927e+00	-1.059908e+02
8.700000e-07	6.389345e-07	-1.365701e-09	4.439925e+00	-9.134986e+01
8.800000e-07	7.688726e-07	-1.133046e-09	5.342859e+00	-7.619349e+01
8.900000e-07	8.985375e-07	-8.929523e-10	6.243894e+00	-6.049024e+01
9.000000e-07	1.027869e-06	-6.466642e-10	7.142610e+00	-4.421739e+01
9.100000e-07	1.156894e-06	-3.928165e-10	8.039204e+00	-2.736548e+01
9.200000e-07	1.285561e-06	-1.313244e-10	8.933304e+00	-9.942382e+00
9.300000e-07	1.413756e-06	1.378811e-10	9.824125e+00	8.023396e+00
9.400000e-07	1.541386e-06	4.165398e-10	1.071102e+01	2.648076e+01
9.500000e-07	1.668358e-06	7.032677e-10	1.159334e+01	4.535563e+01
9.600000e-07	1.794759e-06	9.956594e-10	1.247170e+01	6.455227e+01
9.700000e-07	1.920597e-06	1.292550e-09	1.334614e+01	8.395637e+01
9.800000e-07	2.045763e-06	1.590820e-09	1.421591e+01	1.034398e+02
9.900000e-07	2.170294e-06	1.889692e-09	1.508127e+01	1.228663e+02
1.000000e-06	2.294158e-06	2.186760e-09	1.594199e+01	1.420984e+02
1.010000e-06	2.417199e-06	2.476815e-09	1.679700e+01	1.610043e+02
1.020000e-06	2.539102e-06	2.757882e-09	1.764410e+01	1.794642e+02
1.030000e-06	2.659952e-06	3.026411e-09	1.848388e+01	1.973757e+02
1.040000e-06	2.779919e-06	3.282927e-09	1.931752e+01	2.146583e+02
1.050000e-06	2.898850e-06	3.530018e-09	2.014397e+01	2.312553e+02
1.060000e-06	3.016737e-06	3.765823e-09	2.096316e+01	2.471347e+02
1.070000e-06	3.133582e-06	3.993103e-09	2.177511e+01	2.622875e+02
1.080000e-06	3.249293e-06	4.211374e-09	2.257918e+01	2.767245e+02
1.090000e-06	3.363609e-06	4.420805e-09	2.337356e+01	2.904724e+02
1.100000e-06	3.476412e-06	4.620383e-09	2.415742e+01	3.035688e+02
1.110000e-06	3.587870e-06	4.813989e-09	2.493194e+01	3.160565e+02
1.120000e-06	3.698130e-06	4.999607e-09	2.569813e+01	3.279791e+02
1.130000e-06	3.807235e-06	5.172785e-09	2.645629e+01	3.393767e+02
1.140000e-06	3.915189e-06	5.337922e-09	2.720646e+01	3.502833e+02
1.150000e-06	4.021799e-06	5.496786e-09	2.794729e+01	3.607246e+02
1.160000e-06	4.126895e-06	5.650550e-09	2.867760e+01	3.707185e+02
1.170000e-06	4.230455e-06	5.795146e-09	2.939723e+01	3.802756e+02
1.180000e-06	4.332513e-06	5.930314e-09	3.010642e+01	3.894014e+02
1.190000e-06	4.433149e-06	6.059202e-09	3.080574e+01	3.980986e+02
1.200000e-06	4.532215e-06	6.184263e-09	3.149414e+01	4.063700e+02
1.210000e-06	4.629475e-06	6.303952e-09	3.217000e+01	4.142211e+02
1.220000e-06	4.724952e-06	6.417685e-09	3.283346e+01	4.216615e+02
1.230000e-06	4.818799e-06	6.524542e-09	3.348560e+01	4.287064e+02
1.240000e-06	4.911104e-06	6.626056e-09	3.412703e+01	4.353766e+02
1.250000e-06	5.001684e-06	6.723135e-09	3.475646e+01	4.416980e+02
1.260000e-06	5.090280e-06	6.815378e-09	3.537211e+01	4.476999e+02
1.270000e-06	5.176988e-06	6.901003e-09	3.597464e+01	4.534132e+02
1.280000e-06	5.261956e-06	6.983190e-09	3.656508e+01	4.588683e+02
1.290000e-06	5.345186e-06	7.064043e-09	3.714344e+01	4.640928e+02
1.300000e-06	5.426403e-06	7.140406e-09	3.770781e+01	4.691103e+02
1.310000e-06	5.505518e-06	7.212161e-09	3.825758e+01	4.739385e+02
1.320000e-06	5.582708e-06	7.280316e-09	3.879397e+01	4.785894e+02
1.330000e-06	5.657858e-06	7.346567e-09	3.931618e+01	4.830693e+02
1.340000e-06	5.730749e-06	7.411881e-09	3.982270e+01	4.873794e+02
1.350000e-06	5.801466e-06	7.476780e-09	4.031411e+01	4.915176e+02
1.360000e-06	5.870212e-06	7.538757e-09	4.079182e+01	4.954796e+02
1.370000e-06	5.936873e-06	7.595317e-09	4.125504e+01	4.992606e+02
1.380000e-06	6.001309e-06	7.646951e-09	4.170281e+01	5.028566e+02
1.390000e-06	6.063629e-06	7.696158e-09	4.213587e+01	5.062655e+02
1.400000e-06	6.124076e-06	7.744037e-09	4.255591e+01	5.094875e+02
1.410000e-06	6.182400e-06	7.789253e-09	4.296120e+01	5.125252e+02
1.420000e-06	6.238397e-06	7.832913e-09	4.335032e+01	5.153832e+02
1.430000e-06	6.292208e-06	7.875577e-09	4.372425e+01	5.180677e+02
1.440000e-06	6.343522e-06	7.914509e-09	4.408083e+01	5.205851e+02
1.450000e-06	6.392169e-06	7.948732e-09	4.441887e+01	5.229420e+02
1.460000e-06	6.438460e-06	7.980628e-09	4.474055e+01	5.251437e+02
1.470000e-06	6.482726e-06	8.010853e-09	4.504815e+01	5.271947e+02
1.480000e-06	6.524700e-06	8.037964e-09	4.533982e+01	5.290979e+02
1.490000e-06	6.564137e-06	8.063946e-09	4.561388e+01	5.308554e+02
1.500000e-06	6.601400e-06	8.088415e-09	4.587281e+01	5.324688e+02
1.510000e-06	6.636481e-06	8.109811e-09	4.611659e+01	5.339399e+02
1.520000e-06	6.669064e-06	8.129000e-09	4.634301e+01	5.352712e+02
1.530000e-06	6.699249e-06	8.146202e-09	4.655276e+01	5.364667e+02
1.540000e-06	6.727268e-06	8.161933e-09	4.674746e+01	5.375320e+02
1.550000e-06	6.752840e-06	8.175507e-09	4.692516e+01	5.384741e+02
1.560000e-06	6.775757e-06	8.187015e-09	4.708441e+01	5.393012e+02
1.570000e-06	6.796379e-06	8.197927e-09	4.722771e+01	5.400221e+02
1.580000e-06	6.814774e-06	8.209083e-09	4.735554e+01	5.406450e+02
1.590000e-06	6.830601e-06	8.217861e-09	4.746552e+01	5.411771e+02
1.600000e-06	6.843850e-06	8.224365e-09	4.755759e+01	5.416234e+02
1.610000e-06	6.854462e-06	8.230902e-09	4.763132e+01	5.419864e+02
1.620000e-06	6.862364e-06	8.235790e-09	4.768623e+01	5.422659e+02
1.630000e-06	6.867858e-06	8.238780e-09	4.772442e+01	5.424590e+02
1.640000e-06	6.870999e-06	8.240203e-09	4.774624e+01	5.425612e+02
1.650000e-06	6.871648e-06	8.241001e-09	4.775075e+01	5.425668e+02
1.660000e-06	6.869899e-06	8.236578e-09	4.773860e+01	5.424705e+02
1.670000e-06	6.865998e-06	8.233677e-09	4.771149e+01	5.422684e+02
1.680000e-06	6.859789e-06	8.229039e-09	4.766834e+01	5.419594e+02
1.690000e-06	6.851240e-06	8.223624e-09	4.760894e+01	5.415456e+02
1.700000e-06	6.840528e-06	8.219587e-09	4.753450e+01	5.410329e+02
1.710000e-06	6.827484e-06	8.216183e-09	4.744386e+01	5.404309e+02
1.720000e-06	6.812071e-06	8.216846e-09	4.733675e+01	5.397521e+02
1.730000e-06	6.794555e-06	8.177896e-09	4.721503e+01	5.390110e+02
1.740000e-06	6.774705e-06	8.154532e-09	4.707710e+01	5.382223e+02
1.750000e-06	6.751661e-06	8.151119e-09	4.691696e+01	5.373996e+02
1.760000e-06	6.725429e-06	8.130390e-09	4.673468e+01	5.365536e+02
1.770000e-06	6.696723e-06	8.131956e-09	4.653521e+01	5.356909e+02
1.780000e-06	6.665998e-06	8.172236e-09	4.632170e+01	5.348129e+02
1.790000e-06	6.633749e-06	8.107056e-09	4.609760e+01	5.339153e+02
1.800000e-06	6.599962e-06	8.114665e-09	4.586282e+01	5.329887e+02
1.810000e-06	6.563749e-06	8.137308e-09	4.561117e+01	5.320187e+02
1.820000e-06	6.525054e-06	8.067503e-09	4.534229e+01	5.309877e+02
1.830000e-06	6.484275e-06	8.120981e-09	4.505892e+01	5.298761e+02
1.840000e-06	6.441280e-06	8.038269e-09	4.476015e+01	5.286642e+02
1.850000e-06	6.396172e-06	7.974150e-09	4.444669e+01	5.273339e+02
1.860000e-06	6.348703e-06	8.006385e-09	4.411683e+01	5.258702e+02
1.870000e-06	6.298789e-06	7.950746e-09	4.376998e+01	5.242626e+02
1.880000e-06	6.246535e-06	8.010057e-09	4.340687e+01	5.225051e+02
1.890000e-06	6.191574e-06	7.977838e-09	4.302495e+01	5.205971e+02
1.900000e-06	6.134198e-06	7.894637e-09	4.262624e+01	5.185424e+02
1.910000e-06	6.074566e-06	7.896878e-09	4.221187e+01	5.163486e+02
1.920000e-06	6.012552e-06	7.824736e-09	4.178093e+01	5.140259e+02
1.930000e-06	5.948388e-06	7.827656e-09	4.133506e+01	5.115856e+02
1.940000e-06	5.882105e-06	7.785690e-09	4.087446e+01	5.090391e+02
1.950000e-06	5.813696e-06	7.728541e-09	4.039909e+01	5.063962e+02
1.960000e-06	5.742944e-06	7.677079e-09	3.990744e+01	5.036643e+02
1.970000e-06	5.669904e-06	7.619764e-09	3.939989e+01	5.008480e+02
1.980000e-06	5.594738e-06	7.629385e-09	3.887756e+01	4.979484e+02
1.990000e-06	5.517280e-06	7.569810e-09	3.833932e+01	4.949639e+02
2.000000e-06	5.437665e-06	7.514614e-09	3.778608e+01	4.918899e+02
2.010000e-06	5.356147e-06	7.447652e-09	3.721961e+01	4.887200e+02
2.020000e-06	5.272875e-06	7.396288e-09	3.664095e+01	4.854468e+02
2.030000e-06	5.187731e-06	7.362724e-09	3.604929e+01	4.820625e+02
2.040000e-06	5.100598e-06	7.311372e-09	3.544381e+01	4.785599e+02
2.050000e-06	5.011642e-06	7.268324e-09	3.482566e+01	4.749330e+02
2.060000e-06	4.921114e-06	7.189679e-09	3.419658e+01	4.711772e+02
2.070000e-06	4.829005e-06	7.128104e-09	3.355652e+01	4.672898e+02
2.080000e-06	4.735123e-06	7.071058e-09	3.290415e+01	4.632693e+02
2.090000e-06	4.639524e-06	7.029988e-09	3.223983e+01	4.591158e+02
2.100000e-06	4.542319e-06	6.965906e-09	3.156436e+01	4.548302e+02
2.110000e-06	4.443609e-06	6.883015e-09	3.087843e+01	4.504136e+02
2.120000e-06	4.343364e-06	6.812338e-09	3.018183e+01	4.458668e+02
2.130000e-06	4.241568e-06	6.739216e-09	2.947445e+01	4.411901e+02
2.140000e-06	4.138187e-06	6.672162e-09	2.875606e+01	4.363824e+02
2.150000e-06	4.033271e-06	6.596055e-09	2.802701e+01	4.314413e+02
2.160000e-06	3.926985e-06	6.519771e-09	2.728843e+01	4.263632e+02
2.170000e-06	3.819310e-06	6.437377e-09	2.654020e+01	4.211431e+02
2.180000e-06	3.710299e-06	6.364036e-09	2.578269e+01	4.157749e+02
2.190000e-06	3.599879e-06	6.293199e-09	2.501538e+01	4.102519e+02
2.200000e-06	3.488005e-06	6.216277e-09	2.423798e+01	4.045674e+02
2.210000e-06	3.374786e-06	6.116807e-09	2.345122e+01	3.987149e+02
2.220000e-06	3.260292e-06	6.006823e-09	2.265561e+01	3.926886e+02
2.230000e-06	3.144456e-06	5.905563e-09	2.185067e+01	3.864838e+02
2.240000e-06	3.027260e-06	5.811550e-09	2.103628e+01	3.800968e+02
2.250000e-06	2.908889e-06	5.723483e-09	2.021373e+01	3.735252e+02
2.260000e-06	2.789332e-06	5.627534e-09	1.938293e+01	3.667674e+02
2.270000e-06	2.668667e-06	5.523447e-09	1.854444e+01	3.598223e+02
2.280000e-06	2.547052e-06	5.413231e-09	1.769934e+01	3.526884e+02
2.290000e-06	2.424584e-06	5.304911e-09	1.684832e+01	3.453640e+02
2.300000e-06	2.301392e-06	5.194978e-09	1.599226e+01	3.378456e+02
2.310000e-06	2.177513e-06	5.079499e-09	1.513143e+01	3.301279e+02
2.320000e-06	2.052878e-06	4.954002e-09	1.426535e+01	3.222034e+02
2.330000e-06	1.927465e-06	4.823446e-09	1.339386e+01	3.140619e+02
2.340000e-06	1.801386e-06	4.693750e-09	1.251774e+01	3.056912e+02
2.350000e-06	1.674674e-06	4.563976e-09	1.163723e+01	2.970771e+02
2.360000e-06	1.547336e-06	4.432181e-09	1.075236e+01	2.882043e+02
2.370000e-06	1.419393e-06	4.291410e-09	9.863297e+00	2.790571e+02
2.380000e-06	1.290939e-06	4.144378e-09	8.970675e+00	2.696209e+02
2.390000e-06	1.162115e-06	3.998271e-09	8.075484e+00	2.598826e+02
2.400000e-06	1.032993e-06	3.853450e-09	7.178220e+00	2.498316e+02
2.410000e-06	9.035503e-07	3.702969e-09	6.278727e+00	2.394602e+02
2.420000e-06	7.737834e-07	3.537378e-09	5.376984e+00	2.287637e+02
2.430000e-06	6.438190e-07	3.360254e-09	4.473867e+00	2.177396e+02
2.440000e-06	5.137233e-07	3.182814e-09	3.569839e+00	2.063869e+02
2.450000e-06	3.834643e-07	3.007169e-09	2.664675e+00	1.947046e+02
2.460000e-06	2.529863e-07	2.829761e-09	1.757990e+00	1.826896e+02
2.470000e-06	1.223331e-07	2.642692e-09	8.500866e-01	1.703357e+02
2.480000e-06	-8.347308e-09	2.444847e-09	-5.800504e-02	1.576311e+02
2.490000e-06	-1.390401e-07	2.242565e-09	-9.661826e-01	1.445582e+02
2.500000e-06	-2.697319e-07	2.034216e-09	-1.874354e+00	1.310927e+02
2.510000e-06	-4.003456e-07	1.819432e-09	-2.781982e+00	1.172043e+02
2.520000e-06	-5.307894e-07	1.598591e-09	-3.688430e+00	1.028585e+02
2.530000e-06	-6.610347e-07	1.369887e-09	-4.593498e+00	8.801867e+01
2.540000e-06	-7.910995e-07	1.134962e-09	-5.497313e+00	7.265037e+01
2.550000e-06	-9.208681e-07	8.927329e-10	-6.399068e+00	5.672497e+01
2.560000e-06	-1.050312e-06	6.433922e-10	-7.298565e+00	4.022443e+01
2.570000e-06	-1.179473e-06	3.853176e-10	-8.196098e+00	2.314565e+01
2.580000e-06	-1.308298e-06	1.149498e-10	-9.091303e+00	5.504286e+00
2.590000e-06	-1.436696e-06	-1.651495e-10	-9.983531e+00	-1.266244e+01
2.600000e-06	-1.564591e-06	-4.503705e-10	-1.087227e+01	-3.129437e+01
2.610000e-06	-1.691863e-06	-7.411771e-10	-1.175667e+01	-5.030863e+01
2.620000e-06	-1.818344e-06	-1.038263e-09	-1.263558e+01	-6.960174e+01
2.630000e-06	-1.944065e-06	-1.337438e-09	-1.350921e+01	-8.905331e+01
2.640000e-06	-2.069108e-06	-1.635619e-09	-1.437813e+01	-1.085313e+02
2.650000e-06	-2.193275e-06	-1.931111e-09	-1.524097e+01	-1.278981e+02
2.660000e-06	-2.316525e-06	-2.223142e-09	-1.609742e+01	-1.470178e+02
2.670000e-06	-2.438927e-06	-2.509156e-09	-1.694798e+01	-1.657623e+02
2.680000e-06	-2.560372e-06	-2.787417e-09	-1.779190e+01	-1.840183e+02
2.690000e-06	-2.680956e-06	-3.058936e-09	-1.862984e+01	-2.016915e+02
2.700000e-06	-2.800660e-06	-3.321118e-09	-1.946165e+01	-2.187105e+02
2.710000e-06	-2.919231e-06	-3.571490e-09	-2.028560e+01	-2.350286e+02
2.720000e-06	-3.036579e-06	-3.810647e-09	-2.110104e+01	-2.506229e+02
2.730000e-06	-3.152675e-06	-4.039253e-09	-2.190778e+01	-2.654926e+02
2.740000e-06	-3.267523e-06	-4.258902e-09	-2.270586e+01	-2.796555e+02
2.750000e-06	-3.381021e-06	-4.468789e-09	-2.349455e+01	-2.931430e+02
2.760000e-06	-3.493044e-06	-4.669048e-09	-2.427300e+01	-3.059954e+02
2.770000e-06	-3.603662e-06	-4.857957e-09	-2.504168e+01	-3.182565e+02
2.780000e-06	-3.713051e-06	-5.035961e-09	-2.580181e+01	-3.299688e+02
2.790000e-06	-3.821362e-06	-5.206739e-09	-2.655446e+01	-3.411704e+02
2.800000e-06	-3.928528e-06	-5.370986e-09	-2.729915e+01	-3.518920e+02
2.810000e-06	-4.034340e-06	-5.526857e-09	-2.803443e+01	-3.621564e+02
2.820000e-06	-4.138716e-06	-5.674494e-09	-2.875974e+01	-3.719782e+02
2.830000e-06	-4.241496e-06	-5.816092e-09	-2.947395e+01	-3.813658e+02
2.840000e-06	-4.342640e-06	-5.952098e-09	-3.017679e+01	-3.903234e+02
2.850000e-06	-4.442271e-06	-6.083519e-09	-3.086913e+01	-3.988533e+02
2.860000e-06	-4.540369e-06	-6.209547e-09	-3.155080e+01	-4.069593e+02
2.870000e-06	-4.637019e-06	-6.329355e-09	-3.222242e+01	-4.146480e+02
2.880000e-06	-4.732030e-06	-6.440679e-09	-3.288265e+01	-4.219313e+02
2.890000e-06	-4.825189e-06	-6.546302e-09	-3.353001e+01	-4.288267e+02
2.900000e-06	-4.916708e-06	-6.648816e-09	-3.416596e+01	-4.353570e+02
2.910000e-06	-5.006527e-06	-6.746282e-09	-3.479011e+01	-4.415497e+02
2.920000e-06	-5.094465e-06	-6.837292e-09	-3.540119e+01	-4.474350e+02
2.930000e-06	-5.180401e-06	-6.921481e-09	-3.599835e+01	-4.530438e+02
2.940000e-06	-5.264407e-06	-7.002190e-09	-3.658211e+01	-4.584057e+02
2.950000e-06	-5.346686e-06	-7.082277e-09	-3.715386e+01	-4.635468e+02
2.960000e-06	-5.427148e-06	-7.159145e-09	-3.771299e+01	-4.684885e+02
2.970000e-06	-5.505415e-06	-7.231363e-09	-3.825687e+01	-4.732465e+02
2.980000e-06	-5.581440e-06	-7.300743e-09	-3.878516e+01	-4.778302e+02
2.990000e-06	-5.655409e-06	-7.368379e-09	-3.929916e+01	-4.822439e+02
3.000000e-06	-5.727359e-06	-7.433980e-09	-3.979914e+01	-4.864873e+02
3.010000e-06	-5.797190e-06	-7.497009e-09	-4.028440e+01	-4.905574e+02
3.020000e-06	-5.864892e-06	-7.557267e-09	-4.075485e+01	-4.944492e+02
3.030000e-06	-5.930548e-06	-7.612895e-09	-4.121109e+01	-4.981584e+02
3.040000e-06	-5.994132e-06	-7.666771e-09	-4.165293e+01	-5.016815e+02
3.050000e-06	-6.055582e-06	-7.719785e-09	-4.207995e+01	-5.050172e+02
3.060000e-06	-6.114822e-06	-7.770973e-09	-4.249161e+01	-5.081668e+02
3.070000e-06	-6.172056e-06	-7.818813e-09	-4.288932e+01	-5.111337e+02
3.080000e-06	-6.227131e-06	-7.862496e-09	-4.327203e+01	-5.139233e+02
3.090000e-06	-6.279691e-06	-7.903221e-09	-4.363727e+01	-5.165418e+02
3.100000e-06	-6.329567e-06	-7.943398e-09	-4.398385e+01	-5.189959e+02
3.110000e-06	-6.376898e-06	-7.980373e-09	-4.431276e+01	-5.212917e+02
3.120000e-06	-6.422093e-06	-8.013174e-09	-4.462681e+01	-5.234342e+02
3.130000e-06	-6.465186e-06	-8.041486e-09	-4.492626e+01	-5.254272e+02
3.140000e-06	-6.506179e-06	-8.066879e-09	-4.521112e+01	-5.272735e+02
3.150000e-06	-6.544935e-06	-8.092291e-09	-4.548044e+01	-5.289746e+02
3.160000e-06	-6.581284e-06	-8.116781e-09	-4.573303e+01	-5.305323e+02
3.170000e-06	-6.615300e-06	-8.140482e-09	-4.596940e+01	-5.319486e+02
3.180000e-06	-6.646987e-06	-8.161747e-09	-4.618959e+01	-5.332264e+02
3.190000e-06	-6.676220e-06	-8.180948e-09	-4.639273e+01	-5.343705e+02
3.200000e-06	-6.703018e-06	-8.199382e-09	-4.657895e+01	-5.353869e+02
3.210000e-06	-6.727570e-06	-8.216759e-09	-4.674956e+01	-5.362833e+02
3.220000e-06	-6.749682e-06	-8.229742e-09	-4.690322e+01	-5.370681e+02
3.230000e-06	-6.769371e-06	-8.237929e-09	-4.704004e+01	-5.377500e+02
3.240000e-06	-6.786801e-06	-8.243268e-09	-4.716115e+01	-5.383369e+02
3.250000e-06	-6.801586e-06	-8.249400e-09	-4.726389e+01	-5.388352e+02
3.260000e-06	-6.813573e-06	-8.254323e-09	-4.734719e+01	-5.392491e+02
3.270000e-06	-6.823118e-06	-8.258190e-09	-4.741352e+01	-5.395800e+02
3.280000e-06	-6.830217e-06	-8.260435e-09	-4.746285e+01	-5.398264e+02
3.290000e-06	-6.834767e-06	-8.262113e-09	-4.749447e+01	-5.399849e+02
3.300000e-06	-6.836972e-06	-8.262568e-09	-4.750979e+01	-5.400503e+02
3.310000e-06	-6.836842e-06	-8.264365e-09	-4.750889e+01	-5.400169e+02
