# Temperatura_=_71.68
# Concentracion g/m^3_=_15000.0
# C_Vs_to_Am_M_A/Vsm_=_65563218390.804596
# pendiente_HvsI_1/m_=_3716.3
# ordenada_HvsI_A/m_=_1297.0
# frecuencia_Hz_=_301578.9691149802

Tiempo_(s)	Campo_(V.s)	Magnetizacion_(V.s)	Campo_(kA/m)	Magnetizacion_(A/m)
0.000000e+00	-5.383013e-06	-7.150656e-09	-3.833833e+01	-4.676199e+02
1.000000e-08	-5.380161e-06	-7.148919e-09	-3.831802e+01	-4.674291e+02
2.000000e-08	-5.375564e-06	-7.143946e-09	-3.828528e+01	-4.671128e+02
3.000000e-08	-5.369362e-06	-7.135405e-09	-3.824111e+01	-4.666672e+02
4.000000e-08	-5.361578e-06	-7.125586e-09	-3.818567e+01	-4.660932e+02
5.000000e-08	-5.351977e-06	-7.114675e-09	-3.811729e+01	-4.653974e+02
6.000000e-08	-5.340288e-06	-7.103835e-09	-3.803404e+01	-4.645915e+02
7.000000e-08	-5.326686e-06	-7.094705e-09	-3.793716e+01	-4.636917e+02
8.000000e-08	-5.311025e-06	-7.079062e-09	-3.782563e+01	-4.627169e+02
9.000000e-08	-5.293127e-06	-7.088299e-09	-3.769816e+01	-4.616865e+02
1.000000e-07	-5.273166e-06	-7.085324e-09	-3.755599e+01	-4.606180e+02
1.100000e-07	-5.251306e-06	-7.040155e-09	-3.740030e+01	-4.595246e+02
1.200000e-07	-5.227774e-06	-7.010353e-09	-3.723271e+01	-4.584132e+02
1.300000e-07	-5.202753e-06	-6.977712e-09	-3.705451e+01	-4.572835e+02
1.400000e-07	-5.176078e-06	-6.927527e-09	-3.686452e+01	-4.561274e+02
1.500000e-07	-5.147750e-06	-6.976035e-09	-3.666277e+01	-4.549295e+02
1.600000e-07	-5.118001e-06	-6.936291e-09	-3.645089e+01	-4.536690e+02
1.700000e-07	-5.086653e-06	-6.873052e-09	-3.622763e+01	-4.523216e+02
1.800000e-07	-5.053233e-06	-6.923209e-09	-3.598961e+01	-4.508623e+02
1.900000e-07	-5.017924e-06	-6.865040e-09	-3.573813e+01	-4.492679e+02
2.000000e-07	-4.981150e-06	-6.824512e-09	-3.547623e+01	-4.475196e+02
2.100000e-07	-4.942669e-06	-6.807251e-09	-3.520216e+01	-4.456051e+02
2.200000e-07	-4.902364e-06	-6.702158e-09	-3.491510e+01	-4.435193e+02
2.300000e-07	-4.860077e-06	-6.670888e-09	-3.461394e+01	-4.412648e+02
2.400000e-07	-4.815825e-06	-6.677925e-09	-3.429877e+01	-4.388510e+02
2.500000e-07	-4.769803e-06	-6.658321e-09	-3.397099e+01	-4.362927e+02
2.600000e-07	-4.721895e-06	-6.650078e-09	-3.362979e+01	-4.336080e+02
2.700000e-07	-4.671961e-06	-6.549055e-09	-3.327415e+01	-4.308156e+02
2.800000e-07	-4.619915e-06	-6.495818e-09	-3.290348e+01	-4.279331e+02
2.900000e-07	-4.565949e-06	-6.484007e-09	-3.251912e+01	-4.249746e+02
3.000000e-07	-4.510414e-06	-6.434712e-09	-3.212360e+01	-4.219494e+02
3.100000e-07	-4.453279e-06	-6.395821e-09	-3.171668e+01	-4.188611e+02
3.200000e-07	-4.394296e-06	-6.340683e-09	-3.129660e+01	-4.157083e+02
3.300000e-07	-4.333741e-06	-6.283090e-09	-3.086532e+01	-4.124847e+02
3.400000e-07	-4.271800e-06	-6.230406e-09	-3.042417e+01	-4.091807e+02
3.500000e-07	-4.208441e-06	-6.201437e-09	-2.997292e+01	-4.057853e+02
3.600000e-07	-4.143622e-06	-6.154484e-09	-2.951127e+01	-4.022873e+02
3.700000e-07	-4.077149e-06	-6.065104e-09	-2.903784e+01	-3.986771e+02
3.800000e-07	-4.009042e-06	-6.001498e-09	-2.855278e+01	-3.949480e+02
3.900000e-07	-3.939530e-06	-5.956583e-09	-2.805771e+01	-3.910964e+02
4.000000e-07	-3.868812e-06	-5.908442e-09	-2.755405e+01	-3.871221e+02
4.100000e-07	-3.796933e-06	-5.850772e-09	-2.704212e+01	-3.830279e+02
4.200000e-07	-3.723664e-06	-5.769097e-09	-2.652029e+01	-3.788186e+02
4.300000e-07	-3.648748e-06	-5.695348e-09	-2.598674e+01	-3.744999e+02
4.400000e-07	-3.572232e-06	-5.625659e-09	-2.544178e+01	-3.700774e+02
4.500000e-07	-3.494306e-06	-5.575793e-09	-2.488678e+01	-3.655551e+02
4.600000e-07	-3.414973e-06	-5.529736e-09	-2.432177e+01	-3.609354e+02
4.700000e-07	-3.334330e-06	-5.448348e-09	-2.374741e+01	-3.562182e+02
4.800000e-07	-3.252499e-06	-5.351333e-09	-2.316461e+01	-3.514011e+02
4.900000e-07	-3.169513e-06	-5.266337e-09	-2.257358e+01	-3.464798e+02
5.000000e-07	-3.085554e-06	-5.199698e-09	-2.197561e+01	-3.414486e+02
5.100000e-07	-3.000706e-06	-5.125409e-09	-2.137131e+01	-3.363017e+02
5.200000e-07	-2.914855e-06	-5.047997e-09	-2.075988e+01	-3.310334e+02
5.300000e-07	-2.828005e-06	-4.957880e-09	-2.014132e+01	-3.256391e+02
5.400000e-07	-2.740312e-06	-4.861487e-09	-1.951677e+01	-3.201156e+02
5.500000e-07	-2.651710e-06	-4.779438e-09	-1.888573e+01	-3.144613e+02
5.600000e-07	-2.561898e-06	-4.702240e-09	-1.824608e+01	-3.086762e+02
5.700000e-07	-2.470932e-06	-4.614446e-09	-1.759821e+01	-3.027612e+02
5.800000e-07	-2.379124e-06	-4.508934e-09	-1.694435e+01	-2.967177e+02
5.900000e-07	-2.286531e-06	-4.410647e-09	-1.628489e+01	-2.905475e+02
6.000000e-07	-2.193102e-06	-4.324066e-09	-1.561948e+01	-2.842518e+02
6.100000e-07	-2.098888e-06	-4.234813e-09	-1.494848e+01	-2.778309e+02
6.200000e-07	-2.003956e-06	-4.134054e-09	-1.427236e+01	-2.712844e+02
6.300000e-07	-1.908429e-06	-4.023906e-09	-1.359201e+01	-2.646111e+02
6.400000e-07	-1.812289e-06	-3.911876e-09	-1.290730e+01	-2.578090e+02
6.500000e-07	-1.715331e-06	-3.807405e-09	-1.221675e+01	-2.508759e+02
6.600000e-07	-1.617534e-06	-3.711689e-09	-1.152023e+01	-2.438096e+02
6.700000e-07	-1.519051e-06	-3.605887e-09	-1.081883e+01	-2.366079e+02
6.800000e-07	-1.420032e-06	-3.483508e-09	-1.011360e+01	-2.292690e+02
6.900000e-07	-1.320540e-06	-3.357273e-09	-9.405011e+00	-2.217909e+02
7.000000e-07	-1.220646e-06	-3.241216e-09	-8.693555e+00	-2.141719e+02
7.100000e-07	-1.120396e-06	-3.129948e-09	-7.979570e+00	-2.064092e+02
7.200000e-07	-1.019820e-06	-3.012780e-09	-7.263253e+00	-1.984993e+02
7.300000e-07	-9.189388e-07	-2.888407e-09	-6.544770e+00	-1.904371e+02
7.400000e-07	-8.177741e-07	-2.760214e-09	-5.824265e+00	-1.822160e+02
7.500000e-07	-7.163225e-07	-2.630997e-09	-5.101718e+00	-1.738275e+02
7.600000e-07	-6.146476e-07	-2.503508e-09	-4.377579e+00	-1.652621e+02
7.700000e-07	-5.128096e-07	-2.373709e-09	-3.652279e+00	-1.565093e+02
7.800000e-07	-4.107675e-07	-2.233005e-09	-2.925525e+00	-1.475585e+02
7.900000e-07	-3.085223e-07	-2.083907e-09	-2.197325e+00	-1.383996e+02
8.000000e-07	-2.061320e-07	-1.935684e-09	-1.468092e+00	-1.290242e+02
8.100000e-07	-1.036193e-07	-1.792950e-09	-7.379867e-01	-1.194258e+02
8.200000e-07	-1.003633e-09	-1.646936e-09	-7.147973e-03	-1.096000e+02
8.300000e-07	1.016206e-07	-1.492118e-09	7.237518e-01	-9.954459e+01
8.400000e-07	2.042228e-07	-1.330298e-09	1.454495e+00	-8.925899e+01
8.500000e-07	3.067609e-07	-1.166056e-09	2.184780e+00	-7.874348e+01
8.600000e-07	4.091851e-07	-1.003182e-09	2.914255e+00	-6.799825e+01
8.700000e-07	5.114767e-07	-8.381605e-10	3.642786e+00	-5.702241e+01
8.800000e-07	6.135781e-07	-6.654805e-10	4.369962e+00	-4.581330e+01
8.900000e-07	7.154649e-07	-4.865022e-10	5.095609e+00	-3.436609e+01
9.000000e-07	8.170867e-07	-3.053071e-10	5.819370e+00	-2.267405e+01
9.100000e-07	9.183946e-07	-1.225294e-10	6.540894e+00	-1.072935e+01
9.200000e-07	1.019364e-06	5.938571e-11	7.260009e+00	1.475453e+00
9.300000e-07	1.120009e-06	2.443794e-10	7.976812e+00	1.394542e+01
9.400000e-07	1.220323e-06	4.360950e-10	8.691257e+00	2.668094e+01
9.500000e-07	1.320273e-06	6.322479e-10	9.403111e+00	3.967536e+01
9.600000e-07	1.419779e-06	8.296451e-10	1.011180e+01	5.291294e+01
9.700000e-07	1.518734e-06	1.027676e-09	1.081657e+01	6.636735e+01
9.800000e-07	1.617058e-06	1.231218e-09	1.151684e+01	8.000096e+01
9.900000e-07	1.714544e-06	1.441476e-09	1.221115e+01	9.376525e+01
1.000000e-06	1.811169e-06	1.653831e-09	1.289932e+01	1.076021e+02
1.010000e-06	1.907055e-06	1.864844e-09	1.358223e+01	1.214463e+02
1.020000e-06	2.002277e-06	2.071670e-09	1.426041e+01	1.352286e+02
1.030000e-06	2.096909e-06	2.275694e-09	1.493439e+01	1.488793e+02
1.040000e-06	2.190885e-06	2.479075e-09	1.560369e+01	1.623321e+02
1.050000e-06	2.284051e-06	2.677901e-09	1.626723e+01	1.755275e+02
1.060000e-06	2.376469e-06	2.871438e-09	1.692544e+01	1.884156e+02
1.070000e-06	2.468217e-06	3.058595e-09	1.757888e+01	2.009576e+02
1.080000e-06	2.559117e-06	3.240421e-09	1.822628e+01	2.131271e+02
1.090000e-06	2.648892e-06	3.419599e-09	1.886566e+01	2.249091e+02
1.100000e-06	2.737469e-06	3.595961e-09	1.949652e+01	2.362987e+02
1.110000e-06	2.825059e-06	3.766250e-09	2.012034e+01	2.472990e+02
1.120000e-06	2.911794e-06	3.928751e-09	2.073807e+01	2.579182e+02
1.130000e-06	2.997595e-06	4.084457e-09	2.134916e+01	2.681667e+02
1.140000e-06	3.082420e-06	4.236572e-09	2.195329e+01	2.780551e+02
1.150000e-06	3.166315e-06	4.384686e-09	2.255080e+01	2.875914e+02
1.160000e-06	3.249275e-06	4.524900e-09	2.314165e+01	2.967809e+02
1.170000e-06	3.331004e-06	4.657559e-09	2.372373e+01	3.056255e+02
1.180000e-06	3.411371e-06	4.785409e-09	2.429611e+01	3.141245e+02
1.190000e-06	3.490581e-06	4.908002e-09	2.486025e+01	3.222761e+02
1.200000e-06	3.568582e-06	5.025709e-09	2.541578e+01	3.300791e+02
1.210000e-06	3.645317e-06	5.140260e-09	2.596230e+01	3.375351e+02
1.220000e-06	3.720740e-06	5.247089e-09	2.649947e+01	3.446498e+02
1.230000e-06	3.794605e-06	5.347065e-09	2.702554e+01	3.514340e+02
1.240000e-06	3.866869e-06	5.442191e-09	2.754021e+01	3.579044e+02
1.250000e-06	3.937679e-06	5.534744e-09	2.804452e+01	3.640827e+02
1.260000e-06	4.007130e-06	5.626961e-09	2.853917e+01	3.699944e+02
1.270000e-06	4.075291e-06	5.715141e-09	2.902461e+01	3.756670e+02
1.280000e-06	4.142021e-06	5.798439e-09	2.949987e+01	3.811275e+02
1.290000e-06	4.207041e-06	5.879955e-09	2.996295e+01	3.864001e+02
1.300000e-06	4.270414e-06	5.959027e-09	3.041430e+01	3.915044e+02
1.310000e-06	4.332371e-06	6.035654e-09	3.085556e+01	3.964537e+02
1.320000e-06	4.392962e-06	6.109101e-09	3.128710e+01	4.012542e+02
1.330000e-06	4.452157e-06	6.178387e-09	3.170869e+01	4.059055e+02
1.340000e-06	4.509689e-06	6.244777e-09	3.211843e+01	4.104014e+02
1.350000e-06	4.565415e-06	6.309204e-09	3.251532e+01	4.147315e+02
1.360000e-06	4.619465e-06	6.371472e-09	3.290027e+01	4.188837e+02
1.370000e-06	4.671791e-06	6.430421e-09	3.327294e+01	4.228459e+02
1.380000e-06	4.722125e-06	6.487341e-09	3.363143e+01	4.266084e+02
1.390000e-06	4.770430e-06	6.542477e-09	3.397546e+01	4.301655e+02
1.400000e-06	4.817061e-06	6.594198e-09	3.430757e+01	4.335162e+02
1.410000e-06	4.862175e-06	6.642373e-09	3.462887e+01	4.366646e+02
1.420000e-06	4.905659e-06	6.687261e-09	3.493857e+01	4.396192e+02
1.430000e-06	4.947323e-06	6.728005e-09	3.523531e+01	4.423917e+02
1.440000e-06	4.987134e-06	6.764699e-09	3.551885e+01	4.449951e+02
1.450000e-06	5.025254e-06	6.798433e-09	3.579034e+01	4.474426e+02
1.460000e-06	5.061761e-06	6.830624e-09	3.605035e+01	4.497455e+02
1.470000e-06	5.096586e-06	6.862818e-09	3.629837e+01	4.519120e+02
1.480000e-06	5.129455e-06	6.894048e-09	3.653247e+01	4.539470e+02
1.490000e-06	5.160489e-06	6.923216e-09	3.675350e+01	4.558515e+02
1.500000e-06	5.189930e-06	6.949557e-09	3.696318e+01	4.576239e+02
1.510000e-06	5.217624e-06	6.973163e-09	3.716042e+01	4.592606e+02
1.520000e-06	5.243275e-06	6.994186e-09	3.734311e+01	4.607576e+02
1.530000e-06	5.266849e-06	7.013892e-09	3.751100e+01	4.621121e+02
1.540000e-06	5.288599e-06	7.031711e-09	3.766591e+01	4.633233e+02
1.550000e-06	5.308664e-06	7.046371e-09	3.780882e+01	4.643934e+02
1.560000e-06	5.326877e-06	7.060317e-09	3.793853e+01	4.653276e+02
1.570000e-06	5.343019e-06	7.074255e-09	3.805349e+01	4.661341e+02
1.580000e-06	5.357185e-06	7.086965e-09	3.815438e+01	4.668225e+02
1.590000e-06	5.369365e-06	7.097920e-09	3.824113e+01	4.674031e+02
1.600000e-06	5.379318e-06	7.107533e-09	3.831202e+01	4.678850e+02
1.610000e-06	5.387176e-06	7.115907e-09	3.836798e+01	4.682747e+02
1.620000e-06	5.393199e-06	7.121662e-09	3.841088e+01	4.685753e+02
1.630000e-06	5.397442e-06	7.124962e-09	3.844110e+01	4.687859e+02
1.640000e-06	5.399769e-06	7.127233e-09	3.845767e+01	4.689020e+02
1.650000e-06	5.400096e-06	7.129209e-09	3.846000e+01	4.689159e+02
1.660000e-06	5.398631e-06	7.128844e-09	3.844957e+01	4.688186e+02
1.670000e-06	5.395533e-06	7.122787e-09	3.842750e+01	4.686012e+02
1.680000e-06	5.390735e-06	7.117931e-09	3.839333e+01	4.682571e+02
1.690000e-06	5.384032e-06	7.113271e-09	3.834559e+01	4.677835e+02
1.700000e-06	5.375516e-06	7.108053e-09	3.828494e+01	4.671824e+02
1.710000e-06	5.365387e-06	7.101303e-09	3.821280e+01	4.664616e+02
1.720000e-06	5.353573e-06	7.090556e-09	3.812866e+01	4.656338e+02
1.730000e-06	5.339824e-06	7.084598e-09	3.803074e+01	4.647160e+02
1.740000e-06	5.323963e-06	7.042906e-09	3.791777e+01	4.637275e+02
1.750000e-06	5.305756e-06	7.003947e-09	3.778810e+01	4.626874e+02
1.760000e-06	5.284907e-06	7.016623e-09	3.763961e+01	4.616123e+02
1.770000e-06	5.261744e-06	7.006064e-09	3.747464e+01	4.605145e+02
1.780000e-06	5.237262e-06	7.024435e-09	3.730028e+01	4.593992e+02
1.790000e-06	5.212032e-06	7.014058e-09	3.712059e+01	4.582646e+02
1.800000e-06	5.185410e-06	6.881986e-09	3.693099e+01	4.571007e+02
1.810000e-06	5.156571e-06	6.920113e-09	3.672559e+01	4.558911e+02
1.820000e-06	5.125882e-06	6.920581e-09	3.650702e+01	4.546139e+02
1.830000e-06	5.093611e-06	6.820017e-09	3.627719e+01	4.532443e+02
1.840000e-06	5.059386e-06	6.911008e-09	3.603343e+01	4.517576e+02
1.850000e-06	5.023516e-06	6.883091e-09	3.577796e+01	4.501314e+02
1.860000e-06	4.985928e-06	6.825947e-09	3.551026e+01	4.483480e+02
1.870000e-06	4.946457e-06	6.901846e-09	3.522914e+01	4.463967e+02
1.880000e-06	4.905360e-06	6.806745e-09	3.493644e+01	4.442741e+02
1.890000e-06	4.862447e-06	6.753590e-09	3.463081e+01	4.419842e+02
1.900000e-06	4.817841e-06	6.698630e-09	3.431312e+01	4.395378e+02
1.910000e-06	4.771433e-06	6.598263e-09	3.398260e+01	4.369506e+02
1.920000e-06	4.723014e-06	6.681454e-09	3.363776e+01	4.342410e+02
1.930000e-06	4.672970e-06	6.595877e-09	3.328134e+01	4.314277e+02
1.940000e-06	4.621131e-06	6.535802e-09	3.291214e+01	4.285276e+02
1.950000e-06	4.567163e-06	6.550376e-09	3.252777e+01	4.255540e+02
1.960000e-06	4.511359e-06	6.423068e-09	3.213033e+01	4.225148e+02
1.970000e-06	4.453929e-06	6.393861e-09	3.172131e+01	4.194128e+02
1.980000e-06	4.394967e-06	6.354208e-09	3.130138e+01	4.162452e+02
1.990000e-06	4.334429e-06	6.323653e-09	3.087022e+01	4.130050e+02
2.000000e-06	4.272140e-06	6.271680e-09	3.042659e+01	4.096822e+02
2.010000e-06	4.208257e-06	6.174908e-09	2.997161e+01	4.062654e+02
2.020000e-06	4.142961e-06	6.187014e-09	2.950656e+01	4.027438e+02
2.030000e-06	4.076262e-06	6.096001e-09	2.903153e+01	3.991084e+02
2.040000e-06	4.008146e-06	6.026665e-09	2.854640e+01	3.953530e+02
2.050000e-06	3.938514e-06	5.985244e-09	2.805047e+01	3.914747e+02
2.060000e-06	3.867359e-06	5.906665e-09	2.754370e+01	3.874742e+02
2.070000e-06	3.794847e-06	5.871066e-09	2.702726e+01	3.833546e+02
2.080000e-06	3.721043e-06	5.787951e-09	2.650163e+01	3.791212e+02
2.090000e-06	3.645842e-06	5.752225e-09	2.596604e+01	3.747795e+02
2.100000e-06	3.569146e-06	5.667856e-09	2.541980e+01	3.703351e+02
2.110000e-06	3.490929e-06	5.558936e-09	2.486273e+01	3.657916e+02
2.120000e-06	3.411404e-06	5.502931e-09	2.429635e+01	3.611508e+02
2.130000e-06	3.330740e-06	5.439625e-09	2.372185e+01	3.564123e+02
2.140000e-06	3.248879e-06	5.391248e-09	2.313882e+01	3.515730e+02
2.150000e-06	3.165925e-06	5.312639e-09	2.254802e+01	3.466283e+02
2.160000e-06	3.082009e-06	5.235092e-09	2.195036e+01	3.415726e+02
2.170000e-06	2.997011e-06	5.136137e-09	2.134500e+01	3.363999e+02
2.180000e-06	2.910633e-06	5.050228e-09	2.072981e+01	3.311047e+02
2.190000e-06	2.823053e-06	4.985704e-09	2.010605e+01	3.256827e+02
2.200000e-06	2.734552e-06	4.903862e-09	1.947574e+01	3.201310e+02
2.210000e-06	2.645101e-06	4.818481e-09	1.883866e+01	3.144484e+02
2.220000e-06	2.554709e-06	4.722486e-09	1.819488e+01	3.086351e+02
2.230000e-06	2.463485e-06	4.638494e-09	1.754518e+01	3.026922e+02
2.240000e-06	2.371532e-06	4.544020e-09	1.689028e+01	2.966212e+02
2.250000e-06	2.278746e-06	4.450957e-09	1.622945e+01	2.904238e+02
2.260000e-06	2.185045e-06	4.357154e-09	1.556210e+01	2.841009e+02
2.270000e-06	2.090382e-06	4.253236e-09	1.488790e+01	2.776529e+02
2.280000e-06	1.994800e-06	4.148889e-09	1.420715e+01	2.710792e+02
2.290000e-06	1.898491e-06	4.053422e-09	1.352123e+01	2.643782e+02
2.300000e-06	1.801655e-06	3.957890e-09	1.283156e+01	2.575480e+02
2.310000e-06	1.704387e-06	3.841995e-09	1.213881e+01	2.505863e+02
2.320000e-06	1.606572e-06	3.722147e-09	1.144216e+01	2.434909e+02
2.330000e-06	1.508152e-06	3.611242e-09	1.074120e+01	2.362597e+02
2.340000e-06	1.409223e-06	3.511685e-09	1.003662e+01	2.288908e+02
2.350000e-06	1.309898e-06	3.406414e-09	9.329219e+00	2.213825e+02
2.360000e-06	1.210306e-06	3.293651e-09	8.619914e+00	2.137327e+02
2.370000e-06	1.110525e-06	3.170849e-09	7.909266e+00	2.059386e+02
2.380000e-06	1.010433e-06	3.038334e-09	7.196400e+00	1.979963e+02
2.390000e-06	9.098383e-07	2.912927e-09	6.479955e+00	1.899004e+02
2.400000e-06	8.087712e-07	2.794251e-09	5.760146e+00	1.816439e+02
2.410000e-06	7.073197e-07	2.671095e-09	5.037599e+00	1.732181e+02
2.420000e-06	6.055820e-07	2.534301e-09	4.313013e+00	1.646133e+02
2.430000e-06	5.035728e-07	2.394687e-09	3.586493e+00	1.558186e+02
2.440000e-06	4.012722e-07	2.261154e-09	2.857899e+00	1.468238e+02
2.450000e-06	2.988684e-07	2.128137e-09	2.128569e+00	1.376189e+02
2.460000e-06	1.963692e-07	1.987762e-09	1.398561e+00	1.281960e+02
2.470000e-06	9.373500e-08	1.840136e-09	6.675897e-01	1.185489e+02
2.480000e-06	-8.970606e-09	1.687132e-09	-6.388951e-02	1.086737e+02
2.490000e-06	-1.116829e-07	1.533020e-09	-7.954163e-01	9.856875e+01
2.500000e-06	-2.143589e-07	1.380556e-09	-1.526685e+00	8.823360e+01
2.510000e-06	-3.169826e-07	1.223921e-09	-2.257581e+00	7.766862e+01
2.520000e-06	-4.195318e-07	1.059152e-09	-2.987945e+00	6.687385e+01
2.530000e-06	-5.219532e-07	8.861047e-10	-3.717401e+00	5.584808e+01
2.540000e-06	-6.241304e-07	7.119729e-10	-4.445116e+00	4.458817e+01
2.550000e-06	-7.259778e-07	5.420984e-10	-5.170483e+00	3.308888e+01
2.560000e-06	-8.274160e-07	3.702122e-10	-5.892936e+00	2.134312e+01
2.570000e-06	-9.283786e-07	1.871850e-10	-6.612001e+00	9.343016e+00
2.580000e-06	-1.028885e-06	-6.341797e-12	-7.327819e+00	-2.918553e+00
2.590000e-06	-1.128985e-06	-2.034911e-10	-8.040740e+00	-1.544584e+01
2.600000e-06	-1.228697e-06	-4.013910e-10	-8.750900e+00	-2.823793e+01
2.610000e-06	-1.328023e-06	-6.016775e-10	-9.458305e+00	-4.128637e+01
2.620000e-06	-1.426977e-06	-8.065868e-10	-1.016307e+01	-5.457326e+01
2.630000e-06	-1.525472e-06	-1.016507e-09	-1.086456e+01	-6.806987e+01
2.640000e-06	-1.623319e-06	-1.228992e-09	-1.156143e+01	-8.173617e+01
2.650000e-06	-1.720608e-06	-1.441133e-09	-1.225433e+01	-9.552143e+01
2.660000e-06	-1.817377e-06	-1.652058e-09	-1.294353e+01	-1.093658e+02
2.670000e-06	-1.913568e-06	-1.864008e-09	-1.362862e+01	-1.232029e+02
2.680000e-06	-2.009192e-06	-2.079290e-09	-1.430966e+01	-1.369630e+02
2.690000e-06	-2.104141e-06	-2.294662e-09	-1.498590e+01	-1.505769e+02
2.700000e-06	-2.198244e-06	-2.503922e-09	-1.565610e+01	-1.639796e+02
2.710000e-06	-2.291336e-06	-2.704834e-09	-1.631911e+01	-1.771132e+02
2.720000e-06	-2.383434e-06	-2.899443e-09	-1.697504e+01	-1.899302e+02
2.730000e-06	-2.474703e-06	-3.089531e-09	-1.762507e+01	-2.023945e+02
2.740000e-06	-2.565141e-06	-3.273580e-09	-1.826918e+01	-2.144821e+02
2.750000e-06	-2.654599e-06	-3.452035e-09	-1.890631e+01	-2.261803e+02
2.760000e-06	-2.743114e-06	-3.625191e-09	-1.953672e+01	-2.374863e+02
2.770000e-06	-2.830874e-06	-3.792185e-09	-2.016175e+01	-2.484044e+02
2.780000e-06	-2.917779e-06	-3.953920e-09	-2.078070e+01	-2.589434e+02
2.790000e-06	-3.003478e-06	-4.109575e-09	-2.139106e+01	-2.691142e+02
2.800000e-06	-3.087891e-06	-4.259316e-09	-2.199225e+01	-2.789268e+02
2.810000e-06	-3.171253e-06	-4.402485e-09	-2.258597e+01	-2.883887e+02
2.820000e-06	-3.253651e-06	-4.539309e-09	-2.317281e+01	-2.975045e+02
2.830000e-06	-3.334956e-06	-4.672373e-09	-2.375187e+01	-3.062754e+02
2.840000e-06	-3.415177e-06	-4.802861e-09	-2.432322e+01	-3.147004e+02
2.850000e-06	-3.494255e-06	-4.929671e-09	-2.488642e+01	-3.227775e+02
2.860000e-06	-3.571915e-06	-5.049292e-09	-2.543952e+01	-3.305063e+02
2.870000e-06	-3.648024e-06	-5.161329e-09	-2.598157e+01	-3.378887e+02
2.880000e-06	-3.722644e-06	-5.269152e-09	-2.651303e+01	-3.449317e+02
2.890000e-06	-3.795911e-06	-5.371381e-09	-2.703484e+01	-3.516473e+02
2.900000e-06	-3.867953e-06	-5.469867e-09	-2.754793e+01	-3.580534e+02
2.910000e-06	-3.938573e-06	-5.566601e-09	-2.805089e+01	-3.641726e+02
2.920000e-06	-4.007571e-06	-5.657396e-09	-2.854231e+01	-3.700310e+02
2.930000e-06	-4.075076e-06	-5.742201e-09	-2.902308e+01	-3.756561e+02
2.940000e-06	-4.141147e-06	-5.822579e-09	-2.949364e+01	-3.810747e+02
2.950000e-06	-4.205853e-06	-5.902411e-09	-2.995449e+01	-3.863100e+02
2.960000e-06	-4.269136e-06	-5.980961e-09	-3.040519e+01	-3.913805e+02
2.970000e-06	-4.330707e-06	-6.057070e-09	-3.084371e+01	-3.962978e+02
2.980000e-06	-4.390602e-06	-6.130092e-09	-3.127029e+01	-4.010668e+02
2.990000e-06	-4.449020e-06	-6.199313e-09	-3.168635e+01	-4.056858e+02
3.000000e-06	-4.505950e-06	-6.267273e-09	-3.209181e+01	-4.101474e+02
3.010000e-06	-4.561255e-06	-6.332934e-09	-3.248569e+01	-4.144407e+02
3.020000e-06	-4.614653e-06	-6.396084e-09	-3.286600e+01	-4.185534e+02
3.030000e-06	-4.666177e-06	-6.455262e-09	-3.323296e+01	-4.224737e+02
3.040000e-06	-4.715912e-06	-6.510642e-09	-3.358718e+01	-4.261928e+02
3.050000e-06	-4.763719e-06	-6.565112e-09	-3.392767e+01	-4.297058e+02
3.060000e-06	-4.809730e-06	-6.618478e-09	-3.425536e+01	-4.330129e+02
3.070000e-06	-4.854169e-06	-6.668635e-09	-3.457186e+01	-4.361192e+02
3.080000e-06	-4.897143e-06	-6.713515e-09	-3.487792e+01	-4.390340e+02
3.090000e-06	-4.938615e-06	-6.755264e-09	-3.517329e+01	-4.417693e+02
3.100000e-06	-4.978467e-06	-6.797252e-09	-3.545712e+01	-4.443385e+02
3.110000e-06	-5.016454e-06	-6.838712e-09	-3.572767e+01	-4.467544e+02
3.120000e-06	-5.052509e-06	-6.877874e-09	-3.598445e+01	-4.490278e+02
3.130000e-06	-5.086829e-06	-6.912784e-09	-3.622889e+01	-4.511661e+02
3.140000e-06	-5.119466e-06	-6.942423e-09	-3.646133e+01	-4.531733e+02
3.150000e-06	-5.150284e-06	-6.968441e-09	-3.668082e+01	-4.550500e+02
3.160000e-06	-5.179178e-06	-6.992164e-09	-3.688660e+01	-4.567939e+02
3.170000e-06	-5.206256e-06	-7.016550e-09	-3.707946e+01	-4.584012e+02
3.180000e-06	-5.231587e-06	-7.040544e-09	-3.725986e+01	-4.598682e+02
3.190000e-06	-5.255077e-06	-7.063275e-09	-3.742716e+01	-4.611922e+02
3.200000e-06	-5.276574e-06	-7.085322e-09	-3.758026e+01	-4.623731e+02
3.210000e-06	-5.296161e-06	-7.104380e-09	-3.771977e+01	-4.634137e+02
3.220000e-06	-5.313935e-06	-7.119357e-09	-3.784636e+01	-4.643201e+02
3.230000e-06	-5.329802e-06	-7.131078e-09	-3.795936e+01	-4.651006e+02
3.240000e-06	-5.343534e-06	-7.138565e-09	-3.805716e+01	-4.657654e+02
3.250000e-06	-5.355056e-06	-7.144726e-09	-3.813922e+01	-4.663244e+02
3.260000e-06	-5.364676e-06	-7.150594e-09	-3.820773e+01	-4.667863e+02
3.270000e-06	-5.372474e-06	-7.155042e-09	-3.826327e+01	-4.671570e+02
3.280000e-06	-5.378218e-06	-7.159251e-09	-3.830418e+01	-4.674388e+02
3.290000e-06	-5.381985e-06	-7.162430e-09	-3.833101e+01	-4.676299e+02
3.300000e-06	-5.384011e-06	-7.162826e-09	-3.834544e+01	-4.677251e+02
3.310000e-06	-5.384266e-06	-7.157159e-09	-3.834726e+01	-4.677162e+02
