# Temperatura_=_68.99
# Concentracion g/m^3_=_15000.0
# C_Vs_to_Am_M_A/Vsm_=_65563218390.804596
# pendiente_HvsI_1/m_=_3716.3
# ordenada_HvsI_A/m_=_1297.0
# frecuencia_Hz_=_301591.1519504813

Tiempo_(s)	Campo_(V.s)	Magnetizacion_(V.s)	Campo_(kA/m)	Magnetizacion_(A/m)
0.000000e+00	-5.383322e-06	-7.049004e-09	-3.833602e+01	-4.605372e+02
1.000000e-08	-5.380713e-06	-7.047735e-09	-3.831744e+01	-4.603834e+02
2.000000e-08	-5.376246e-06	-7.042144e-09	-3.828563e+01	-4.601145e+02
3.000000e-08	-5.370172e-06	-7.035987e-09	-3.824238e+01	-4.597230e+02
4.000000e-08	-5.362561e-06	-7.027765e-09	-3.818818e+01	-4.592055e+02
5.000000e-08	-5.353141e-06	-7.015742e-09	-3.812110e+01	-4.585633e+02
6.000000e-08	-5.341649e-06	-7.003170e-09	-3.803926e+01	-4.578036e+02
7.000000e-08	-5.328233e-06	-6.986488e-09	-3.794372e+01	-4.569383e+02
8.000000e-08	-5.312767e-06	-6.976306e-09	-3.783358e+01	-4.559837e+02
9.000000e-08	-5.295069e-06	-7.015842e-09	-3.770755e+01	-4.549581e+02
1.000000e-07	-5.275255e-06	-7.007594e-09	-3.756645e+01	-4.538800e+02
1.100000e-07	-5.253556e-06	-6.945241e-09	-3.741192e+01	-4.527654e+02
1.200000e-07	-5.230196e-06	-6.914763e-09	-3.724557e+01	-4.516261e+02
1.300000e-07	-5.205307e-06	-6.828583e-09	-3.706833e+01	-4.504673e+02
1.400000e-07	-5.178794e-06	-6.820330e-09	-3.687953e+01	-4.492876e+02
1.500000e-07	-5.150587e-06	-6.941328e-09	-3.667866e+01	-4.480780e+02
1.600000e-07	-5.120921e-06	-6.814329e-09	-3.646740e+01	-4.468230e+02
1.700000e-07	-5.089736e-06	-6.776923e-09	-3.624532e+01	-4.455026e+02
1.800000e-07	-5.056411e-06	-6.843681e-09	-3.600800e+01	-4.440938e+02
1.900000e-07	-5.021164e-06	-6.695517e-09	-3.575700e+01	-4.425735e+02
2.000000e-07	-4.984545e-06	-6.742993e-09	-3.549623e+01	-4.409209e+02
2.100000e-07	-4.946179e-06	-6.771268e-09	-3.522302e+01	-4.391196e+02
2.200000e-07	-4.906005e-06	-6.618465e-09	-3.493692e+01	-4.371594e+02
2.300000e-07	-4.863917e-06	-6.613993e-09	-3.463720e+01	-4.350367e+02
2.400000e-07	-4.819836e-06	-6.599291e-09	-3.432330e+01	-4.327549e+02
2.500000e-07	-4.774039e-06	-6.547225e-09	-3.399716e+01	-4.303234e+02
2.600000e-07	-4.726377e-06	-6.545642e-09	-3.365775e+01	-4.277560e+02
2.700000e-07	-4.676657e-06	-6.451837e-09	-3.330368e+01	-4.250688e+02
2.800000e-07	-4.624856e-06	-6.411795e-09	-3.293479e+01	-4.222785e+02
2.900000e-07	-4.571096e-06	-6.395176e-09	-3.255195e+01	-4.193998e+02
3.000000e-07	-4.515725e-06	-6.351277e-09	-3.215764e+01	-4.164443e+02
3.100000e-07	-4.458755e-06	-6.314937e-09	-3.175195e+01	-4.134189e+02
3.200000e-07	-4.399969e-06	-6.264500e-09	-3.133331e+01	-4.103258e+02
3.300000e-07	-4.339573e-06	-6.203894e-09	-3.090321e+01	-4.071625e+02
3.400000e-07	-4.277702e-06	-6.121976e-09	-3.046262e+01	-4.039228e+02
3.500000e-07	-4.214474e-06	-6.105402e-09	-3.001236e+01	-4.005977e+02
3.600000e-07	-4.149815e-06	-6.077473e-09	-2.955190e+01	-3.971776e+02
3.700000e-07	-4.083429e-06	-5.992264e-09	-2.907915e+01	-3.936530e+02
3.800000e-07	-4.015432e-06	-5.932742e-09	-2.859492e+01	-3.900163e+02
3.900000e-07	-3.946073e-06	-5.874847e-09	-2.810100e+01	-3.862624e+02
4.000000e-07	-3.875439e-06	-5.818942e-09	-2.759800e+01	-3.823891e+02
4.100000e-07	-3.803562e-06	-5.759439e-09	-2.708614e+01	-3.783971e+02
4.200000e-07	-3.730348e-06	-5.695268e-09	-2.656477e+01	-3.742896e+02
4.300000e-07	-3.655525e-06	-5.635954e-09	-2.603193e+01	-3.700709e+02
4.400000e-07	-3.579100e-06	-5.564070e-09	-2.548769e+01	-3.657461e+02
4.500000e-07	-3.501299e-06	-5.500349e-09	-2.493365e+01	-3.613197e+02
4.600000e-07	-3.422112e-06	-5.442761e-09	-2.436974e+01	-3.567946e+02
4.700000e-07	-3.341626e-06	-5.373140e-09	-2.379658e+01	-3.521719e+02
4.800000e-07	-3.259927e-06	-5.283111e-09	-2.321478e+01	-3.474507e+02
4.900000e-07	-3.177057e-06	-5.196938e-09	-2.262464e+01	-3.426279e+02
5.000000e-07	-3.093161e-06	-5.135417e-09	-2.202720e+01	-3.376991e+02
5.100000e-07	-3.008357e-06	-5.067252e-09	-2.142329e+01	-3.326586e+02
5.200000e-07	-2.922598e-06	-4.988903e-09	-2.081258e+01	-3.275010e+02
5.300000e-07	-2.835792e-06	-4.900739e-09	-2.019440e+01	-3.222212e+02
5.400000e-07	-2.748115e-06	-4.808473e-09	-1.957004e+01	-3.168152e+02
5.500000e-07	-2.659584e-06	-4.721096e-09	-1.893958e+01	-3.112802e+02
5.600000e-07	-2.569875e-06	-4.635999e-09	-1.830074e+01	-3.056153e+02
5.700000e-07	-2.478985e-06	-4.552503e-09	-1.765349e+01	-2.998204e+02
5.800000e-07	-2.387144e-06	-4.460336e-09	-1.699947e+01	-2.938966e+02
5.900000e-07	-2.294518e-06	-4.367873e-09	-1.633986e+01	-2.878454e+02
6.000000e-07	-2.201172e-06	-4.276280e-09	-1.567511e+01	-2.816680e+02
6.100000e-07	-2.107021e-06	-4.183766e-09	-1.500464e+01	-2.753656e+02
6.200000e-07	-2.012108e-06	-4.086300e-09	-1.432874e+01	-2.689384e+02
6.300000e-07	-1.916581e-06	-3.980602e-09	-1.364847e+01	-2.623857e+02
6.400000e-07	-1.820449e-06	-3.872563e-09	-1.296389e+01	-2.557064e+02
6.500000e-07	-1.723538e-06	-3.768271e-09	-1.227376e+01	-2.488984e+02
6.600000e-07	-1.625807e-06	-3.668639e-09	-1.157779e+01	-2.419593e+02
6.700000e-07	-1.527362e-06	-3.561368e-09	-1.087674e+01	-2.348868e+02
6.800000e-07	-1.428291e-06	-3.446268e-09	-1.017123e+01	-2.276783e+02
6.900000e-07	-1.328756e-06	-3.328484e-09	-9.462413e+00	-2.203313e+02
7.000000e-07	-1.228845e-06	-3.216614e-09	-8.750923e+00	-2.128431e+02
7.100000e-07	-1.128581e-06	-3.107638e-09	-8.036916e+00	-2.052108e+02
7.200000e-07	-1.028021e-06	-2.991868e-09	-7.320805e+00	-1.974306e+02
7.300000e-07	-9.271690e-07	-2.870923e-09	-6.602609e+00	-1.894980e+02
7.400000e-07	-8.260493e-07	-2.744299e-09	-5.882510e+00	-1.814071e+02
7.500000e-07	-7.246483e-07	-2.612782e-09	-5.160407e+00	-1.731509e+02
7.600000e-07	-6.229225e-07	-2.480290e-09	-4.435991e+00	-1.647213e+02
7.700000e-07	-5.209361e-07	-2.349289e-09	-3.709720e+00	-1.561091e+02
7.800000e-07	-4.187962e-07	-2.217067e-09	-2.982356e+00	-1.473050e+02
7.900000e-07	-3.165104e-07	-2.080186e-09	-2.253952e+00	-1.382999e+02
8.000000e-07	-2.141023e-07	-1.939108e-09	-1.524677e+00	-1.290854e+02
8.100000e-07	-1.116436e-07	-1.796836e-09	-7.950431e-01	-1.196544e+02
8.200000e-07	-9.134490e-09	-1.648899e-09	-6.504906e-02	-1.100017e+02
8.300000e-07	9.345493e-08	-1.492363e-09	6.655167e-01	-1.001232e+02
8.400000e-07	1.960109e-07	-1.332048e-09	1.395844e+00	-9.001675e+01
8.500000e-07	2.984867e-07	-1.171648e-09	2.125600e+00	-7.968063e+01
8.600000e-07	4.009007e-07	-1.012316e-09	2.854917e+00	-6.911351e+01
8.700000e-07	5.031742e-07	-8.493018e-10	3.583233e+00	-5.831352e+01
8.800000e-07	6.053301e-07	-6.812866e-10	4.310712e+00	-4.727768e+01
8.900000e-07	7.073221e-07	-5.094127e-10	5.037023e+00	-3.600166e+01
9.000000e-07	8.090138e-07	-3.323158e-10	5.761196e+00	-2.447987e+01
9.100000e-07	9.103659e-07	-1.501615e-10	6.482950e+00	-1.270613e+01
9.200000e-07	1.011440e-06	3.402011e-11	7.202724e+00	-6.748930e-01
9.300000e-07	1.112171e-06	2.197940e-10	7.920054e+00	1.161719e+01
9.400000e-07	1.212520e-06	4.086954e-10	8.634664e+00	2.416925e+01
9.500000e-07	1.312545e-06	6.007950e-10	9.346969e+00	3.697419e+01
9.600000e-07	1.412149e-06	7.966855e-10	1.005628e+01	5.001684e+01
9.700000e-07	1.511266e-06	9.947281e-10	1.076211e+01	6.327246e+01
9.800000e-07	1.609761e-06	1.195144e-09	1.146353e+01	7.670606e+01
9.900000e-07	1.707426e-06	1.400160e-09	1.215902e+01	9.027248e+01
1.000000e-06	1.804259e-06	1.607522e-09	1.284859e+01	1.039174e+02
1.010000e-06	1.900287e-06	1.815581e-09	1.353244e+01	1.175794e+02
1.020000e-06	1.995598e-06	2.021588e-09	1.421117e+01	1.311926e+02
1.030000e-06	2.090289e-06	2.224545e-09	1.488548e+01	1.446898e+02
1.040000e-06	2.184282e-06	2.425312e-09	1.555484e+01	1.580061e+02
1.050000e-06	2.277516e-06	2.621106e-09	1.621878e+01	1.710820e+02
1.060000e-06	2.370025e-06	2.813628e-09	1.687756e+01	1.838663e+02
1.070000e-06	2.461827e-06	3.000402e-09	1.753130e+01	1.963180e+02
1.080000e-06	2.552827e-06	3.181082e-09	1.817934e+01	2.084076e+02
1.090000e-06	2.642714e-06	3.358012e-09	1.881945e+01	2.201165e+02
1.100000e-06	2.731369e-06	3.531747e-09	1.945079e+01	2.314366e+02
1.110000e-06	2.819062e-06	3.699140e-09	2.007527e+01	2.423680e+02
1.120000e-06	2.905870e-06	3.859729e-09	2.069345e+01	2.529171e+02
1.130000e-06	2.991760e-06	4.015777e-09	2.130509e+01	2.630934e+02
1.140000e-06	3.076724e-06	4.167244e-09	2.191014e+01	2.729074e+02
1.150000e-06	3.160727e-06	4.312323e-09	2.250835e+01	2.823688e+02
1.160000e-06	3.243719e-06	4.450350e-09	2.309936e+01	2.914847e+02
1.170000e-06	3.325461e-06	4.583548e-09	2.368146e+01	3.002593e+02
1.180000e-06	3.405908e-06	4.712539e-09	2.425435e+01	3.086942e+02
1.190000e-06	3.485193e-06	4.834095e-09	2.481895e+01	3.167895e+02
1.200000e-06	3.563271e-06	4.947907e-09	2.537497e+01	3.245452e+02
1.210000e-06	3.640153e-06	5.059529e-09	2.592247e+01	3.319627e+02
1.220000e-06	3.715788e-06	5.165696e-09	2.646108e+01	3.390467e+02
1.230000e-06	3.789819e-06	5.265659e-09	2.698828e+01	3.458061e+02
1.240000e-06	3.862191e-06	5.360780e-09	2.750366e+01	3.522549e+02
1.250000e-06	3.933129e-06	5.454859e-09	2.800882e+01	3.584116e+02
1.260000e-06	4.002697e-06	5.548040e-09	2.850424e+01	3.642987e+02
1.270000e-06	4.070987e-06	5.635659e-09	2.899055e+01	3.699412e+02
1.280000e-06	4.137893e-06	5.717829e-09	2.946700e+01	3.753640e+02
1.290000e-06	4.203047e-06	5.796474e-09	2.993098e+01	3.805905e+02
1.300000e-06	4.266550e-06	5.871393e-09	3.038320e+01	3.856406e+02
1.310000e-06	4.328648e-06	5.943427e-09	3.082542e+01	3.905286e+02
1.320000e-06	4.389314e-06	6.015837e-09	3.125744e+01	3.952629e+02
1.330000e-06	4.448602e-06	6.087715e-09	3.167964e+01	3.998454e+02
1.340000e-06	4.506203e-06	6.155696e-09	3.208983e+01	4.042727e+02
1.350000e-06	4.562047e-06	6.218590e-09	3.248751e+01	4.085368e+02
1.360000e-06	4.616306e-06	6.277627e-09	3.287391e+01	4.126275e+02
1.370000e-06	4.668788e-06	6.334212e-09	3.324764e+01	4.165340e+02
1.380000e-06	4.719233e-06	6.389044e-09	3.360687e+01	4.202471e+02
1.390000e-06	4.767667e-06	6.443641e-09	3.395178e+01	4.237608e+02
1.400000e-06	4.814390e-06	6.496027e-09	3.428451e+01	4.270733e+02
1.410000e-06	4.859528e-06	6.544110e-09	3.460595e+01	4.301873e+02
1.420000e-06	4.903123e-06	6.588152e-09	3.491641e+01	4.331098e+02
1.430000e-06	4.944959e-06	6.628718e-09	3.521433e+01	4.358513e+02
1.440000e-06	4.984921e-06	6.666462e-09	3.549891e+01	4.384239e+02
1.450000e-06	5.023192e-06	6.701356e-09	3.577145e+01	4.408400e+02
1.460000e-06	5.059885e-06	6.734904e-09	3.603274e+01	4.431108e+02
1.470000e-06	5.094876e-06	6.767171e-09	3.628192e+01	4.452448e+02
1.480000e-06	5.127874e-06	6.798274e-09	3.651691e+01	4.472474e+02
1.490000e-06	5.159015e-06	6.826020e-09	3.673868e+01	4.491201e+02
1.500000e-06	5.188486e-06	6.850024e-09	3.694855e+01	4.508618e+02
1.510000e-06	5.216305e-06	6.871287e-09	3.714665e+01	4.524689e+02
1.520000e-06	5.242125e-06	6.890368e-09	3.733052e+01	4.539373e+02
1.530000e-06	5.265815e-06	6.908093e-09	3.749922e+01	4.552634e+02
1.540000e-06	5.287701e-06	6.924971e-09	3.765508e+01	4.564458e+02
1.550000e-06	5.307893e-06	6.941954e-09	3.779888e+01	4.574859e+02
1.560000e-06	5.326176e-06	6.957624e-09	3.792907e+01	4.583883e+02
1.570000e-06	5.342401e-06	6.970021e-09	3.804461e+01	4.591611e+02
1.580000e-06	5.356676e-06	6.981388e-09	3.814627e+01	4.598144e+02
1.590000e-06	5.369009e-06	6.992790e-09	3.823410e+01	4.603596e+02
1.600000e-06	5.379149e-06	7.001534e-09	3.830631e+01	4.608079e+02
1.610000e-06	5.387152e-06	7.007607e-09	3.836330e+01	4.611684e+02
1.620000e-06	5.393317e-06	7.012259e-09	3.840720e+01	4.614469e+02
1.630000e-06	5.397737e-06	7.016675e-09	3.843868e+01	4.616454e+02
1.640000e-06	5.400273e-06	7.019998e-09	3.845674e+01	4.617615e+02
1.650000e-06	5.400731e-06	7.024142e-09	3.846000e+01	4.617889e+02
1.660000e-06	5.399365e-06	7.023317e-09	3.845027e+01	4.617187e+02
1.670000e-06	5.396355e-06	7.015596e-09	3.842883e+01	4.615408e+02
1.680000e-06	5.391638e-06	7.011195e-09	3.839525e+01	4.612460e+02
1.690000e-06	5.385064e-06	7.006595e-09	3.834843e+01	4.608274e+02
1.700000e-06	5.376731e-06	7.000754e-09	3.828909e+01	4.602827e+02
1.710000e-06	5.366812e-06	6.994278e-09	3.821845e+01	4.596144e+02
1.720000e-06	5.355159e-06	6.989064e-09	3.813547e+01	4.588307e+02
1.730000e-06	5.341457e-06	6.992089e-09	3.803789e+01	4.579446e+02
1.740000e-06	5.325687e-06	6.916048e-09	3.792559e+01	4.569731e+02
1.750000e-06	5.307695e-06	6.877907e-09	3.779747e+01	4.559345e+02
1.760000e-06	5.287001e-06	6.907305e-09	3.765009e+01	4.548472e+02
1.770000e-06	5.263932e-06	6.894442e-09	3.748582e+01	4.537263e+02
1.780000e-06	5.239505e-06	6.976379e-09	3.731187e+01	4.525824e+02
1.790000e-06	5.214344e-06	6.898933e-09	3.713269e+01	4.514194e+02
1.800000e-06	5.187877e-06	6.725688e-09	3.694421e+01	4.502341e+02
1.810000e-06	5.159157e-06	6.860659e-09	3.673969e+01	4.490160e+02
1.820000e-06	5.128574e-06	6.793913e-09	3.652190e+01	4.477487e+02
1.830000e-06	5.096457e-06	6.716615e-09	3.629318e+01	4.464112e+02
1.840000e-06	5.062372e-06	6.876405e-09	3.605045e+01	4.449802e+02
1.850000e-06	5.026623e-06	6.717864e-09	3.579588e+01	4.434330e+02
1.860000e-06	4.989109e-06	6.679749e-09	3.552873e+01	4.417496e+02
1.870000e-06	4.949706e-06	6.786977e-09	3.524813e+01	4.399147e+02
1.880000e-06	4.908741e-06	6.635962e-09	3.495641e+01	4.379195e+02
1.890000e-06	4.865923e-06	6.664315e-09	3.465149e+01	4.357620e+02
1.900000e-06	4.821388e-06	6.604948e-09	3.433435e+01	4.334470e+02
1.910000e-06	4.775074e-06	6.510578e-09	3.400453e+01	4.309850e+02
1.920000e-06	4.726681e-06	6.613985e-09	3.365991e+01	4.283903e+02
1.930000e-06	4.676705e-06	6.450409e-09	3.330402e+01	4.256795e+02
1.940000e-06	4.625082e-06	6.441851e-09	3.293640e+01	4.228689e+02
1.950000e-06	4.571354e-06	6.461195e-09	3.255379e+01	4.199727e+02
1.960000e-06	4.515662e-06	6.315020e-09	3.215719e+01	4.170016e+02
1.970000e-06	4.458236e-06	6.302242e-09	3.174825e+01	4.139615e+02
1.980000e-06	4.399390e-06	6.251034e-09	3.132919e+01	4.108536e+02
1.990000e-06	4.339145e-06	6.267323e-09	3.090017e+01	4.076744e+02
2.000000e-06	4.277138e-06	6.179147e-09	3.045860e+01	4.044169e+02
2.010000e-06	4.213446e-06	6.073723e-09	3.000503e+01	4.010722e+02
2.020000e-06	4.148241e-06	6.109727e-09	2.954069e+01	3.976303e+02
2.030000e-06	4.081610e-06	5.994676e-09	2.906619e+01	3.940821e+02
2.040000e-06	4.013651e-06	5.950505e-09	2.858224e+01	3.904204e+02
2.050000e-06	3.944147e-06	5.910500e-09	2.808729e+01	3.866408e+02
2.060000e-06	3.873018e-06	5.848293e-09	2.758076e+01	3.827417e+02
2.070000e-06	3.800532e-06	5.793201e-09	2.706457e+01	3.787245e+02
2.080000e-06	3.726812e-06	5.677806e-09	2.653959e+01	3.745925e+02
2.090000e-06	3.651775e-06	5.665666e-09	2.600523e+01	3.703505e+02
2.100000e-06	3.575260e-06	5.600776e-09	2.546035e+01	3.660035e+02
2.110000e-06	3.497104e-06	5.510933e-09	2.490378e+01	3.615555e+02
2.120000e-06	3.417600e-06	5.440358e-09	2.433761e+01	3.570093e+02
2.130000e-06	3.337024e-06	5.378630e-09	2.376381e+01	3.523655e+02
2.140000e-06	3.255273e-06	5.328411e-09	2.318163e+01	3.476227e+02
2.150000e-06	3.172445e-06	5.234575e-09	2.259180e+01	3.427774e+02
2.160000e-06	3.088626e-06	5.165604e-09	2.199490e+01	3.378249e+02
2.170000e-06	3.003672e-06	5.078579e-09	2.138992e+01	3.327597e+02
2.180000e-06	2.917376e-06	5.000141e-09	2.077538e+01	3.275761e+02
2.190000e-06	2.829861e-06	4.924273e-09	2.015217e+01	3.222694e+02
2.200000e-06	2.741385e-06	4.845183e-09	1.952211e+01	3.168357e+02
2.210000e-06	2.652037e-06	4.771146e-09	1.888584e+01	3.112728e+02
2.220000e-06	2.561796e-06	4.673287e-09	1.824321e+01	3.055798e+02
2.230000e-06	2.470703e-06	4.581996e-09	1.759451e+01	2.997570e+02
2.240000e-06	2.378852e-06	4.487589e-09	1.694042e+01	2.938056e+02
2.250000e-06	2.286167e-06	4.404635e-09	1.628038e+01	2.877270e+02
2.260000e-06	2.192608e-06	4.315763e-09	1.561413e+01	2.815226e+02
2.270000e-06	2.098047e-06	4.213659e-09	1.494073e+01	2.751933e+02
2.280000e-06	2.002496e-06	4.109561e-09	1.426029e+01	2.687391e+02
2.290000e-06	1.906218e-06	4.012274e-09	1.357467e+01	2.621593e+02
2.300000e-06	1.809416e-06	3.915609e-09	1.288532e+01	2.554523e+02
2.310000e-06	1.712167e-06	3.807489e-09	1.219278e+01	2.486163e+02
2.320000e-06	1.614356e-06	3.699747e-09	1.149624e+01	2.416487e+02
2.330000e-06	1.515928e-06	3.593394e-09	1.079531e+01	2.345471e+02
2.340000e-06	1.416997e-06	3.487095e-09	1.009080e+01	2.273089e+02
2.350000e-06	1.317735e-06	3.372941e-09	9.383929e+00	2.199317e+02
2.360000e-06	1.218184e-06	3.259959e-09	8.675004e+00	2.124127e+02
2.370000e-06	1.118335e-06	3.143854e-09	7.963949e+00	2.047488e+02
2.380000e-06	1.018134e-06	3.018086e-09	7.250393e+00	1.969362e+02
2.390000e-06	9.175008e-07	2.893836e-09	6.533760e+00	1.889701e+02
2.400000e-06	8.164181e-07	2.777992e-09	5.813923e+00	1.808442e+02
2.410000e-06	7.149484e-07	2.660977e-09	5.091332e+00	1.725514e+02
2.420000e-06	6.132407e-07	2.528527e-09	4.367045e+00	1.640833e+02
2.430000e-06	5.113259e-07	2.389616e-09	3.641284e+00	1.554306e+02
2.440000e-06	4.091714e-07	2.254619e-09	2.913815e+00	1.465840e+02
2.450000e-06	3.068024e-07	2.120454e-09	2.184819e+00	1.375345e+02
2.460000e-06	2.042310e-07	1.977413e-09	1.454381e+00	1.282740e+02
2.470000e-06	1.015645e-07	1.831645e-09	7.232668e-01	1.187957e+02
2.480000e-06	-1.106272e-09	1.687461e-09	-7.878050e-03	1.090947e+02
2.490000e-06	-1.037836e-07	1.538177e-09	-7.390699e-01	9.916736e+01
2.500000e-06	-2.064819e-07	1.386243e-09	-1.470411e+00	8.901160e+01
2.510000e-06	-3.090989e-07	1.232501e-09	-2.201173e+00	7.862592e+01
2.520000e-06	-4.114927e-07	1.076163e-09	-2.930346e+00	6.800891e+01
2.530000e-06	-5.137585e-07	9.090334e-10	-3.658606e+00	5.715850e+01
2.540000e-06	-6.158840e-07	7.344451e-10	-4.385869e+00	4.607144e+01
2.550000e-06	-7.176859e-07	5.631491e-10	-5.110826e+00	3.474307e+01
2.560000e-06	-8.190817e-07	3.908674e-10	-5.832892e+00	2.316764e+01
2.570000e-06	-9.200480e-07	2.098647e-10	-6.551899e+00	1.133897e+01
2.580000e-06	-1.020594e-06	2.056736e-11	-7.267913e+00	-7.481752e-01
2.590000e-06	-1.120748e-06	-1.706902e-10	-7.981133e+00	-1.309640e+01
2.600000e-06	-1.220554e-06	-3.630336e-10	-8.691879e+00	-2.570367e+01
2.610000e-06	-1.319969e-06	-5.576729e-10	-9.399842e+00	-3.856131e+01
2.620000e-06	-1.418967e-06	-7.553216e-10	-1.010483e+01	-5.165220e+01
2.630000e-06	-1.517528e-06	-9.597587e-10	-1.080671e+01	-6.494943e+01
2.640000e-06	-1.615512e-06	-1.171664e-09	-1.150448e+01	-7.841581e+01
2.650000e-06	-1.712890e-06	-1.384596e-09	-1.219793e+01	-9.200408e+01
2.660000e-06	-1.809695e-06	-1.594989e-09	-1.288730e+01	-1.056582e+02
2.670000e-06	-1.905947e-06	-1.804293e-09	-1.357274e+01	-1.193156e+02
2.680000e-06	-2.001681e-06	-2.015183e-09	-1.425448e+01	-1.329097e+02
2.690000e-06	-2.096764e-06	-2.226709e-09	-1.493160e+01	-1.463737e+02
2.700000e-06	-2.190965e-06	-2.433137e-09	-1.560243e+01	-1.596434e+02
2.710000e-06	-2.284087e-06	-2.630742e-09	-1.626558e+01	-1.726609e+02
2.720000e-06	-2.376158e-06	-2.822781e-09	-1.692123e+01	-1.853772e+02
2.730000e-06	-2.467424e-06	-3.011812e-09	-1.757116e+01	-1.977536e+02
2.740000e-06	-2.557917e-06	-3.196455e-09	-1.821559e+01	-2.097630e+02
2.750000e-06	-2.647464e-06	-3.375560e-09	-1.885328e+01	-2.213891e+02
2.760000e-06	-2.736097e-06	-3.548292e-09	-1.948445e+01	-2.326259e+02
2.770000e-06	-2.823980e-06	-3.715150e-09	-2.011029e+01	-2.434749e+02
2.780000e-06	-2.911075e-06	-3.875424e-09	-2.073052e+01	-2.539433e+02
2.790000e-06	-2.996988e-06	-4.028421e-09	-2.134233e+01	-2.640413e+02
2.800000e-06	-3.081563e-06	-4.176287e-09	-2.194461e+01	-2.737792e+02
2.810000e-06	-3.165058e-06	-4.318843e-09	-2.253919e+01	-2.831662e+02
2.820000e-06	-3.247550e-06	-4.454639e-09	-2.312664e+01	-2.922089e+02
2.830000e-06	-3.328970e-06	-4.586582e-09	-2.370645e+01	-3.009108e+02
2.840000e-06	-3.409298e-06	-4.718053e-09	-2.427849e+01	-3.092732e+02
2.850000e-06	-3.488506e-06	-4.846498e-09	-2.484255e+01	-3.172959e+02
2.860000e-06	-3.566314e-06	-4.966223e-09	-2.539664e+01	-3.249790e+02
2.870000e-06	-3.642561e-06	-5.077328e-09	-2.593961e+01	-3.323247e+02
2.880000e-06	-3.717370e-06	-5.183190e-09	-2.647235e+01	-3.393384e+02
2.890000e-06	-3.790778e-06	-5.284113e-09	-2.699511e+01	-3.460301e+02
2.900000e-06	-3.862899e-06	-5.381906e-09	-2.750870e+01	-3.524147e+02
2.910000e-06	-3.933662e-06	-5.478115e-09	-2.801262e+01	-3.585119e+02
2.920000e-06	-4.002789e-06	-5.569586e-09	-2.850489e+01	-3.643446e+02
2.930000e-06	-4.070352e-06	-5.655122e-09	-2.898602e+01	-3.699381e+02
2.940000e-06	-4.136470e-06	-5.737219e-09	-2.945687e+01	-3.753171e+02
2.950000e-06	-4.201193e-06	-5.818157e-09	-2.991778e+01	-3.805046e+02
2.960000e-06	-4.264570e-06	-5.896798e-09	-3.036910e+01	-3.855191e+02
2.970000e-06	-4.326311e-06	-5.971464e-09	-3.080878e+01	-3.903739e+02
2.980000e-06	-4.386321e-06	-6.043655e-09	-3.123612e+01	-3.950758e+02
2.990000e-06	-4.444819e-06	-6.113756e-09	-3.165270e+01	-3.996257e+02
3.000000e-06	-4.501872e-06	-6.180301e-09	-3.205899e+01	-4.040190e+02
3.010000e-06	-4.557423e-06	-6.244318e-09	-3.245458e+01	-4.082470e+02
3.020000e-06	-4.611127e-06	-6.307435e-09	-3.283702e+01	-4.122993e+02
3.030000e-06	-4.662834e-06	-6.368105e-09	-3.320524e+01	-4.161652e+02
3.040000e-06	-4.712668e-06	-6.423875e-09	-3.356012e+01	-4.198361e+02
3.050000e-06	-4.760552e-06	-6.477606e-09	-3.390112e+01	-4.233069e+02
3.060000e-06	-4.806666e-06	-6.529331e-09	-3.422951e+01	-4.265766e+02
3.070000e-06	-4.851256e-06	-6.578763e-09	-3.454705e+01	-4.296491e+02
3.080000e-06	-4.894288e-06	-6.621814e-09	-3.485349e+01	-4.325320e+02
3.090000e-06	-4.935782e-06	-6.660912e-09	-3.514897e+01	-4.352364e+02
3.100000e-06	-4.975737e-06	-6.701144e-09	-3.543350e+01	-4.377746e+02
3.110000e-06	-5.013841e-06	-6.740679e-09	-3.570486e+01	-4.401589e+02
3.120000e-06	-5.050006e-06	-6.777952e-09	-3.596240e+01	-4.424000e+02
3.130000e-06	-5.084447e-06	-6.812545e-09	-3.620766e+01	-4.445057e+02
3.140000e-06	-5.117199e-06	-6.844079e-09	-3.644089e+01	-4.464806e+02
3.150000e-06	-5.148165e-06	-6.872802e-09	-3.666141e+01	-4.483256e+02
3.160000e-06	-5.177165e-06	-6.899278e-09	-3.686793e+01	-4.500389e+02
3.170000e-06	-5.204266e-06	-6.924707e-09	-3.706092e+01	-4.516168e+02
3.180000e-06	-5.229613e-06	-6.947513e-09	-3.724142e+01	-4.530552e+02
3.190000e-06	-5.253184e-06	-6.967668e-09	-3.740927e+01	-4.543507e+02
3.200000e-06	-5.274782e-06	-6.986333e-09	-3.756308e+01	-4.555026e+02
3.210000e-06	-5.294457e-06	-7.002903e-09	-3.770320e+01	-4.565128e+02
3.220000e-06	-5.312394e-06	-7.016413e-09	-3.783092e+01	-4.573869e+02
3.230000e-06	-5.328491e-06	-7.028200e-09	-3.794555e+01	-4.581333e+02
3.240000e-06	-5.342403e-06	-7.037609e-09	-3.804463e+01	-4.587626e+02
3.250000e-06	-5.354044e-06	-7.044402e-09	-3.812753e+01	-4.592864e+02
3.260000e-06	-5.363740e-06	-7.050687e-09	-3.819658e+01	-4.597154e+02
3.270000e-06	-5.371707e-06	-7.054645e-09	-3.825331e+01	-4.600581e+02
3.280000e-06	-5.377691e-06	-7.057124e-09	-3.829592e+01	-4.603197e+02
3.290000e-06	-5.381644e-06	-7.057870e-09	-3.832407e+01	-4.605010e+02
3.300000e-06	-5.383835e-06	-7.057269e-09	-3.833967e+01	-4.605989e+02
3.310000e-06	-5.384288e-06	-7.053073e-09	-3.834290e+01	-4.606064e+02
