# Temperatura_=_63.04
# Concentracion g/m^3_=_15000.0
# C_Vs_to_Am_M_A/Vsm_=_65563218390.804596
# pendiente_HvsI_1/m_=_3716.3
# ordenada_HvsI_A/m_=_1297.0
# frecuencia_Hz_=_301591.1576349208

Tiempo_(s)	Campo_(V.s)	Magnetizacion_(V.s)	Campo_(kA/m)	Magnetizacion_(A/m)
0.000000e+00	-5.377168e-06	-6.785498e-09	-3.833759e+01	-4.439223e+02
1.000000e-08	-5.374460e-06	-6.783306e-09	-3.831829e+01	-4.437789e+02
2.000000e-08	-5.369916e-06	-6.778816e-09	-3.828589e+01	-4.435289e+02
3.000000e-08	-5.363794e-06	-6.773240e-09	-3.824224e+01	-4.431674e+02
4.000000e-08	-5.356142e-06	-6.767011e-09	-3.818769e+01	-4.426922e+02
5.000000e-08	-5.346705e-06	-6.758087e-09	-3.812040e+01	-4.421051e+02
6.000000e-08	-5.335207e-06	-6.745807e-09	-3.803843e+01	-4.414117e+02
7.000000e-08	-5.321823e-06	-6.732250e-09	-3.794300e+01	-4.406214e+02
8.000000e-08	-5.306384e-06	-6.721801e-09	-3.783293e+01	-4.397465e+02
9.000000e-08	-5.288596e-06	-6.732275e-09	-3.770610e+01	-4.388005e+02
1.000000e-07	-5.268708e-06	-6.732912e-09	-3.756431e+01	-4.377969e+02
1.100000e-07	-5.246953e-06	-6.699382e-09	-3.740920e+01	-4.367474e+02
1.200000e-07	-5.223484e-06	-6.670288e-09	-3.724187e+01	-4.356599e+02
1.300000e-07	-5.198465e-06	-6.630265e-09	-3.706350e+01	-4.345379e+02
1.400000e-07	-5.171822e-06	-6.582801e-09	-3.687354e+01	-4.333794e+02
1.500000e-07	-5.143540e-06	-6.613814e-09	-3.667189e+01	-4.321771e+02
1.600000e-07	-5.113802e-06	-6.589605e-09	-3.645987e+01	-4.309190e+02
1.700000e-07	-5.082527e-06	-6.547851e-09	-3.623689e+01	-4.295897e+02
1.800000e-07	-5.049222e-06	-6.580332e-09	-3.599944e+01	-4.281719e+02
1.900000e-07	-5.014012e-06	-6.512503e-09	-3.574840e+01	-4.266486e+02
2.000000e-07	-4.977321e-06	-6.453977e-09	-3.548680e+01	-4.250044e+02
2.100000e-07	-4.938920e-06	-6.454072e-09	-3.521302e+01	-4.232274e+02
2.200000e-07	-4.898706e-06	-6.397946e-09	-3.492630e+01	-4.213106e+02
2.300000e-07	-4.856591e-06	-6.376252e-09	-3.462603e+01	-4.192517e+02
2.400000e-07	-4.812536e-06	-6.352936e-09	-3.431194e+01	-4.170539e+02
2.500000e-07	-4.766694e-06	-6.313361e-09	-3.398510e+01	-4.147244e+02
2.600000e-07	-4.719024e-06	-6.312243e-09	-3.364522e+01	-4.122738e+02
2.700000e-07	-4.669333e-06	-6.237384e-09	-3.329094e+01	-4.097144e+02
2.800000e-07	-4.617536e-06	-6.186246e-09	-3.292164e+01	-4.070585e+02
2.900000e-07	-4.563850e-06	-6.169453e-09	-3.253888e+01	-4.043171e+02
3.000000e-07	-4.508502e-06	-6.108457e-09	-3.214427e+01	-4.014986e+02
3.100000e-07	-4.451523e-06	-6.074490e-09	-3.173802e+01	-3.986080e+02
3.200000e-07	-4.392743e-06	-6.049088e-09	-3.131894e+01	-3.956466e+02
3.300000e-07	-4.332345e-06	-5.994692e-09	-3.088832e+01	-3.926124e+02
3.400000e-07	-4.270538e-06	-5.925686e-09	-3.044765e+01	-3.895005e+02
3.500000e-07	-4.207270e-06	-5.879357e-09	-2.999657e+01	-3.863040e+02
3.600000e-07	-4.142544e-06	-5.844460e-09	-2.953509e+01	-3.830155e+02
3.700000e-07	-4.076163e-06	-5.785566e-09	-2.906182e+01	-3.796279e+02
3.800000e-07	-4.008186e-06	-5.732787e-09	-2.857716e+01	-3.761352e+02
3.900000e-07	-3.938841e-06	-5.679545e-09	-2.808275e+01	-3.725336e+02
4.000000e-07	-3.868249e-06	-5.618272e-09	-2.757946e+01	-3.688214e+02
4.100000e-07	-3.796435e-06	-5.559698e-09	-2.706744e+01	-3.649991e+02
4.200000e-07	-3.723226e-06	-5.492796e-09	-2.654548e+01	-3.610689e+02
4.300000e-07	-3.648461e-06	-5.443581e-09	-2.601243e+01	-3.570344e+02
4.400000e-07	-3.572135e-06	-5.386117e-09	-2.546825e+01	-3.528994e+02
4.500000e-07	-3.494369e-06	-5.318506e-09	-2.491380e+01	-3.486673e+02
4.600000e-07	-3.415250e-06	-5.261015e-09	-2.434970e+01	-3.443407e+02
4.700000e-07	-3.334834e-06	-5.194951e-09	-2.377636e+01	-3.399207e+02
4.800000e-07	-3.253206e-06	-5.116815e-09	-2.319438e+01	-3.354067e+02
4.900000e-07	-3.170442e-06	-5.035574e-09	-2.260430e+01	-3.307969e+02
5.000000e-07	-3.086648e-06	-4.962745e-09	-2.200687e+01	-3.260878e+02
5.100000e-07	-3.001961e-06	-4.888416e-09	-2.140308e+01	-3.212755e+02
5.200000e-07	-2.916317e-06	-4.818113e-09	-2.079246e+01	-3.163554e+02
5.300000e-07	-2.829649e-06	-4.743988e-09	-2.017455e+01	-3.113234e+02
5.400000e-07	-2.742048e-06	-4.662356e-09	-1.954998e+01	-3.061758e+02
5.500000e-07	-2.653576e-06	-4.580967e-09	-1.891920e+01	-3.009098e+02
5.600000e-07	-2.564007e-06	-4.499066e-09	-1.828060e+01	-2.955236e+02
5.700000e-07	-2.473236e-06	-4.416928e-09	-1.763343e+01	-2.900160e+02
5.800000e-07	-2.381495e-06	-4.329144e-09	-1.697935e+01	-2.843867e+02
5.900000e-07	-2.288991e-06	-4.240414e-09	-1.631982e+01	-2.786356e+02
6.000000e-07	-2.195745e-06	-4.150603e-09	-1.565500e+01	-2.727629e+02
6.100000e-07	-2.101664e-06	-4.056511e-09	-1.498423e+01	-2.667683e+02
6.200000e-07	-2.006877e-06	-3.960205e-09	-1.430843e+01	-2.606513e+02
6.300000e-07	-1.911446e-06	-3.866521e-09	-1.362803e+01	-2.544109e+02
6.400000e-07	-1.815369e-06	-3.773308e-09	-1.294303e+01	-2.480454e+02
6.500000e-07	-1.718669e-06	-3.677622e-09	-1.225359e+01	-2.415531e+02
6.600000e-07	-1.621181e-06	-3.579352e-09	-1.155853e+01	-2.349315e+02
6.700000e-07	-1.522930e-06	-3.474796e-09	-1.085803e+01	-2.281781e+02
6.800000e-07	-1.424084e-06	-3.363413e-09	-1.015329e+01	-2.212904e+02
6.900000e-07	-1.324673e-06	-3.250676e-09	-9.444521e+00	-2.142654e+02
7.000000e-07	-1.224791e-06	-3.142857e-09	-8.732393e+00	-2.071001e+02
7.100000e-07	-1.124623e-06	-3.034346e-09	-8.018226e+00	-1.997911e+02
7.200000e-07	-1.024238e-06	-2.919672e-09	-7.302507e+00	-1.923343e+02
7.300000e-07	-9.235669e-07	-2.804939e-09	-6.584755e+00	-1.847251e+02
7.400000e-07	-8.225469e-07	-2.690038e-09	-5.864513e+00	-1.769581e+02
7.500000e-07	-7.212033e-07	-2.569687e-09	-5.141963e+00	-1.690270e+02
7.600000e-07	-6.196010e-07	-2.444924e-09	-4.417569e+00	-1.609252e+02
7.700000e-07	-5.177712e-07	-2.318080e-09	-3.691553e+00	-1.526452e+02
7.800000e-07	-4.157815e-07	-2.188439e-09	-2.964398e+00	-1.441796e+02
7.900000e-07	-3.136639e-07	-2.053811e-09	-2.236329e+00	-1.355214e+02
8.000000e-07	-2.114102e-07	-1.915806e-09	-1.507292e+00	-1.266636e+02
8.100000e-07	-1.090475e-07	-1.777374e-09	-7.774759e-01	-1.176003e+02
8.200000e-07	-6.619425e-09	-1.634990e-09	-4.719451e-02	-1.083260e+02
8.300000e-07	9.580645e-08	-1.487092e-09	6.830712e-01	-9.883607e+01
8.400000e-07	1.982479e-07	-1.337791e-09	1.413448e+00	-8.912614e+01
8.500000e-07	3.006729e-07	-1.189794e-09	2.143708e+00	-7.919187e+01
8.600000e-07	4.029942e-07	-1.038549e-09	2.873228e+00	-6.902854e+01
8.700000e-07	5.051914e-07	-8.791601e-10	3.601863e+00	-5.863075e+01
8.800000e-07	6.072651e-07	-7.125025e-10	4.329618e+00	-4.799229e+01
8.900000e-07	7.091763e-07	-5.410116e-10	5.056214e+00	-3.710630e+01
9.000000e-07	8.107836e-07	-3.676680e-10	5.780644e+00	-2.596580e+01
9.100000e-07	9.120433e-07	-1.922304e-10	6.502595e+00	-1.456460e+01
9.200000e-07	1.012959e-06	-1.623340e-11	7.222090e+00	-2.898538e+00
9.300000e-07	1.113549e-06	1.620425e-10	7.939268e+00	9.032970e+00
9.400000e-07	1.213884e-06	3.459440e-10	8.654632e+00	2.122532e+01
9.500000e-07	1.313895e-06	5.340412e-10	9.367678e+00	3.366712e+01
9.600000e-07	1.413426e-06	7.232779e-10	1.007730e+01	4.633893e+01
9.700000e-07	1.512318e-06	9.153132e-10	1.078237e+01	5.921242e+01
9.800000e-07	1.610477e-06	1.112393e-09	1.148222e+01	7.225014e+01
9.900000e-07	1.707857e-06	1.312265e-09	1.217651e+01	8.540609e+01
1.000000e-06	1.804512e-06	1.511634e-09	1.286563e+01	9.862699e+01
1.010000e-06	1.900457e-06	1.709910e-09	1.354969e+01	1.118542e+02
1.020000e-06	1.995681e-06	1.908375e-09	1.422861e+01	1.250261e+02
1.030000e-06	2.090256e-06	2.106760e-09	1.490290e+01	1.380813e+02
1.040000e-06	2.184121e-06	2.302134e-09	1.557213e+01	1.509608e+02
1.050000e-06	2.277210e-06	2.492608e-09	1.623582e+01	1.636111e+02
1.060000e-06	2.369601e-06	2.678754e-09	1.689454e+01	1.759863e+02
1.070000e-06	2.461315e-06	2.859485e-09	1.754844e+01	1.880493e+02
1.080000e-06	2.552118e-06	3.034780e-09	1.819583e+01	1.997725e+02
1.090000e-06	2.641775e-06	3.207813e-09	1.883506e+01	2.111379e+02
1.100000e-06	2.730304e-06	3.378227e-09	1.946625e+01	2.221358e+02
1.110000e-06	2.817857e-06	3.542304e-09	2.009047e+01	2.327634e+02
1.120000e-06	2.904508e-06	3.699917e-09	2.070827e+01	2.430230e+02
1.130000e-06	2.990225e-06	3.851222e-09	2.131941e+01	2.529199e+02
1.140000e-06	3.075049e-06	3.997373e-09	2.192418e+01	2.624606e+02
1.150000e-06	3.158987e-06	4.137715e-09	2.252263e+01	2.716514e+02
1.160000e-06	3.241890e-06	4.270940e-09	2.311370e+01	2.804974e+02
1.170000e-06	3.323559e-06	4.399395e-09	2.369598e+01	2.890023e+02
1.180000e-06	3.403910e-06	4.524589e-09	2.426885e+01	2.971684e+02
1.190000e-06	3.483053e-06	4.642938e-09	2.483312e+01	3.049979e+02
1.200000e-06	3.561055e-06	4.755344e-09	2.538925e+01	3.124936e+02
1.210000e-06	3.637832e-06	4.863697e-09	2.593665e+01	3.196602e+02
1.220000e-06	3.713230e-06	4.966611e-09	2.647422e+01	3.265051e+02
1.230000e-06	3.787045e-06	5.063753e-09	2.700049e+01	3.330396e+02
1.240000e-06	3.859285e-06	5.156067e-09	2.751554e+01	3.392786e+02
1.250000e-06	3.930100e-06	5.246160e-09	2.802043e+01	3.452403e+02
1.260000e-06	3.999567e-06	5.333568e-09	2.851571e+01	3.509456e+02
1.270000e-06	4.067723e-06	5.417325e-09	2.900164e+01	3.564166e+02
1.280000e-06	4.134381e-06	5.498901e-09	2.947689e+01	3.616749e+02
1.290000e-06	4.199348e-06	5.577709e-09	2.994009e+01	3.667401e+02
1.300000e-06	4.262751e-06	5.651006e-09	3.039214e+01	3.716283e+02
1.310000e-06	4.324695e-06	5.721010e-09	3.083378e+01	3.763513e+02
1.320000e-06	4.385319e-06	5.790005e-09	3.126601e+01	3.809156e+02
1.330000e-06	4.444628e-06	5.856383e-09	3.168886e+01	3.853230e+02
1.340000e-06	4.502196e-06	5.918567e-09	3.209930e+01	3.895709e+02
1.350000e-06	4.557945e-06	5.978185e-09	3.249678e+01	3.936538e+02
1.360000e-06	4.612078e-06	6.036555e-09	3.288273e+01	3.975643e+02
1.370000e-06	4.664464e-06	6.091508e-09	3.325623e+01	4.012954e+02
1.380000e-06	4.714786e-06	6.144059e-09	3.361501e+01	4.048412e+02
1.390000e-06	4.763117e-06	6.196102e-09	3.395960e+01	4.081988e+02
1.400000e-06	4.809799e-06	6.245954e-09	3.429243e+01	4.113684e+02
1.410000e-06	4.854913e-06	6.289869e-09	3.461407e+01	4.143538e+02
1.420000e-06	4.898447e-06	6.329861e-09	3.492445e+01	4.171622e+02
1.430000e-06	4.940174e-06	6.368803e-09	3.522196e+01	4.198028e+02
1.440000e-06	4.980046e-06	6.404804e-09	3.550623e+01	4.222861e+02
1.450000e-06	5.018273e-06	6.437884e-09	3.577878e+01	4.246224e+02
1.460000e-06	5.054896e-06	6.470256e-09	3.603989e+01	4.268209e+02
1.470000e-06	5.089748e-06	6.502957e-09	3.628837e+01	4.288883e+02
1.480000e-06	5.122643e-06	6.532143e-09	3.652290e+01	4.308288e+02
1.490000e-06	5.153694e-06	6.557573e-09	3.674429e+01	4.326438e+02
1.500000e-06	5.183051e-06	6.582447e-09	3.695360e+01	4.343321e+02
1.510000e-06	5.210742e-06	6.605057e-09	3.715102e+01	4.358913e+02
1.520000e-06	5.236501e-06	6.624838e-09	3.733468e+01	4.373185e+02
1.530000e-06	5.260194e-06	6.643030e-09	3.750360e+01	4.386111e+02
1.540000e-06	5.282049e-06	6.660114e-09	3.765942e+01	4.397686e+02
1.550000e-06	5.302206e-06	6.675840e-09	3.780313e+01	4.407925e+02
1.560000e-06	5.320440e-06	6.690636e-09	3.793314e+01	4.416870e+02
1.570000e-06	5.336605e-06	6.703552e-09	3.804839e+01	4.424589e+02
1.580000e-06	5.350839e-06	6.713923e-09	3.814987e+01	4.431166e+02
1.590000e-06	5.363083e-06	6.723448e-09	3.823717e+01	4.436691e+02
1.600000e-06	5.373084e-06	6.731848e-09	3.830848e+01	4.441256e+02
1.610000e-06	5.380996e-06	6.739191e-09	3.836488e+01	4.444932e+02
1.620000e-06	5.387131e-06	6.744853e-09	3.840862e+01	4.447769e+02
1.630000e-06	5.391506e-06	6.748864e-09	3.843982e+01	4.449783e+02
1.640000e-06	5.393931e-06	6.751167e-09	3.845710e+01	4.450961e+02
1.650000e-06	5.394337e-06	6.752746e-09	3.846000e+01	4.451259e+02
1.660000e-06	5.392950e-06	6.752362e-09	3.845011e+01	4.450614e+02
1.670000e-06	5.389971e-06	6.748267e-09	3.842888e+01	4.448955e+02
1.680000e-06	5.385281e-06	6.745134e-09	3.839544e+01	4.446217e+02
1.690000e-06	5.378588e-06	6.741176e-09	3.834772e+01	4.442358e+02
1.700000e-06	5.370095e-06	6.735822e-09	3.828717e+01	4.437362e+02
1.710000e-06	5.360031e-06	6.729421e-09	3.821541e+01	4.431255e+02
1.720000e-06	5.348284e-06	6.721559e-09	3.813166e+01	4.424103e+02
1.730000e-06	5.334605e-06	6.709049e-09	3.803413e+01	4.416006e+02
1.740000e-06	5.318798e-06	6.672081e-09	3.792143e+01	4.407091e+02
1.750000e-06	5.300683e-06	6.640036e-09	3.779228e+01	4.397495e+02
1.760000e-06	5.279928e-06	6.646884e-09	3.764430e+01	4.387351e+02
1.770000e-06	5.256841e-06	6.641879e-09	3.747970e+01	4.376767e+02
1.780000e-06	5.232391e-06	6.646479e-09	3.730538e+01	4.365816e+02
1.790000e-06	5.207276e-06	6.623523e-09	3.712631e+01	4.354519e+02
1.800000e-06	5.180885e-06	6.538578e-09	3.693816e+01	4.342846e+02
1.810000e-06	5.152187e-06	6.569826e-09	3.673355e+01	4.330714e+02
1.820000e-06	5.121615e-06	6.557798e-09	3.651558e+01	4.317992e+02
1.830000e-06	5.089439e-06	6.486434e-09	3.628617e+01	4.304523e+02
1.840000e-06	5.055302e-06	6.567911e-09	3.604278e+01	4.290132e+02
1.850000e-06	5.019562e-06	6.565778e-09	3.578797e+01	4.274649e+02
1.860000e-06	4.982144e-06	6.513453e-09	3.552119e+01	4.257929e+02
1.870000e-06	4.942834e-06	6.523707e-09	3.524092e+01	4.239863e+02
1.880000e-06	4.901827e-06	6.438036e-09	3.494856e+01	4.220388e+02
1.890000e-06	4.858982e-06	6.423925e-09	3.464308e+01	4.199496e+02
1.900000e-06	4.814477e-06	6.388479e-09	3.432578e+01	4.177227e+02
1.910000e-06	4.768212e-06	6.307334e-09	3.399592e+01	4.153661e+02
1.920000e-06	4.719895e-06	6.368401e-09	3.365143e+01	4.128910e+02
1.930000e-06	4.669936e-06	6.280641e-09	3.329524e+01	4.103097e+02
1.940000e-06	4.618304e-06	6.205875e-09	3.292712e+01	4.076345e+02
1.950000e-06	4.564614e-06	6.242847e-09	3.254433e+01	4.048758e+02
1.960000e-06	4.508960e-06	6.145914e-09	3.214753e+01	4.020414e+02
1.970000e-06	4.451603e-06	6.082500e-09	3.173859e+01	3.991354e+02
1.980000e-06	4.392832e-06	6.049087e-09	3.131957e+01	3.961586e+02
1.990000e-06	4.332536e-06	6.027348e-09	3.088968e+01	3.931081e+02
2.000000e-06	4.270477e-06	5.994058e-09	3.044722e+01	3.899785e+02
2.010000e-06	4.206816e-06	5.909972e-09	2.999334e+01	3.867628e+02
2.020000e-06	4.141639e-06	5.889884e-09	2.952864e+01	3.834534e+02
2.030000e-06	4.075022e-06	5.809377e-09	2.905368e+01	3.800435e+02
2.040000e-06	4.006977e-06	5.742224e-09	2.856855e+01	3.765276e+02
2.050000e-06	3.937415e-06	5.712080e-09	2.807259e+01	3.729022e+02
2.060000e-06	3.866370e-06	5.655321e-09	2.756606e+01	3.691661e+02
2.070000e-06	3.794006e-06	5.615495e-09	2.705012e+01	3.653203e+02
2.080000e-06	3.720382e-06	5.515746e-09	2.652520e+01	3.613673e+02
2.090000e-06	3.645323e-06	5.462211e-09	2.599006e+01	3.573108e+02
2.100000e-06	3.568803e-06	5.412651e-09	2.544450e+01	3.531545e+02
2.110000e-06	3.490758e-06	5.330424e-09	2.488805e+01	3.489019e+02
2.120000e-06	3.411345e-06	5.278185e-09	2.432187e+01	3.445550e+02
2.130000e-06	3.330832e-06	5.206859e-09	2.374783e+01	3.401148e+02
2.140000e-06	3.249143e-06	5.143060e-09	2.316541e+01	3.355804e+02
2.150000e-06	3.166314e-06	5.070142e-09	2.257487e+01	3.309494e+02
2.160000e-06	3.082549e-06	5.003279e-09	2.197765e+01	3.262184e+02
2.170000e-06	2.997785e-06	4.924792e-09	2.137330e+01	3.213832e+02
2.180000e-06	2.911651e-06	4.841002e-09	2.075920e+01	3.164393e+02
2.190000e-06	2.824213e-06	4.768914e-09	2.013579e+01	3.113827e+02
2.200000e-06	2.735821e-06	4.690844e-09	1.950558e+01	3.062098e+02
2.210000e-06	2.646489e-06	4.621824e-09	1.886867e+01	3.009180e+02
2.220000e-06	2.556242e-06	4.541085e-09	1.822524e+01	2.955056e+02
2.230000e-06	2.465175e-06	4.455406e-09	1.757595e+01	2.899718e+02
2.240000e-06	2.373312e-06	4.357543e-09	1.692100e+01	2.843162e+02
2.250000e-06	2.280726e-06	4.265437e-09	1.626089e+01	2.785389e+02
2.260000e-06	2.187364e-06	4.186658e-09	1.559525e+01	2.726399e+02
2.270000e-06	2.092951e-06	4.099604e-09	1.492211e+01	2.666190e+02
2.280000e-06	1.997493e-06	4.001759e-09	1.424152e+01	2.604755e+02
2.290000e-06	1.901336e-06	3.901619e-09	1.355595e+01	2.542083e+02
2.300000e-06	1.804661e-06	3.805451e-09	1.286669e+01	2.478157e+02
2.310000e-06	1.707483e-06	3.703299e-09	1.217384e+01	2.412956e+02
2.320000e-06	1.609742e-06	3.602019e-09	1.147698e+01	2.346459e+02
2.330000e-06	1.511434e-06	3.504177e-09	1.077607e+01	2.278638e+02
2.340000e-06	1.412630e-06	3.402536e-09	1.007163e+01	2.209467e+02
2.350000e-06	1.313386e-06	3.290386e-09	9.364047e+00	2.138918e+02
2.360000e-06	1.213861e-06	3.180454e-09	8.654464e+00	2.066958e+02
2.370000e-06	1.114082e-06	3.073628e-09	7.943071e+00	1.993553e+02
2.380000e-06	1.013940e-06	2.956686e-09	7.229088e+00	1.918661e+02
2.390000e-06	9.134109e-07	2.835196e-09	6.512346e+00	1.842234e+02
2.400000e-06	8.124747e-07	2.716808e-09	5.792700e+00	1.764216e+02
2.410000e-06	7.112185e-07	2.600375e-09	5.070774e+00	1.684544e+02
2.420000e-06	6.097303e-07	2.476381e-09	4.347194e+00	1.603148e+02
2.430000e-06	5.080303e-07	2.347492e-09	3.622104e+00	1.519955e+02
2.440000e-06	4.061018e-07	2.218523e-09	2.895384e+00	1.434891e+02
2.450000e-06	3.039472e-07	2.086270e-09	2.167052e+00	1.347885e+02
2.460000e-06	2.016213e-07	1.948438e-09	1.437499e+00	1.258870e+02
2.470000e-06	9.914060e-08	1.810515e-09	7.068427e-01	1.167787e+02
2.480000e-06	-3.435877e-09	1.671977e-09	-2.449677e-02	1.074585e+02
2.490000e-06	-1.060165e-07	1.527854e-09	-7.558660e-01	9.792162e+01
2.500000e-06	-2.085559e-07	1.379466e-09	-1.486941e+00	8.816383e+01
2.510000e-06	-3.109963e-07	1.228321e-09	-2.217310e+00	7.818073e+01
2.520000e-06	-4.133478e-07	1.075828e-09	-2.947046e+00	6.796748e+01
2.530000e-06	-5.155250e-07	9.174850e-10	-3.675538e+00	5.751850e+01
2.540000e-06	-6.174520e-07	7.537470e-10	-4.402248e+00	4.682742e+01
2.550000e-06	-7.190899e-07	5.886796e-10	-5.126895e+00	3.588731e+01
2.560000e-06	-8.202910e-07	4.189065e-10	-5.848428e+00	2.469125e+01
2.570000e-06	-9.211617e-07	2.425495e-10	-6.567607e+00	1.323339e+01
2.580000e-06	-1.021716e-06	6.271812e-11	-7.284529e+00	1.510178e+00
2.590000e-06	-1.121827e-06	-1.197104e-10	-7.998286e+00	-1.047798e+01
2.600000e-06	-1.221513e-06	-3.064483e-10	-8.709018e+00	-2.272516e+01
2.610000e-06	-1.320748e-06	-4.989692e-10	-9.416534e+00	-3.521835e+01
2.620000e-06	-1.419565e-06	-6.944155e-10	-1.012107e+01	-4.793624e+01
2.630000e-06	-1.518008e-06	-8.923164e-10	-1.082294e+01	-6.084853e+01
2.640000e-06	-1.615927e-06	-1.093776e-09	-1.152108e+01	-7.391590e+01
2.650000e-06	-1.713233e-06	-1.299311e-09	-1.221483e+01	-8.709064e+01
2.660000e-06	-1.809973e-06	-1.507603e-09	-1.290456e+01	-1.003181e+02
2.670000e-06	-1.906177e-06	-1.713542e-09	-1.359047e+01	-1.135389e+02
2.680000e-06	-2.001796e-06	-1.916733e-09	-1.427220e+01	-1.266911e+02
2.690000e-06	-2.096672e-06	-2.118755e-09	-1.494864e+01	-1.397136e+02
2.700000e-06	-2.190694e-06	-2.317763e-09	-1.561899e+01	-1.525484e+02
2.710000e-06	-2.283773e-06	-2.509679e-09	-1.628262e+01	-1.651435e+02
2.720000e-06	-2.375880e-06	-2.696691e-09	-1.693931e+01	-1.774548e+02
2.730000e-06	-2.467122e-06	-2.881467e-09	-1.758984e+01	-1.894471e+02
2.740000e-06	-2.557464e-06	-3.059077e-09	-1.823395e+01	-2.010951e+02
2.750000e-06	-2.646821e-06	-3.228095e-09	-1.887104e+01	-2.123824e+02
2.760000e-06	-2.735328e-06	-3.393342e-09	-1.950206e+01	-2.233011e+02
2.770000e-06	-2.823082e-06	-3.557384e-09	-2.012773e+01	-2.338497e+02
2.780000e-06	-2.909924e-06	-3.716073e-09	-2.074688e+01	-2.440312e+02
2.790000e-06	-2.995651e-06	-3.865508e-09	-2.135809e+01	-2.538514e+02
2.800000e-06	-3.080137e-06	-4.007240e-09	-2.196045e+01	-2.633168e+02
2.810000e-06	-3.163502e-06	-4.143772e-09	-2.255482e+01	-2.724335e+02
2.820000e-06	-3.245882e-06	-4.276481e-09	-2.314216e+01	-2.812063e+02
2.830000e-06	-3.327188e-06	-4.406466e-09	-2.372185e+01	-2.896386e+02
2.840000e-06	-3.407422e-06	-4.533324e-09	-2.429390e+01	-2.977326e+02
2.850000e-06	-3.486474e-06	-4.654887e-09	-2.485751e+01	-3.054904e+02
2.860000e-06	-3.564062e-06	-4.768948e-09	-2.541069e+01	-3.129153e+02
2.870000e-06	-3.640141e-06	-4.876676e-09	-2.595311e+01	-3.200123e+02
2.880000e-06	-3.714817e-06	-4.982599e-09	-2.648553e+01	-3.267898e+02
2.890000e-06	-3.788125e-06	-5.083885e-09	-2.700819e+01	-3.332598e+02
2.900000e-06	-3.860126e-06	-5.177301e-09	-2.752154e+01	-3.394378e+02
2.910000e-06	-3.930722e-06	-5.265569e-09	-2.802487e+01	-3.453430e+02
2.920000e-06	-3.999722e-06	-5.351739e-09	-2.851681e+01	-3.509964e+02
2.930000e-06	-4.067254e-06	-5.436221e-09	-2.899830e+01	-3.564202e+02
2.940000e-06	-4.133390e-06	-5.516907e-09	-2.946983e+01	-3.616357e+02
2.950000e-06	-4.198044e-06	-5.594667e-09	-2.993079e+01	-3.666619e+02
2.960000e-06	-4.261311e-06	-5.670598e-09	-3.038186e+01	-3.715141e+02
2.970000e-06	-4.322974e-06	-5.743982e-09	-3.082150e+01	-3.762028e+02
2.980000e-06	-4.382916e-06	-5.814644e-09	-3.124888e+01	-3.807337e+02
2.990000e-06	-4.441377e-06	-5.882944e-09	-3.166568e+01	-3.851074e+02
3.000000e-06	-4.498352e-06	-5.947587e-09	-3.207190e+01	-3.893207e+02
3.010000e-06	-4.553733e-06	-6.007912e-09	-3.246675e+01	-3.933674e+02
3.020000e-06	-4.607246e-06	-6.066838e-09	-3.284828e+01	-3.972403e+02
3.030000e-06	-4.658803e-06	-6.125244e-09	-3.321587e+01	-4.009322e+02
3.040000e-06	-4.708591e-06	-6.180403e-09	-3.357084e+01	-4.044380e+02
3.050000e-06	-4.756462e-06	-6.231902e-09	-3.391215e+01	-4.077553e+02
3.060000e-06	-4.802475e-06	-6.281439e-09	-3.424021e+01	-4.108852e+02
3.070000e-06	-4.846961e-06	-6.329795e-09	-3.455737e+01	-4.138322e+02
3.080000e-06	-4.889955e-06	-6.373719e-09	-3.486391e+01	-4.166039e+02
3.090000e-06	-4.931335e-06	-6.412487e-09	-3.515894e+01	-4.192100e+02
3.100000e-06	-4.971167e-06	-6.450884e-09	-3.544293e+01	-4.216611e+02
3.110000e-06	-5.009229e-06	-6.488674e-09	-3.571430e+01	-4.239674e+02
3.120000e-06	-5.045332e-06	-6.523113e-09	-3.597170e+01	-4.261374e+02
3.130000e-06	-5.079672e-06	-6.554776e-09	-3.621653e+01	-4.281776e+02
3.140000e-06	-5.112332e-06	-6.585968e-09	-3.644939e+01	-4.300913e+02
3.150000e-06	-5.143225e-06	-6.615110e-09	-3.666965e+01	-4.318795e+02
3.160000e-06	-5.172212e-06	-6.639492e-09	-3.687632e+01	-4.335406e+02
3.170000e-06	-5.199358e-06	-6.661062e-09	-3.706986e+01	-4.350719e+02
3.180000e-06	-5.224715e-06	-6.681933e-09	-3.725065e+01	-4.364705e+02
3.190000e-06	-5.248261e-06	-6.702308e-09	-3.741853e+01	-4.377343e+02
3.200000e-06	-5.269847e-06	-6.721646e-09	-3.757243e+01	-4.388631e+02
3.210000e-06	-5.289496e-06	-6.738479e-09	-3.771252e+01	-4.398590e+02
3.220000e-06	-5.307313e-06	-6.751236e-09	-3.783955e+01	-4.407268e+02
3.230000e-06	-5.323253e-06	-6.760541e-09	-3.795319e+01	-4.414737e+02
3.240000e-06	-5.337015e-06	-6.767335e-09	-3.805131e+01	-4.421082e+02
3.250000e-06	-5.348585e-06	-6.774660e-09	-3.813380e+01	-4.426396e+02
3.260000e-06	-5.358266e-06	-6.782188e-09	-3.820283e+01	-4.430766e+02
3.270000e-06	-5.366072e-06	-6.787592e-09	-3.825848e+01	-4.434261e+02
3.280000e-06	-5.371876e-06	-6.790077e-09	-3.829987e+01	-4.436923e+02
3.290000e-06	-5.375744e-06	-6.791150e-09	-3.832744e+01	-4.438762e+02
3.300000e-06	-5.377878e-06	-6.791910e-09	-3.834265e+01	-4.439757e+02
3.310000e-06	-5.378254e-06	-6.789215e-09	-3.834533e+01	-4.439860e+02
