# Temperatura_=_74.63
# Concentracion g/m^3_=_15000.0
# C_Vs_to_Am_M_A/Vsm_=_65563218390.804596
# pendiente_HvsI_1/m_=_3716.3
# ordenada_HvsI_A/m_=_1297.0
# frecuencia_Hz_=_302340.44894153863

Tiempo_(s)	Campo_(V.s)	Magnetizacion_(V.s)	Campo_(kA/m)	Magnetizacion_(A/m)
0.000000e+00	-8.191055e-06	-1.291037e-08	-5.690594e+01	-8.439122e+02
1.000000e-08	-8.186288e-06	-1.290430e-08	-5.687282e+01	-8.434480e+02
2.000000e-08	-8.178893e-06	-1.289594e-08	-5.682145e+01	-8.428454e+02
3.000000e-08	-8.168700e-06	-1.288581e-08	-5.675063e+01	-8.421180e+02
4.000000e-08	-8.155516e-06	-1.287349e-08	-5.665904e+01	-8.412782e+02
5.000000e-08	-8.139388e-06	-1.285816e-08	-5.654700e+01	-8.403359e+02
6.000000e-08	-8.120673e-06	-1.284062e-08	-5.641697e+01	-8.392980e+02
7.000000e-08	-8.099638e-06	-1.281853e-08	-5.627084e+01	-8.381682e+02
8.000000e-08	-8.075930e-06	-1.281776e-08	-5.610613e+01	-8.369473e+02
9.000000e-08	-8.049043e-06	-1.281485e-08	-5.591933e+01	-8.356338e+02
1.000000e-07	-8.018904e-06	-1.278306e-08	-5.570995e+01	-8.342250e+02
1.100000e-07	-7.985727e-06	-1.274152e-08	-5.547946e+01	-8.327180e+02
1.200000e-07	-7.949700e-06	-1.270729e-08	-5.522917e+01	-8.311100e+02
1.300000e-07	-7.911184e-06	-1.268202e-08	-5.496158e+01	-8.293985e+02
1.400000e-07	-7.870283e-06	-1.263714e-08	-5.467743e+01	-8.275812e+02
1.500000e-07	-7.826931e-06	-1.258916e-08	-5.437625e+01	-8.256554e+02
1.600000e-07	-7.780944e-06	-1.255885e-08	-5.405676e+01	-8.236166e+02
1.700000e-07	-7.732064e-06	-1.252524e-08	-5.371718e+01	-8.214579e+02
1.800000e-07	-7.680300e-06	-1.247566e-08	-5.335756e+01	-8.191693e+02
1.900000e-07	-7.625628e-06	-1.246255e-08	-5.297773e+01	-8.167375e+02
2.000000e-07	-7.568046e-06	-1.243831e-08	-5.257770e+01	-8.141463e+02
2.100000e-07	-7.507775e-06	-1.238214e-08	-5.215897e+01	-8.113774e+02
2.200000e-07	-7.444950e-06	-1.232261e-08	-5.172251e+01	-8.084124e+02
2.300000e-07	-7.379321e-06	-1.227047e-08	-5.126656e+01	-8.052348e+02
2.400000e-07	-7.310838e-06	-1.222074e-08	-5.079079e+01	-8.018317e+02
2.500000e-07	-7.239580e-06	-1.215448e-08	-5.029574e+01	-7.981961e+02
2.600000e-07	-7.165409e-06	-1.209990e-08	-4.978044e+01	-7.943278e+02
2.700000e-07	-7.088358e-06	-1.203533e-08	-4.924514e+01	-7.902337e+02
2.800000e-07	-7.008513e-06	-1.195371e-08	-4.869043e+01	-7.859276e+02
2.900000e-07	-6.926102e-06	-1.188437e-08	-4.811790e+01	-7.814279e+02
3.000000e-07	-6.841404e-06	-1.183281e-08	-4.752947e+01	-7.767559e+02
3.100000e-07	-6.754263e-06	-1.176733e-08	-4.692408e+01	-7.719325e+02
3.200000e-07	-6.664574e-06	-1.169365e-08	-4.630098e+01	-7.669751e+02
3.300000e-07	-6.572498e-06	-1.162309e-08	-4.566130e+01	-7.618955e+02
3.400000e-07	-6.478043e-06	-1.154717e-08	-4.500509e+01	-7.566977e+02
3.500000e-07	-6.381200e-06	-1.145711e-08	-4.433229e+01	-7.513773e+02
3.600000e-07	-6.282040e-06	-1.136389e-08	-4.364339e+01	-7.459218e+02
3.700000e-07	-6.180647e-06	-1.127775e-08	-4.293898e+01	-7.403128e+02
3.800000e-07	-6.077001e-06	-1.118736e-08	-4.221892e+01	-7.345279e+02
3.900000e-07	-5.971144e-06	-1.108980e-08	-4.148349e+01	-7.285441e+02
4.000000e-07	-5.863218e-06	-1.099335e-08	-4.073369e+01	-7.223412e+02
4.100000e-07	-5.753234e-06	-1.090462e-08	-3.996960e+01	-7.159042e+02
4.200000e-07	-5.641079e-06	-1.080233e-08	-3.919043e+01	-7.092255e+02
4.300000e-07	-5.526747e-06	-1.068946e-08	-3.839612e+01	-7.023051e+02
4.400000e-07	-5.410304e-06	-1.057904e-08	-3.758716e+01	-6.951504e+02
4.500000e-07	-5.291773e-06	-1.047270e-08	-3.676368e+01	-6.877738e+02
4.600000e-07	-5.171368e-06	-1.036201e-08	-3.592718e+01	-6.801904e+02
4.700000e-07	-5.049295e-06	-1.024726e-08	-3.507910e+01	-6.724139e+02
4.800000e-07	-4.925402e-06	-1.013046e-08	-3.421838e+01	-6.644540e+02
4.900000e-07	-4.799647e-06	-1.000281e-08	-3.334472e+01	-6.563133e+02
5.000000e-07	-4.672203e-06	-9.869026e-09	-3.245932e+01	-6.479857e+02
5.100000e-07	-4.543105e-06	-9.734930e-09	-3.156244e+01	-6.394564e+02
5.200000e-07	-4.412260e-06	-9.601838e-09	-3.065341e+01	-6.307029e+02
5.300000e-07	-4.279738e-06	-9.459001e-09	-2.973274e+01	-6.216975e+02
5.400000e-07	-4.145761e-06	-9.310303e-09	-2.880196e+01	-6.124109e+02
5.500000e-07	-4.010160e-06	-9.162004e-09	-2.785990e+01	-6.028160e+02
5.600000e-07	-3.872867e-06	-9.010557e-09	-2.690608e+01	-5.928912e+02
5.700000e-07	-3.734064e-06	-8.853944e-09	-2.594177e+01	-5.826233e+02
5.800000e-07	-3.593712e-06	-8.694225e-09	-2.496669e+01	-5.720088e+02
5.900000e-07	-3.451752e-06	-8.532583e-09	-2.398045e+01	-5.610533e+02
6.000000e-07	-3.308456e-06	-8.362094e-09	-2.298492e+01	-5.497700e+02
6.100000e-07	-3.164026e-06	-8.186470e-09	-2.198152e+01	-5.381757e+02
6.200000e-07	-3.018422e-06	-8.006438e-09	-2.096997e+01	-5.262874e+02
6.300000e-07	-2.871686e-06	-7.818245e-09	-1.995054e+01	-5.141169e+02
6.400000e-07	-2.723956e-06	-7.622023e-09	-1.892421e+01	-5.016675e+02
6.500000e-07	-2.575345e-06	-7.423195e-09	-1.789176e+01	-4.889312e+02
6.600000e-07	-2.425874e-06	-7.222859e-09	-1.685334e+01	-4.758873e+02
6.700000e-07	-2.275577e-06	-7.016895e-09	-1.580918e+01	-4.625038e+02
6.800000e-07	-2.124470e-06	-6.806009e-09	-1.475939e+01	-4.487399e+02
6.900000e-07	-1.972566e-06	-6.589116e-09	-1.370406e+01	-4.345507e+02
7.000000e-07	-1.819923e-06	-6.365315e-09	-1.264360e+01	-4.198917e+02
7.100000e-07	-1.666648e-06	-6.133262e-09	-1.157875e+01	-4.047248e+02
7.200000e-07	-1.512874e-06	-5.897034e-09	-1.051043e+01	-3.890214e+02
7.300000e-07	-1.358634e-06	-5.653017e-09	-9.438874e+00	-3.727654e+02
7.400000e-07	-1.203937e-06	-5.397401e-09	-8.364145e+00	-3.559528e+02
7.500000e-07	-1.048863e-06	-5.133553e-09	-7.286792e+00	-3.385890e+02
7.600000e-07	-8.934204e-07	-4.863013e-09	-6.206884e+00	-3.206838e+02
7.700000e-07	-7.376187e-07	-4.583765e-09	-5.124479e+00	-3.022444e+02
7.800000e-07	-5.815851e-07	-4.294317e-09	-4.040462e+00	-2.832673e+02
7.900000e-07	-4.254165e-07	-3.997157e-09	-2.955508e+00	-2.637315e+02
8.000000e-07	-2.690996e-07	-3.688625e-09	-1.869523e+00	-2.435920e+02
8.100000e-07	-1.127251e-07	-3.366836e-09	-7.831382e-01	-2.227778e+02
8.200000e-07	4.368550e-08	-3.031835e-09	3.034974e-01	-2.011922e+02
8.300000e-07	2.001692e-07	-2.683893e-09	1.390641e+00	-1.787186e+02
8.400000e-07	3.566441e-07	-2.321646e-09	2.477723e+00	-1.552295e+02
8.500000e-07	5.130634e-07	-1.943272e-09	3.564420e+00	-1.305996e+02
8.600000e-07	6.693504e-07	-1.551576e-09	4.650197e+00	-1.047213e+02
8.700000e-07	8.254318e-07	-1.145440e-09	5.734545e+00	-7.752026e+01
8.800000e-07	9.812682e-07	-7.191455e-10	6.817191e+00	-4.897071e+01
8.900000e-07	1.136775e-06	-2.713613e-10	7.897550e+00	-1.910701e+01
9.000000e-07	1.291940e-06	1.985979e-10	8.975529e+00	1.196878e+01
9.100000e-07	1.446674e-06	6.885582e-10	1.005052e+01	4.408524e+01
9.200000e-07	1.600845e-06	1.191751e-09	1.112160e+01	7.700612e+01
9.300000e-07	1.754436e-06	1.704475e-09	1.218864e+01	1.104410e+02
9.400000e-07	1.907432e-06	2.222049e-09	1.325156e+01	1.440609e+02
9.500000e-07	2.059757e-06	2.737535e-09	1.430981e+01	1.775184e+02
9.600000e-07	2.211285e-06	3.242484e-09	1.536252e+01	2.104687e+02
9.700000e-07	2.361927e-06	3.731022e-09	1.640908e+01	2.425909e+02
9.800000e-07	2.511542e-06	4.199337e-09	1.744851e+01	2.736074e+02
9.900000e-07	2.660084e-06	4.643053e-09	1.848047e+01	3.032982e+02
1.000000e-06	2.807644e-06	5.061724e-09	1.950562e+01	3.315110e+02
1.010000e-06	2.954199e-06	5.458348e-09	2.052379e+01	3.581636e+02
1.020000e-06	3.099748e-06	5.835475e-09	2.153497e+01	3.832417e+02
1.030000e-06	3.244282e-06	6.190533e-09	2.253909e+01	4.067902e+02
1.040000e-06	3.387563e-06	6.525337e-09	2.353451e+01	4.289008e+02
1.050000e-06	3.529435e-06	6.847115e-09	2.452014e+01	4.496966e+02
1.060000e-06	3.669894e-06	7.153780e-09	2.549596e+01	4.693163e+02
1.070000e-06	3.809008e-06	7.440441e-09	2.646243e+01	4.878994e+02
1.080000e-06	3.946734e-06	7.708630e-09	2.741925e+01	5.055736e+02
1.090000e-06	4.082923e-06	7.964749e-09	2.836540e+01	5.224459e+02
1.100000e-06	4.217612e-06	8.208792e-09	2.930113e+01	5.385986e+02
1.110000e-06	4.350738e-06	8.441263e-09	3.022600e+01	5.540877e+02
1.120000e-06	4.482318e-06	8.664746e-09	3.114013e+01	5.689469e+02
1.130000e-06	4.612466e-06	8.880097e-09	3.204431e+01	5.831925e+02
1.140000e-06	4.740972e-06	9.083824e-09	3.293708e+01	5.968307e+02
1.150000e-06	4.867757e-06	9.275451e-09	3.381790e+01	6.098648e+02
1.160000e-06	4.992892e-06	9.459519e-09	3.468726e+01	6.223015e+02
1.170000e-06	5.116297e-06	9.636288e-09	3.554459e+01	6.341549e+02
1.180000e-06	5.237967e-06	9.806438e-09	3.638987e+01	6.454491e+02
1.190000e-06	5.357753e-06	9.970920e-09	3.722206e+01	6.562172e+02
1.200000e-06	5.475501e-06	1.012996e-08	3.804010e+01	6.664997e+02
1.210000e-06	5.591175e-06	1.028283e-08	3.884372e+01	6.763400e+02
1.220000e-06	5.704764e-06	1.042908e-08	3.963286e+01	6.857801e+02
1.230000e-06	5.816182e-06	1.056975e-08	4.040692e+01	6.948563e+02
1.240000e-06	5.925416e-06	1.070459e-08	4.116581e+01	7.035957e+02
1.250000e-06	6.032572e-06	1.083360e-08	4.191025e+01	7.120147e+02
1.260000e-06	6.137509e-06	1.095790e-08	4.263929e+01	7.201187e+02
1.270000e-06	6.240157e-06	1.107585e-08	4.335242e+01	7.279039e+02
1.280000e-06	6.340480e-06	1.118700e-08	4.404939e+01	7.353606e+02
1.290000e-06	6.438470e-06	1.129377e-08	4.473016e+01	7.424773e+02
1.300000e-06	6.534150e-06	1.139482e-08	4.539488e+01	7.492447e+02
1.310000e-06	6.627442e-06	1.148866e-08	4.604301e+01	7.556597e+02
1.320000e-06	6.718366e-06	1.157886e-08	4.667469e+01	7.617277e+02
1.330000e-06	6.806843e-06	1.166597e-08	4.728936e+01	7.674637e+02
1.340000e-06	6.892901e-06	1.174975e-08	4.788724e+01	7.728920e+02
1.350000e-06	6.976563e-06	1.182929e-08	4.846847e+01	7.780436e+02
1.360000e-06	7.057735e-06	1.190524e-08	4.903240e+01	7.829533e+02
1.370000e-06	7.136340e-06	1.197798e-08	4.957849e+01	7.876554e+02
1.380000e-06	7.212303e-06	1.204753e-08	5.010623e+01	7.921798e+02
1.390000e-06	7.285603e-06	1.211505e-08	5.061547e+01	7.965489e+02
1.400000e-06	7.356258e-06	1.217868e-08	5.110634e+01	8.007749e+02
1.410000e-06	7.424265e-06	1.223852e-08	5.157880e+01	8.048597e+02
1.420000e-06	7.489542e-06	1.229633e-08	5.203230e+01	8.087948e+02
1.430000e-06	7.552204e-06	1.235119e-08	5.246764e+01	8.125641e+02
1.440000e-06	7.612339e-06	1.240488e-08	5.288541e+01	8.161467e+02
1.450000e-06	7.669842e-06	1.245483e-08	5.328490e+01	8.195206e+02
1.460000e-06	7.724571e-06	1.249957e-08	5.366512e+01	8.226666e+02
1.470000e-06	7.776350e-06	1.254226e-08	5.402485e+01	8.255708e+02
1.480000e-06	7.824964e-06	1.258424e-08	5.436259e+01	8.282270e+02
1.490000e-06	7.870625e-06	1.262281e-08	5.467981e+01	8.306376e+02
1.500000e-06	7.913564e-06	1.265546e-08	5.497812e+01	8.328128e+02
1.510000e-06	7.953620e-06	1.268392e-08	5.525640e+01	8.347691e+02
1.520000e-06	7.990868e-06	1.271031e-08	5.551518e+01	8.365267e+02
1.530000e-06	8.025328e-06	1.273437e-08	5.575458e+01	8.381066e+02
1.540000e-06	8.056875e-06	1.275571e-08	5.597375e+01	8.395278e+02
1.550000e-06	8.085635e-06	1.277486e-08	5.617355e+01	8.408052e+02
1.560000e-06	8.111518e-06	1.279211e-08	5.635337e+01	8.419477e+02
1.570000e-06	8.134355e-06	1.280799e-08	5.651203e+01	8.429580e+02
1.580000e-06	8.154321e-06	1.282142e-08	5.665074e+01	8.438330e+02
1.590000e-06	8.171433e-06	1.283116e-08	5.676962e+01	8.445657e+02
1.600000e-06	8.185464e-06	1.283747e-08	5.686710e+01	8.451466e+02
1.610000e-06	8.196299e-06	1.284228e-08	5.694237e+01	8.455663e+02
1.620000e-06	8.203979e-06	1.284509e-08	5.699573e+01	8.458176e+02
1.630000e-06	8.208715e-06	1.284638e-08	5.702863e+01	8.458969e+02
1.640000e-06	8.210567e-06	1.284687e-08	5.704150e+01	8.458054e+02
1.650000e-06	8.209539e-06	1.284297e-08	5.703436e+01	8.455486e+02
1.660000e-06	8.205854e-06	1.283678e-08	5.700875e+01	8.451364e+02
1.670000e-06	8.199464e-06	1.283008e-08	5.696436e+01	8.445811e+02
1.680000e-06	8.190326e-06	1.282146e-08	5.690087e+01	8.438962e+02
1.690000e-06	8.178434e-06	1.281012e-08	5.681826e+01	8.430947e+02
1.700000e-06	8.163598e-06	1.279793e-08	5.671519e+01	8.421874e+02
1.710000e-06	8.146113e-06	1.278606e-08	5.659371e+01	8.411825e+02
1.720000e-06	8.126319e-06	1.277111e-08	5.645620e+01	8.400847e+02
1.730000e-06	8.103843e-06	1.272274e-08	5.630005e+01	8.388959e+02
1.740000e-06	8.077965e-06	1.269037e-08	5.612027e+01	8.376151e+02
1.750000e-06	8.048263e-06	1.268585e-08	5.591392e+01	8.362401e+02
1.760000e-06	8.015199e-06	1.267074e-08	5.568421e+01	8.347679e+02
1.770000e-06	7.979639e-06	1.264754e-08	5.543717e+01	8.331957e+02
1.780000e-06	7.941712e-06	1.264187e-08	5.517367e+01	8.315208e+02
1.790000e-06	7.901562e-06	1.261861e-08	5.489474e+01	8.297410e+02
1.800000e-06	7.859426e-06	1.258261e-08	5.460201e+01	8.278538e+02
1.810000e-06	7.814755e-06	1.260025e-08	5.429166e+01	8.258554e+02
1.820000e-06	7.767235e-06	1.259582e-08	5.396153e+01	8.237399e+02
1.830000e-06	7.716858e-06	1.256733e-08	5.361154e+01	8.214985e+02
1.840000e-06	7.663314e-06	1.251993e-08	5.323955e+01	8.191190e+02
1.850000e-06	7.606829e-06	1.246170e-08	5.284713e+01	8.165861e+02
1.860000e-06	7.547675e-06	1.243653e-08	5.243617e+01	8.138822e+02
1.870000e-06	7.485726e-06	1.238962e-08	5.200579e+01	8.109888e+02
1.880000e-06	7.420965e-06	1.234941e-08	5.155587e+01	8.078882e+02
1.890000e-06	7.353359e-06	1.231437e-08	5.108620e+01	8.045662e+02
1.900000e-06	7.282851e-06	1.224670e-08	5.059635e+01	8.010135e+02
1.910000e-06	7.209478e-06	1.216633e-08	5.008660e+01	7.972272e+02
1.920000e-06	7.133418e-06	1.210466e-08	4.955819e+01	7.932120e+02
1.930000e-06	7.054585e-06	1.207399e-08	4.901051e+01	7.889791e+02
1.940000e-06	6.973011e-06	1.200616e-08	4.844379e+01	7.845456e+02
1.950000e-06	6.888944e-06	1.193344e-08	4.785975e+01	7.799321e+02
1.960000e-06	6.802259e-06	1.185807e-08	4.725752e+01	7.751599e+02
1.970000e-06	6.713055e-06	1.177087e-08	4.663779e+01	7.702481e+02
1.980000e-06	6.621478e-06	1.168937e-08	4.600157e+01	7.652107e+02
1.990000e-06	6.527530e-06	1.161579e-08	4.534889e+01	7.600546e+02
2.000000e-06	6.431292e-06	1.155609e-08	4.468029e+01	7.547784e+02
2.010000e-06	6.332791e-06	1.146702e-08	4.399597e+01	7.493724e+02
2.020000e-06	6.232024e-06	1.137101e-08	4.329591e+01	7.438201e+02
2.030000e-06	6.128946e-06	1.128423e-08	4.257980e+01	7.381001e+02
2.040000e-06	6.023661e-06	1.120334e-08	4.184834e+01	7.321893e+02
2.050000e-06	5.916303e-06	1.110272e-08	4.110250e+01	7.260661e+02
2.060000e-06	5.806930e-06	1.099393e-08	4.034265e+01	7.197134e+02
2.070000e-06	5.695491e-06	1.089880e-08	3.956844e+01	7.131209e+02
2.080000e-06	5.581954e-06	1.079870e-08	3.877966e+01	7.062857e+02
2.090000e-06	5.466265e-06	1.069620e-08	3.797593e+01	6.992129e+02
2.100000e-06	5.348439e-06	1.059216e-08	3.715736e+01	6.919133e+02
2.110000e-06	5.228549e-06	1.048063e-08	3.632444e+01	6.844014e+02
2.120000e-06	5.106806e-06	1.034928e-08	3.547866e+01	6.766919e+02
2.130000e-06	4.983313e-06	1.022575e-08	3.462071e+01	6.687962e+02
2.140000e-06	4.857941e-06	1.011475e-08	3.374971e+01	6.607198e+02
2.150000e-06	4.730773e-06	9.999247e-09	3.286623e+01	6.524596e+02
2.160000e-06	4.601875e-06	9.865464e-09	3.197074e+01	6.440040e+02
2.170000e-06	4.471355e-06	9.723321e-09	3.106397e+01	6.353329e+02
2.180000e-06	4.339160e-06	9.582093e-09	3.014557e+01	6.264202e+02
2.190000e-06	4.205374e-06	9.439716e-09	2.921611e+01	6.172368e+02
2.200000e-06	4.070060e-06	9.300105e-09	2.827604e+01	6.077543e+02
2.210000e-06	3.933132e-06	9.161250e-09	2.732476e+01	5.979487e+02
2.220000e-06	3.794624e-06	9.011218e-09	2.636249e+01	5.878037e+02
2.230000e-06	3.654613e-06	8.844433e-09	2.538979e+01	5.773122e+02
2.240000e-06	3.513248e-06	8.677341e-09	2.440768e+01	5.664767e+02
2.250000e-06	3.370628e-06	8.510376e-09	2.341686e+01	5.553080e+02
2.260000e-06	3.226770e-06	8.337706e-09	2.241742e+01	5.438222e+02
2.270000e-06	3.081653e-06	8.160608e-09	2.140926e+01	5.320366e+02
2.280000e-06	2.935382e-06	7.980558e-09	2.039306e+01	5.199654e+02
2.290000e-06	2.788063e-06	7.796272e-09	1.936959e+01	5.076153e+02
2.300000e-06	2.639721e-06	7.606236e-09	1.833901e+01	4.949826e+02
2.310000e-06	2.490437e-06	7.409370e-09	1.730188e+01	4.820511e+02
2.320000e-06	2.340320e-06	7.204565e-09	1.625897e+01	4.687926e+02
2.330000e-06	2.189416e-06	6.989425e-09	1.521059e+01	4.551691e+02
2.340000e-06	2.037806e-06	6.768297e-09	1.415731e+01	4.411364e+02
2.350000e-06	1.885571e-06	6.545890e-09	1.309968e+01	4.266494e+02
2.360000e-06	1.732760e-06	6.319487e-09	1.203805e+01	4.116672e+02
2.370000e-06	1.579382e-06	6.083393e-09	1.097248e+01	3.961573e+02
2.380000e-06	1.425492e-06	5.838131e-09	9.903360e+00	3.800992e+02
2.390000e-06	1.271086e-06	5.586035e-09	8.830653e+00	3.634845e+02
2.400000e-06	1.116191e-06	5.326808e-09	7.754546e+00	3.463160e+02
2.410000e-06	9.608912e-07	5.061446e-09	6.675626e+00	3.286025e+02
2.420000e-06	8.052346e-07	4.788561e-09	5.594228e+00	3.103529e+02
2.430000e-06	6.493093e-07	4.504103e-09	4.510964e+00	2.915687e+02
2.440000e-06	4.931443e-07	4.206574e-09	3.426035e+00	2.722356e+02
2.450000e-06	3.367364e-07	3.900728e-09	2.339418e+00	2.523179e+02
2.460000e-06	1.801715e-07	3.586350e-09	1.251710e+00	2.317539e+02
2.470000e-06	2.350635e-08	3.258711e-09	1.633063e-01	2.104558e+02
2.480000e-06	-1.332262e-07	2.914642e-09	-9.255662e-01	1.883131e+02
2.490000e-06	-2.899345e-07	2.553801e-09	-2.014270e+00	1.652008e+02
2.500000e-06	-4.465598e-07	2.178399e-09	-3.102397e+00	1.409914e+02
2.510000e-06	-6.030427e-07	1.787746e-09	-4.189535e+00	1.155689e+02
2.520000e-06	-7.593184e-07	1.382807e-09	-5.275233e+00	8.884552e+01
2.530000e-06	-9.152925e-07	9.630248e-10	-6.358837e+00	6.077640e+01
2.540000e-06	-1.070966e-06	5.244278e-10	-7.440351e+00	3.137335e+01
2.550000e-06	-1.226232e-06	6.834104e-11	-8.519035e+00	7.137550e-01
2.560000e-06	-1.380912e-06	-4.078737e-10	-9.593645e+00	-3.105554e+01
2.570000e-06	-1.535054e-06	-9.052932e-10	-1.066452e+01	-6.372053e+01
2.580000e-06	-1.688640e-06	-1.421962e-09	-1.173154e+01	-9.700854e+01
2.590000e-06	-1.841551e-06	-1.951013e-09	-1.279386e+01	-1.306023e+02
2.600000e-06	-1.993820e-06	-2.480250e-09	-1.385172e+01	-1.641587e+02
2.610000e-06	-2.145418e-06	-3.001051e-09	-1.490492e+01	-1.973292e+02
2.620000e-06	-2.296222e-06	-3.503271e-09	-1.595261e+01	-2.297822e+02
2.630000e-06	-2.446143e-06	-3.981777e-09	-1.699415e+01	-2.612226e+02
2.640000e-06	-2.595173e-06	-4.435656e-09	-1.802952e+01	-2.914087e+02
2.650000e-06	-2.743248e-06	-4.865708e-09	-1.905824e+01	-3.201630e+02
2.660000e-06	-2.890154e-06	-5.273745e-09	-2.007885e+01	-3.473784e+02
2.670000e-06	-3.035952e-06	-5.661527e-09	-2.109175e+01	-3.730171e+02
2.680000e-06	-3.180631e-06	-6.031244e-09	-2.209689e+01	-3.971041e+02
2.690000e-06	-3.324126e-06	-6.381190e-09	-2.309379e+01	-4.197160e+02
2.700000e-06	-3.466429e-06	-6.711747e-09	-2.408241e+01	-4.409664e+02
2.710000e-06	-3.607402e-06	-7.021714e-09	-2.506181e+01	-4.609905e+02
2.720000e-06	-3.746932e-06	-7.315109e-09	-2.603116e+01	-4.799289e+02
2.730000e-06	-3.884999e-06	-7.594149e-09	-2.699036e+01	-4.979147e+02
2.740000e-06	-4.021659e-06	-7.857470e-09	-2.793978e+01	-5.150633e+02
2.750000e-06	-4.156951e-06	-8.109757e-09	-2.887970e+01	-5.314658e+02
2.760000e-06	-4.290790e-06	-8.350784e-09	-2.980953e+01	-5.471875e+02
2.770000e-06	-4.423031e-06	-8.582446e-09	-3.072824e+01	-5.622696e+02
2.780000e-06	-4.553740e-06	-8.805952e-09	-3.163632e+01	-5.767338e+02
2.790000e-06	-4.682893e-06	-9.020351e-09	-3.253359e+01	-5.905892e+02
2.800000e-06	-4.810461e-06	-9.225048e-09	-3.341985e+01	-6.038392e+02
2.810000e-06	-4.936442e-06	-9.417923e-09	-3.429508e+01	-6.164887e+02
2.820000e-06	-5.060627e-06	-9.600716e-09	-3.515784e+01	-6.285488e+02
2.830000e-06	-5.182935e-06	-9.774553e-09	-3.600754e+01	-6.400398e+02
2.840000e-06	-5.303366e-06	-9.940642e-09	-3.684422e+01	-6.509921e+02
2.850000e-06	-5.421879e-06	-1.009898e-08	-3.766757e+01	-6.614437e+02
2.860000e-06	-5.538217e-06	-1.025079e-08	-3.847581e+01	-6.714375e+02
2.870000e-06	-5.652244e-06	-1.039888e-08	-3.926799e+01	-6.810166e+02
2.880000e-06	-5.764071e-06	-1.054249e-08	-4.004489e+01	-6.902197e+02
2.890000e-06	-5.873707e-06	-1.068194e-08	-4.080657e+01	-6.990775e+02
2.900000e-06	-5.981272e-06	-1.081475e-08	-4.155385e+01	-7.076103e+02
2.910000e-06	-6.086741e-06	-1.093969e-08	-4.228659e+01	-7.158274e+02
2.920000e-06	-6.189962e-06	-1.105911e-08	-4.300369e+01	-7.237279e+02
2.930000e-06	-6.290881e-06	-1.117441e-08	-4.370481e+01	-7.313038e+02
2.940000e-06	-6.389540e-06	-1.128266e-08	-4.439023e+01	-7.385438e+02
2.950000e-06	-6.485934e-06	-1.138408e-08	-4.505991e+01	-7.454373e+02
2.960000e-06	-6.580005e-06	-1.148209e-08	-4.571345e+01	-7.519786e+02
2.970000e-06	-6.671695e-06	-1.157640e-08	-4.635045e+01	-7.581699e+02
2.980000e-06	-6.760991e-06	-1.166622e-08	-4.697082e+01	-7.640227e+02
2.990000e-06	-6.847918e-06	-1.175215e-08	-4.757473e+01	-7.695582e+02
3.000000e-06	-6.932362e-06	-1.183512e-08	-4.816139e+01	-7.748054e+02
3.010000e-06	-7.014303e-06	-1.191483e-08	-4.873066e+01	-7.797980e+02
3.020000e-06	-7.093741e-06	-1.199162e-08	-4.928254e+01	-7.845711e+02
3.030000e-06	-7.170467e-06	-1.206324e-08	-4.981558e+01	-7.891565e+02
3.040000e-06	-7.244483e-06	-1.213012e-08	-5.032979e+01	-7.935796e+02
3.050000e-06	-7.315896e-06	-1.219507e-08	-5.082592e+01	-7.978566e+02
3.060000e-06	-7.384645e-06	-1.225902e-08	-5.130354e+01	-8.019929e+02
3.070000e-06	-7.450768e-06	-1.232098e-08	-5.176292e+01	-8.059835e+02
3.080000e-06	-7.514329e-06	-1.238024e-08	-5.220451e+01	-8.098148e+02
3.090000e-06	-7.575261e-06	-1.243673e-08	-5.262782e+01	-8.134672e+02
3.100000e-06	-7.633468e-06	-1.248964e-08	-5.303220e+01	-8.169187e+02
3.110000e-06	-7.688920e-06	-1.253797e-08	-5.341745e+01	-8.201486e+02
3.120000e-06	-7.741409e-06	-1.258417e-08	-5.378210e+01	-8.231409e+02
3.130000e-06	-7.790751e-06	-1.262718e-08	-5.412490e+01	-8.258864e+02
3.140000e-06	-7.837130e-06	-1.266351e-08	-5.444711e+01	-8.283845e+02
3.150000e-06	-7.880874e-06	-1.269719e-08	-5.475101e+01	-8.306428e+02
3.160000e-06	-7.922047e-06	-1.273010e-08	-5.503706e+01	-8.326757e+02
3.170000e-06	-7.960390e-06	-1.276231e-08	-5.530343e+01	-8.345024e+02
3.180000e-06	-7.995885e-06	-1.279197e-08	-5.555003e+01	-8.361439e+02
3.190000e-06	-8.028594e-06	-1.281883e-08	-5.577727e+01	-8.376205e+02
3.200000e-06	-8.058367e-06	-1.284169e-08	-5.598411e+01	-8.389485e+02
3.210000e-06	-8.085226e-06	-1.285981e-08	-5.617072e+01	-8.401391e+02
3.220000e-06	-8.109198e-06	-1.287462e-08	-5.633726e+01	-8.411972e+02
3.230000e-06	-8.130234e-06	-1.288709e-08	-5.648340e+01	-8.421218e+02
3.240000e-06	-8.148392e-06	-1.289775e-08	-5.660955e+01	-8.429069e+02
3.250000e-06	-8.163516e-06	-1.290524e-08	-5.671462e+01	-8.435437e+02
3.260000e-06	-8.175398e-06	-1.291009e-08	-5.679716e+01	-8.440226e+02
3.270000e-06	-8.184229e-06	-1.291336e-08	-5.685852e+01	-8.443352e+02
3.280000e-06	-8.190148e-06	-1.291518e-08	-5.689964e+01	-8.444767e+02
3.290000e-06	-8.193199e-06	-1.291451e-08	-5.692084e+01	-8.444463e+02
3.300000e-06	-8.193399e-06	-1.291194e-08	-5.692222e+01	-8.442482e+02
