# Temperatura_=_50.85
# Concentracion g/m^3_=_15000.0
# C_Vs_to_Am_M_A/Vsm_=_65563218390.804596
# pendiente_HvsI_1/m_=_3716.3
# ordenada_HvsI_A/m_=_1297.0
# frecuencia_Hz_=_302341.0418019558

Tiempo_(s)	Campo_(V.s)	Magnetizacion_(V.s)	Campo_(kA/m)	Magnetizacion_(A/m)
0.000000e+00	-8.173973e-06	-1.100644e-08	-5.692007e+01	-7.194265e+02
1.000000e-08	-8.171670e-06	-1.100913e-08	-5.690403e+01	-7.192228e+02
2.000000e-08	-8.166608e-06	-1.100243e-08	-5.686878e+01	-7.189025e+02
3.000000e-08	-8.158922e-06	-1.099359e-08	-5.681526e+01	-7.184659e+02
4.000000e-08	-8.148412e-06	-1.098470e-08	-5.674207e+01	-7.179174e+02
5.000000e-08	-8.134936e-06	-1.097188e-08	-5.664823e+01	-7.172643e+02
6.000000e-08	-8.118574e-06	-1.095776e-08	-5.653430e+01	-7.165154e+02
7.000000e-08	-8.099718e-06	-1.094306e-08	-5.640299e+01	-7.156799e+02
8.000000e-08	-8.078528e-06	-1.092657e-08	-5.625543e+01	-7.147655e+02
9.000000e-08	-8.054526e-06	-1.096625e-08	-5.608829e+01	-7.137782e+02
1.000000e-07	-8.027245e-06	-1.095250e-08	-5.589832e+01	-7.127224e+02
1.100000e-07	-7.996782e-06	-1.089386e-08	-5.568619e+01	-7.116013e+02
1.200000e-07	-7.963373e-06	-1.086806e-08	-5.545354e+01	-7.104183e+02
1.300000e-07	-7.927174e-06	-1.084276e-08	-5.520147e+01	-7.091765e+02
1.400000e-07	-7.888472e-06	-1.080990e-08	-5.493196e+01	-7.078788e+02
1.500000e-07	-7.847505e-06	-1.075166e-08	-5.464668e+01	-7.065261e+02
1.600000e-07	-7.804159e-06	-1.078972e-08	-5.434484e+01	-7.051150e+02
1.700000e-07	-7.757969e-06	-1.074859e-08	-5.402319e+01	-7.036363e+02
1.800000e-07	-7.708789e-06	-1.065166e-08	-5.368073e+01	-7.020736e+02
1.900000e-07	-7.656753e-06	-1.072697e-08	-5.331837e+01	-7.004037e+02
2.000000e-07	-7.601826e-06	-1.066589e-08	-5.293588e+01	-6.985992e+02
2.100000e-07	-7.544109e-06	-1.060953e-08	-5.253397e+01	-6.966325e+02
2.200000e-07	-7.483777e-06	-1.059974e-08	-5.211384e+01	-6.944808e+02
2.300000e-07	-7.420768e-06	-1.054018e-08	-5.167507e+01	-6.921305e+02
2.400000e-07	-7.354919e-06	-1.052921e-08	-5.121653e+01	-6.895806e+02
2.500000e-07	-7.286238e-06	-1.044766e-08	-5.073826e+01	-6.868433e+02
2.600000e-07	-7.214761e-06	-1.043166e-08	-5.024052e+01	-6.839416e+02
2.700000e-07	-7.140405e-06	-1.038523e-08	-4.972274e+01	-6.809046e+02
2.800000e-07	-7.063201e-06	-1.032558e-08	-4.918513e+01	-6.777607e+02
2.900000e-07	-6.983228e-06	-1.026060e-08	-4.862823e+01	-6.745313e+02
3.000000e-07	-6.900653e-06	-1.022397e-08	-4.805321e+01	-6.712258e+02
3.100000e-07	-6.815750e-06	-1.020625e-08	-4.746198e+01	-6.678392e+02
3.200000e-07	-6.728461e-06	-1.010356e-08	-4.685414e+01	-6.643536e+02
3.300000e-07	-6.638680e-06	-1.005953e-08	-4.622894e+01	-6.607422e+02
3.400000e-07	-6.546499e-06	-1.001650e-08	-4.558703e+01	-6.569763e+02
3.500000e-07	-6.451954e-06	-9.952583e-09	-4.492866e+01	-6.530317e+02
3.600000e-07	-6.355053e-06	-9.878757e-09	-4.425389e+01	-6.488942e+02
3.700000e-07	-6.255868e-06	-9.823949e-09	-4.356320e+01	-6.445630e+02
3.800000e-07	-6.154471e-06	-9.767099e-09	-4.285712e+01	-6.400493e+02
3.900000e-07	-6.050779e-06	-9.674432e-09	-4.213505e+01	-6.353729e+02
4.000000e-07	-5.944913e-06	-9.598369e-09	-4.139784e+01	-6.305559e+02
4.100000e-07	-5.837012e-06	-9.527590e-09	-4.064647e+01	-6.256164e+02
4.200000e-07	-5.727066e-06	-9.457832e-09	-3.988085e+01	-6.205624e+02
4.300000e-07	-5.614959e-06	-9.359342e-09	-3.910019e+01	-6.153900e+02
4.400000e-07	-5.500707e-06	-9.277073e-09	-3.830459e+01	-6.100831e+02
4.500000e-07	-5.384405e-06	-9.205784e-09	-3.749470e+01	-6.046171e+02
4.600000e-07	-5.266060e-06	-9.126389e-09	-3.667060e+01	-5.989644e+02
4.700000e-07	-5.145795e-06	-9.031827e-09	-3.583312e+01	-5.931004e+02
4.800000e-07	-5.023756e-06	-8.941528e-09	-3.498330e+01	-5.870080e+02
4.900000e-07	-4.899832e-06	-8.849325e-09	-3.412034e+01	-5.806802e+02
5.000000e-07	-4.774110e-06	-8.739431e-09	-3.324487e+01	-5.741196e+02
5.100000e-07	-4.646725e-06	-8.632146e-09	-3.235782e+01	-5.673350e+02
5.200000e-07	-4.517607e-06	-8.524857e-09	-3.145870e+01	-5.603369e+02
5.300000e-07	-4.386859e-06	-8.417808e-09	-3.054822e+01	-5.531328e+02
5.400000e-07	-4.254481e-06	-8.298328e-09	-2.962639e+01	-5.457231e+02
5.500000e-07	-4.120559e-06	-8.181390e-09	-2.869382e+01	-5.381004e+02
5.600000e-07	-3.985041e-06	-8.063425e-09	-2.775013e+01	-5.302500e+02
5.700000e-07	-3.847893e-06	-7.944260e-09	-2.679509e+01	-5.221533e+02
5.800000e-07	-3.709276e-06	-7.815736e-09	-2.582982e+01	-5.137919e+02
5.900000e-07	-3.569091e-06	-7.685220e-09	-2.485363e+01	-5.051508e+02
6.000000e-07	-3.427316e-06	-7.550784e-09	-2.386637e+01	-4.962212e+02
6.100000e-07	-3.284204e-06	-7.406455e-09	-2.286980e+01	-4.870002e+02
6.200000e-07	-3.139954e-06	-7.258416e-09	-2.186530e+01	-4.774889e+02
6.300000e-07	-2.994565e-06	-7.103446e-09	-2.085288e+01	-4.676893e+02
6.400000e-07	-2.848028e-06	-6.948025e-09	-1.983246e+01	-4.576002e+02
6.500000e-07	-2.700466e-06	-6.786106e-09	-1.880490e+01	-4.472147e+02
6.600000e-07	-2.551996e-06	-6.624829e-09	-1.777101e+01	-4.365191e+02
6.700000e-07	-2.402727e-06	-6.459946e-09	-1.673157e+01	-4.254939e+02
6.800000e-07	-2.252665e-06	-6.288817e-09	-1.568660e+01	-4.141160e+02
6.900000e-07	-2.101808e-06	-6.110635e-09	-1.463610e+01	-4.023625e+02
7.000000e-07	-1.950191e-06	-5.921774e-09	-1.358030e+01	-3.902133e+02
7.100000e-07	-1.797860e-06	-5.728130e-09	-1.251954e+01	-3.776525e+02
7.200000e-07	-1.644942e-06	-5.529956e-09	-1.145468e+01	-3.646687e+02
7.300000e-07	-1.491485e-06	-5.329507e-09	-1.038606e+01	-3.512523e+02
7.400000e-07	-1.337565e-06	-5.120289e-09	-9.314232e+00	-3.373929e+02
7.500000e-07	-1.183228e-06	-4.900838e-09	-8.239497e+00	-3.230760e+02
7.600000e-07	-1.028439e-06	-4.673104e-09	-7.161609e+00	-3.082811e+02
7.700000e-07	-8.732299e-07	-4.438327e-09	-6.080801e+00	-2.929819e+02
7.800000e-07	-7.177195e-07	-4.195292e-09	-4.997893e+00	-2.771477e+02
7.900000e-07	-5.619910e-07	-3.946397e-09	-3.913466e+00	-2.607463e+02
8.000000e-07	-4.060685e-07	-3.690747e-09	-2.827688e+00	-2.437466e+02
8.100000e-07	-2.500114e-07	-3.423493e-09	-1.740973e+00	-2.261202e+02
8.200000e-07	-9.387897e-08	-3.144482e-09	-6.537332e-01	-2.078398e+02
8.300000e-07	6.229493e-08	-2.854620e-09	4.337954e-01	-1.888764e+02
8.400000e-07	2.184942e-07	-2.554226e-09	1.521501e+00	-1.691934e+02
8.500000e-07	3.746376e-07	-2.238169e-09	2.608816e+00	-1.487421e+02
8.600000e-07	5.306642e-07	-1.910221e-09	3.695319e+00	-1.274590e+02
8.700000e-07	6.865673e-07	-1.572453e-09	4.780962e+00	-1.052677e+02
8.800000e-07	8.423156e-07	-1.221532e-09	5.865527e+00	-8.208724e+01
8.900000e-07	9.978221e-07	-8.520637e-10	6.948409e+00	-5.784590e+01
9.000000e-07	1.153025e-06	-4.653927e-10	8.029174e+00	-3.250013e+01
9.100000e-07	1.307852e-06	-6.304989e-11	9.107325e+00	-6.054389e+00
9.200000e-07	1.462189e-06	3.569847e-10	1.018206e+01	2.142147e+01
9.300000e-07	1.615949e-06	7.886179e-10	1.125278e+01	4.978138e+01
9.400000e-07	1.769078e-06	1.229258e-09	1.231911e+01	7.880224e+01
9.500000e-07	1.921610e-06	1.675716e-09	1.338127e+01	1.081943e+02
9.600000e-07	2.073469e-06	2.124116e-09	1.443876e+01	1.376222e+02
9.700000e-07	2.224454e-06	2.566573e-09	1.549015e+01	1.667340e+02
9.800000e-07	2.374526e-06	2.996584e-09	1.653519e+01	1.951933e+02
9.900000e-07	2.523667e-06	3.413250e-09	1.757374e+01	2.227091e+02
1.000000e-06	2.671819e-06	3.813058e-09	1.860541e+01	2.490596e+02
1.010000e-06	2.819038e-06	4.192794e-09	1.963058e+01	2.741046e+02
1.020000e-06	2.965268e-06	4.552929e-09	2.064886e+01	2.977864e+02
1.030000e-06	3.110387e-06	4.894500e-09	2.165941e+01	3.201194e+02
1.040000e-06	3.254297e-06	5.216684e-09	2.266154e+01	3.411716e+02
1.050000e-06	3.396935e-06	5.519658e-09	2.365481e+01	3.610423e+02
1.060000e-06	3.538265e-06	5.806364e-09	2.463898e+01	3.798397e+02
1.070000e-06	3.678192e-06	6.076894e-09	2.561337e+01	3.976638e+02
1.080000e-06	3.816744e-06	6.330407e-09	2.657818e+01	4.145958e+02
1.090000e-06	3.953929e-06	6.571232e-09	2.753348e+01	4.306950e+02
1.100000e-06	4.089568e-06	6.803675e-09	2.847801e+01	4.460023e+02
1.110000e-06	4.223706e-06	7.024280e-09	2.941209e+01	4.605481e+02
1.120000e-06	4.356396e-06	7.232194e-09	3.033609e+01	4.743603e+02
1.130000e-06	4.487574e-06	7.430571e-09	3.124956e+01	4.874719e+02
1.140000e-06	4.617217e-06	7.621154e-09	3.215233e+01	4.999237e+02
1.150000e-06	4.745206e-06	7.800538e-09	3.304360e+01	5.117640e+02
1.160000e-06	4.871522e-06	7.970010e-09	3.392321e+01	5.230448e+02
1.170000e-06	4.996168e-06	8.132976e-09	3.479119e+01	5.338156e+02
1.180000e-06	5.119147e-06	8.289088e-09	3.564756e+01	5.441177e+02
1.190000e-06	5.240387e-06	8.440214e-09	3.649183e+01	5.539807e+02
1.200000e-06	5.359678e-06	8.586227e-09	3.732252e+01	5.634217e+02
1.210000e-06	5.476967e-06	8.725976e-09	3.813926e+01	5.724469e+02
1.220000e-06	5.592170e-06	8.857122e-09	3.894149e+01	5.810565e+02
1.230000e-06	5.705074e-06	8.980921e-09	3.972771e+01	5.892499e+02
1.240000e-06	5.815778e-06	9.099148e-09	4.049860e+01	5.970305e+02
1.250000e-06	5.924459e-06	9.210648e-09	4.125541e+01	6.044090e+02
1.260000e-06	6.031068e-06	9.316297e-09	4.199779e+01	6.114039e+02
1.270000e-06	6.135475e-06	9.417944e-09	4.272484e+01	6.180401e+02
1.280000e-06	6.237642e-06	9.514242e-09	4.343629e+01	6.243463e+02
1.290000e-06	6.337483e-06	9.604534e-09	4.413154e+01	6.303515e+02
1.300000e-06	6.434874e-06	9.690027e-09	4.480972e+01	6.360820e+02
1.310000e-06	6.529880e-06	9.771902e-09	4.547131e+01	6.415597e+02
1.320000e-06	6.622608e-06	9.851053e-09	4.611703e+01	6.468023e+02
1.330000e-06	6.713041e-06	9.927482e-09	4.674676e+01	6.518243e+02
1.340000e-06	6.801034e-06	1.000083e-08	4.735951e+01	6.566379e+02
1.350000e-06	6.886616e-06	1.007044e-08	4.795546e+01	6.612550e+02
1.360000e-06	6.969808e-06	1.013683e-08	4.853478e+01	6.656870e+02
1.370000e-06	7.050462e-06	1.020148e-08	4.909642e+01	6.699444e+02
1.380000e-06	7.128537e-06	1.026315e-08	4.964010e+01	6.740356e+02
1.390000e-06	7.203937e-06	1.032035e-08	5.016515e+01	6.779649e+02
1.400000e-06	7.276577e-06	1.037466e-08	5.067099e+01	6.817313e+02
1.410000e-06	7.346644e-06	1.042789e-08	5.115890e+01	6.853286e+02
1.420000e-06	7.414195e-06	1.047896e-08	5.162930e+01	6.887464e+02
1.430000e-06	7.479033e-06	1.052684e-08	5.208080e+01	6.919725e+02
1.440000e-06	7.541290e-06	1.057133e-08	5.251434e+01	6.949958e+02
1.450000e-06	7.601085e-06	1.061428e-08	5.293072e+01	6.978092e+02
1.460000e-06	7.658196e-06	1.065297e-08	5.332842e+01	7.004118e+02
1.470000e-06	7.712527e-06	1.068813e-08	5.370676e+01	7.028091e+02
1.480000e-06	7.763795e-06	1.072231e-08	5.406376e+01	7.050121e+02
1.490000e-06	7.811906e-06	1.075447e-08	5.439879e+01	7.070351e+02
1.500000e-06	7.857182e-06	1.078297e-08	5.471407e+01	7.088926e+02
1.510000e-06	7.899648e-06	1.080600e-08	5.500978e+01	7.105968e+02
1.520000e-06	7.939248e-06	1.082627e-08	5.528555e+01	7.121559e+02
1.530000e-06	7.976129e-06	1.084620e-08	5.554237e+01	7.135738e+02
1.540000e-06	8.010192e-06	1.086532e-08	5.577957e+01	7.148508e+02
1.550000e-06	8.041299e-06	1.088205e-08	5.599618e+01	7.159858e+02
1.560000e-06	8.069651e-06	1.089529e-08	5.619361e+01	7.169785e+02
1.570000e-06	8.095128e-06	1.090674e-08	5.637103e+01	7.178311e+02
1.580000e-06	8.117596e-06	1.091929e-08	5.652748e+01	7.185489e+02
1.590000e-06	8.137273e-06	1.093132e-08	5.666451e+01	7.191402e+02
1.600000e-06	8.154045e-06	1.093952e-08	5.678130e+01	7.196143e+02
1.610000e-06	8.167688e-06	1.094412e-08	5.687630e+01	7.199798e+02
1.620000e-06	8.178099e-06	1.094806e-08	5.694880e+01	7.202427e+02
1.630000e-06	8.185398e-06	1.095176e-08	5.699963e+01	7.204049e+02
1.640000e-06	8.189861e-06	1.095485e-08	5.703071e+01	7.204649e+02
1.650000e-06	8.191411e-06	1.095710e-08	5.704150e+01	7.204182e+02
1.660000e-06	8.190088e-06	1.095081e-08	5.703229e+01	7.202595e+02
1.670000e-06	8.186068e-06	1.094147e-08	5.700430e+01	7.199850e+02
1.680000e-06	8.179264e-06	1.093641e-08	5.695691e+01	7.195937e+02
1.690000e-06	8.169703e-06	1.093061e-08	5.689034e+01	7.190883e+02
1.700000e-06	8.157376e-06	1.092274e-08	5.680449e+01	7.184751e+02
1.710000e-06	8.142215e-06	1.091762e-08	5.669892e+01	7.177626e+02
1.720000e-06	8.124495e-06	1.091515e-08	5.657552e+01	7.169600e+02
1.730000e-06	8.104450e-06	1.090249e-08	5.643594e+01	7.160757e+02
1.740000e-06	8.081718e-06	1.081897e-08	5.627764e+01	7.151163e+02
1.750000e-06	8.055572e-06	1.082459e-08	5.609558e+01	7.140868e+02
1.760000e-06	8.025559e-06	1.083735e-08	5.588658e+01	7.129909e+02
1.770000e-06	7.992195e-06	1.080489e-08	5.565425e+01	7.118317e+02
1.780000e-06	7.956416e-06	1.079665e-08	5.540510e+01	7.106125e+02
1.790000e-06	7.918299e-06	1.084625e-08	5.513967e+01	7.093364e+02
1.800000e-06	7.877993e-06	1.078381e-08	5.485899e+01	7.080052e+02
1.810000e-06	7.835696e-06	1.070052e-08	5.456445e+01	7.066177e+02
1.820000e-06	7.790750e-06	1.082128e-08	5.425147e+01	7.051670e+02
1.830000e-06	7.742944e-06	1.069568e-08	5.391856e+01	7.036395e+02
1.840000e-06	7.692317e-06	1.071794e-08	5.356602e+01	7.020147e+02
1.850000e-06	7.638583e-06	1.071371e-08	5.319184e+01	7.002663e+02
1.860000e-06	7.581984e-06	1.061111e-08	5.279771e+01	6.983664e+02
1.870000e-06	7.522601e-06	1.066050e-08	5.238419e+01	6.962894e+02
1.880000e-06	7.460474e-06	1.053267e-08	5.195156e+01	6.940179e+02
1.890000e-06	7.395658e-06	1.057132e-08	5.150021e+01	6.915455e+02
1.900000e-06	7.327860e-06	1.052598e-08	5.102810e+01	6.888795e+02
1.910000e-06	7.257174e-06	1.044271e-08	5.053587e+01	6.860390e+02
1.920000e-06	7.183683e-06	1.043883e-08	5.002411e+01	6.830514e+02
1.930000e-06	7.107420e-06	1.036865e-08	4.949305e+01	6.799463e+02
1.940000e-06	7.028355e-06	1.037722e-08	4.894247e+01	6.767485e+02
1.950000e-06	6.946645e-06	1.026121e-08	4.837348e+01	6.734725e+02
1.960000e-06	6.862498e-06	1.023804e-08	4.778751e+01	6.701191e+02
1.970000e-06	6.775709e-06	1.019183e-08	4.718316e+01	6.666751e+02
1.980000e-06	6.686411e-06	1.009727e-08	4.656132e+01	6.631165e+02
1.990000e-06	6.594754e-06	1.006561e-08	4.592306e+01	6.594145e+02
2.000000e-06	6.500803e-06	1.000349e-08	4.526882e+01	6.555423e+02
2.010000e-06	6.404529e-06	9.968142e-09	4.459841e+01	6.514813e+02
2.020000e-06	6.305980e-06	9.862451e-09	4.391216e+01	6.472253e+02
2.030000e-06	6.205151e-06	9.814879e-09	4.321003e+01	6.427812e+02
2.040000e-06	6.102017e-06	9.750105e-09	4.249185e+01	6.381659e+02
2.050000e-06	5.996733e-06	9.682875e-09	4.175869e+01	6.334015e+02
2.060000e-06	5.889351e-06	9.599422e-09	4.101093e+01	6.285084e+02
2.070000e-06	5.779953e-06	9.518714e-09	4.024914e+01	6.234990e+02
2.080000e-06	5.668518e-06	9.453263e-09	3.947315e+01	6.183744e+02
2.090000e-06	5.554991e-06	9.358849e-09	3.868260e+01	6.131227e+02
2.100000e-06	5.439293e-06	9.284667e-09	3.787692e+01	6.077223e+02
2.110000e-06	5.321557e-06	9.203563e-09	3.705706e+01	6.021461e+02
2.120000e-06	5.201825e-06	9.121552e-09	3.622330e+01	5.963675e+02
2.130000e-06	5.080144e-06	9.009549e-09	3.537596e+01	5.903661e+02
2.140000e-06	4.956671e-06	8.918975e-09	3.451615e+01	5.841308e+02
2.150000e-06	4.831400e-06	8.826974e-09	3.364381e+01	5.776607e+02
2.160000e-06	4.704425e-06	8.732072e-09	3.275961e+01	5.709627e+02
2.170000e-06	4.575716e-06	8.622563e-09	3.186334e+01	5.640472e+02
2.180000e-06	4.445284e-06	8.512683e-09	3.095507e+01	5.569234e+02
2.190000e-06	4.313180e-06	8.403706e-09	3.003515e+01	5.495948e+02
2.200000e-06	4.179488e-06	8.286741e-09	2.910418e+01	5.420570e+02
2.210000e-06	4.044351e-06	8.170746e-09	2.816314e+01	5.342980e+02
2.220000e-06	3.907704e-06	8.050958e-09	2.721159e+01	5.263003e+02
2.230000e-06	3.769426e-06	7.926480e-09	2.624868e+01	5.180448e+02
2.240000e-06	3.629642e-06	7.789920e-09	2.527528e+01	5.095149e+02
2.250000e-06	3.488509e-06	7.657042e-09	2.429249e+01	5.006991e+02
2.260000e-06	3.346082e-06	7.521011e-09	2.330069e+01	4.915925e+02
2.270000e-06	3.202383e-06	7.380857e-09	2.230004e+01	4.821949e+02
2.280000e-06	3.057436e-06	7.232433e-09	2.129068e+01	4.725083e+02
2.290000e-06	2.911379e-06	7.080535e-09	2.027361e+01	4.625332e+02
2.300000e-06	2.764287e-06	6.925240e-09	1.924932e+01	4.522653e+02
2.310000e-06	2.616170e-06	6.767427e-09	1.821790e+01	4.416935e+02
2.320000e-06	2.467121e-06	6.604634e-09	1.717998e+01	4.308002e+02
2.330000e-06	2.317246e-06	6.432253e-09	1.613631e+01	4.195636e+02
2.340000e-06	2.166613e-06	6.251728e-09	1.508737e+01	4.079601e+02
2.350000e-06	2.015300e-06	6.067477e-09	1.403369e+01	3.959683e+02
2.360000e-06	1.863351e-06	5.880326e-09	1.297558e+01	3.835707e+02
2.370000e-06	1.710777e-06	5.685413e-09	1.191312e+01	3.707541e+02
2.380000e-06	1.557621e-06	5.480522e-09	1.084661e+01	3.575087e+02
2.390000e-06	1.403968e-06	5.271531e-09	9.776633e+00	3.438246e+02
2.400000e-06	1.249818e-06	5.056900e-09	8.703201e+00	3.296894e+02
2.410000e-06	1.095211e-06	4.833528e-09	7.626582e+00	3.150850e+02
2.420000e-06	9.402371e-07	4.604365e-09	6.547411e+00	2.999873e+02
2.430000e-06	7.849580e-07	4.366782e-09	5.466113e+00	2.843670e+02
2.440000e-06	6.294273e-07	4.118617e-09	4.383064e+00	2.681921e+02
2.450000e-06	4.736596e-07	3.860755e-09	3.298364e+00	2.514308e+02
2.460000e-06	3.177052e-07	3.597057e-09	2.212364e+00	2.340538e+02
2.470000e-06	1.615652e-07	3.324206e-09	1.125071e+00	2.160334e+02
2.480000e-06	5.237566e-09	3.039381e-09	3.647218e-02	1.973420e+02
2.490000e-06	-1.511137e-07	2.743978e-09	-1.052291e+00	1.779466e+02
2.500000e-06	-3.073642e-07	2.436726e-09	-2.140353e+00	1.578038e+02
2.510000e-06	-4.635076e-07	2.115294e-09	-3.227670e+00	1.368559e+02
2.520000e-06	-6.195385e-07	1.780886e-09	-4.314203e+00	1.150309e+02
2.530000e-06	-7.753461e-07	1.435140e-09	-5.399180e+00	9.224832e+01
2.540000e-06	-9.308312e-07	1.073113e-09	-6.481912e+00	6.843080e+01
2.550000e-06	-1.086023e-06	6.950729e-10	-7.562601e+00	4.352135e+01
2.560000e-06	-1.240831e-06	3.004191e-10	-8.640619e+00	1.750323e+01
2.570000e-06	-1.395139e-06	-1.116950e-10	-9.715157e+00	-9.581138e+00
2.580000e-06	-1.548900e-06	-5.403449e-10	-1.078588e+01	-3.761633e+01
2.590000e-06	-1.702058e-06	-9.826658e-10	-1.185241e+01	-6.640889e+01
2.600000e-06	-1.854580e-06	-1.434222e-09	-1.291450e+01	-9.569328e+01
2.610000e-06	-2.006477e-06	-1.888556e-09	-1.397225e+01	-1.251490e+02
2.620000e-06	-2.157643e-06	-2.338436e-09	-1.502491e+01	-1.544268e+02
2.630000e-06	-2.307900e-06	-2.779427e-09	-1.607123e+01	-1.831804e+02
2.640000e-06	-2.457314e-06	-3.204967e-09	-1.711169e+01	-2.110977e+02
2.650000e-06	-2.605877e-06	-3.613030e-09	-1.814622e+01	-2.379275e+02
2.660000e-06	-2.753395e-06	-4.002696e-09	-1.917347e+01	-2.634969e+02
2.670000e-06	-2.899897e-06	-4.373796e-09	-2.019365e+01	-2.877163e+02
2.680000e-06	-3.045348e-06	-4.723630e-09	-2.120650e+01	-3.105736e+02
2.690000e-06	-3.189643e-06	-5.052127e-09	-2.221132e+01	-3.321185e+02
2.700000e-06	-3.332698e-06	-5.364052e-09	-2.320749e+01	-3.524406e+02
2.710000e-06	-3.474480e-06	-5.660597e-09	-2.419480e+01	-3.716471e+02
2.720000e-06	-3.614885e-06	-5.941395e-09	-2.517252e+01	-3.898429e+02
2.730000e-06	-3.753843e-06	-6.206589e-09	-2.614017e+01	-4.071172e+02
2.740000e-06	-3.891472e-06	-6.457511e-09	-2.709856e+01	-4.235379e+02
2.750000e-06	-4.027698e-06	-6.694934e-09	-2.804718e+01	-4.391525e+02
2.760000e-06	-4.162480e-06	-6.921143e-09	-2.898574e+01	-4.539943e+02
2.770000e-06	-4.295835e-06	-7.137845e-09	-2.991437e+01	-4.680913e+02
2.780000e-06	-4.427612e-06	-7.344803e-09	-3.083201e+01	-4.814738e+02
2.790000e-06	-4.557842e-06	-7.543022e-09	-3.173887e+01	-4.941795e+02
2.800000e-06	-4.686563e-06	-7.730772e-09	-3.263523e+01	-5.062541e+02
2.810000e-06	-4.813718e-06	-7.907530e-09	-3.352069e+01	-5.177487e+02
2.820000e-06	-4.939217e-06	-8.075170e-09	-3.439460e+01	-5.287145e+02
2.830000e-06	-5.062885e-06	-8.234177e-09	-3.525577e+01	-5.391966e+02
2.840000e-06	-5.184768e-06	-8.386064e-09	-3.610452e+01	-5.492295e+02
2.850000e-06	-5.304829e-06	-8.532425e-09	-3.694057e+01	-5.588352e+02
2.860000e-06	-5.422814e-06	-8.671413e-09	-3.776217e+01	-5.680236e+02
2.870000e-06	-5.538472e-06	-8.803187e-09	-3.856756e+01	-5.767967e+02
2.880000e-06	-5.651863e-06	-8.929868e-09	-3.935717e+01	-5.851537e+02
2.890000e-06	-5.763116e-06	-9.052321e-09	-4.013189e+01	-5.930958e+02
2.900000e-06	-5.872258e-06	-9.169303e-09	-4.089191e+01	-6.006306e+02
2.910000e-06	-5.979395e-06	-9.278579e-09	-4.163796e+01	-6.077736e+02
2.920000e-06	-6.084401e-06	-9.382536e-09	-4.236918e+01	-6.145476e+02
2.930000e-06	-6.187099e-06	-9.482721e-09	-4.308432e+01	-6.209801e+02
2.940000e-06	-6.287479e-06	-9.578102e-09	-4.378333e+01	-6.271004e+02
2.950000e-06	-6.385673e-06	-9.667480e-09	-4.446711e+01	-6.329360e+02
2.960000e-06	-6.481703e-06	-9.752293e-09	-4.513583e+01	-6.385108e+02
2.970000e-06	-6.575351e-06	-9.834247e-09	-4.578795e+01	-6.438440e+02
2.980000e-06	-6.666573e-06	-9.911131e-09	-4.642318e+01	-6.489513e+02
2.990000e-06	-6.755412e-06	-9.984891e-09	-4.704181e+01	-6.538455e+02
3.000000e-06	-6.841850e-06	-1.005728e-08	-4.764373e+01	-6.585385e+02
3.010000e-06	-6.925812e-06	-1.012855e-08	-4.822841e+01	-6.630420e+02
3.020000e-06	-7.007302e-06	-1.019748e-08	-4.879587e+01	-6.673670e+02
3.030000e-06	-7.086253e-06	-1.026365e-08	-4.934565e+01	-6.715229e+02
3.040000e-06	-7.162455e-06	-1.032724e-08	-4.987629e+01	-6.755157e+02
3.050000e-06	-7.235969e-06	-1.038582e-08	-5.038821e+01	-6.793466e+02
3.060000e-06	-7.306878e-06	-1.044150e-08	-5.088199e+01	-6.830116e+02
3.070000e-06	-7.375170e-06	-1.049417e-08	-5.135755e+01	-6.865015e+02
3.080000e-06	-7.440905e-06	-1.054592e-08	-5.181530e+01	-6.898045e+02
3.090000e-06	-7.504043e-06	-1.059597e-08	-5.225496e+01	-6.929086e+02
3.100000e-06	-7.564463e-06	-1.064306e-08	-5.267570e+01	-6.958051e+02
3.110000e-06	-7.622229e-06	-1.068613e-08	-5.307796e+01	-6.984904e+02
3.120000e-06	-7.677249e-06	-1.072383e-08	-5.346109e+01	-7.009674e+02
3.130000e-06	-7.729239e-06	-1.075902e-08	-5.382313e+01	-7.032453e+02
3.140000e-06	-7.778066e-06	-1.079042e-08	-5.416314e+01	-7.053374e+02
3.150000e-06	-7.823955e-06	-1.081797e-08	-5.448269e+01	-7.072583e+02
3.160000e-06	-7.867318e-06	-1.084522e-08	-5.478465e+01	-7.090217e+02
3.170000e-06	-7.908021e-06	-1.087132e-08	-5.506809e+01	-7.106373e+02
3.180000e-06	-7.945820e-06	-1.089734e-08	-5.533131e+01	-7.121106e+02
3.190000e-06	-7.980816e-06	-1.092092e-08	-5.557500e+01	-7.134431e+02
3.200000e-06	-8.013048e-06	-1.094141e-08	-5.579946e+01	-7.146342e+02
3.210000e-06	-8.042360e-06	-1.095730e-08	-5.600358e+01	-7.156828e+02
3.220000e-06	-8.068749e-06	-1.097014e-08	-5.618733e+01	-7.165901e+02
3.230000e-06	-8.092246e-06	-1.098168e-08	-5.635096e+01	-7.173602e+02
3.240000e-06	-8.112855e-06	-1.099177e-08	-5.649447e+01	-7.180002e+02
3.250000e-06	-8.130658e-06	-1.099876e-08	-5.661845e+01	-7.185194e+02
3.260000e-06	-8.145380e-06	-1.100218e-08	-5.672096e+01	-7.189268e+02
3.270000e-06	-8.156855e-06	-1.100545e-08	-5.680087e+01	-7.192296e+02
3.280000e-06	-8.165382e-06	-1.100850e-08	-5.686025e+01	-7.194316e+02
3.290000e-06	-8.170996e-06	-1.101099e-08	-5.689934e+01	-7.195323e+02
3.300000e-06	-8.173717e-06	-1.101022e-08	-5.691829e+01	-7.195282e+02
