# Temperatura_=_79.66
# Concentracion g/m^3_=_15000.0
# C_Vs_to_Am_M_A/Vsm_=_65563218390.804596
# pendiente_HvsI_1/m_=_3716.3
# ordenada_HvsI_A/m_=_1297.0
# frecuencia_Hz_=_301605.8584040307

Tiempo_(s)	Campo_(V.s)	Magnetizacion_(V.s)	Campo_(kA/m)	Magnetizacion_(A/m)
0.000000e+00	-5.429146e-06	-9.668417e-09	-3.833519e+01	-6.312456e+02
1.000000e-08	-5.426748e-06	-9.664887e-09	-3.831826e+01	-6.310246e+02
2.000000e-08	-5.422507e-06	-9.656766e-09	-3.828831e+01	-6.306626e+02
3.000000e-08	-5.416627e-06	-9.648743e-09	-3.824679e+01	-6.301548e+02
4.000000e-08	-5.409143e-06	-9.638786e-09	-3.819395e+01	-6.294991e+02
5.000000e-08	-5.399835e-06	-9.624266e-09	-3.812822e+01	-6.286964e+02
6.000000e-08	-5.388488e-06	-9.605833e-09	-3.804810e+01	-6.277515e+02
7.000000e-08	-5.375163e-06	-9.584708e-09	-3.795401e+01	-6.266733e+02
8.000000e-08	-5.359768e-06	-9.588696e-09	-3.784531e+01	-6.254743e+02
9.000000e-08	-5.342175e-06	-9.610064e-09	-3.772108e+01	-6.241694e+02
1.000000e-07	-5.322522e-06	-9.576637e-09	-3.758232e+01	-6.227746e+02
1.100000e-07	-5.300930e-06	-9.527219e-09	-3.742985e+01	-6.213051e+02
1.200000e-07	-5.277532e-06	-9.476794e-09	-3.726464e+01	-6.197731e+02
1.300000e-07	-5.252557e-06	-9.389039e-09	-3.708829e+01	-6.181869e+02
1.400000e-07	-5.225992e-06	-9.430906e-09	-3.690072e+01	-6.165487e+02
1.500000e-07	-5.197826e-06	-9.451234e-09	-3.670184e+01	-6.148544e+02
1.600000e-07	-5.168216e-06	-9.338775e-09	-3.649276e+01	-6.130937e+02
1.700000e-07	-5.137057e-06	-9.382232e-09	-3.627275e+01	-6.112503e+02
1.800000e-07	-5.103837e-06	-9.337515e-09	-3.603818e+01	-6.093038e+02
1.900000e-07	-5.068612e-06	-9.195563e-09	-3.578946e+01	-6.072316e+02
2.000000e-07	-5.031826e-06	-9.241966e-09	-3.552971e+01	-6.050108e+02
2.100000e-07	-4.993339e-06	-9.210151e-09	-3.525796e+01	-6.026208e+02
2.200000e-07	-4.952998e-06	-9.140094e-09	-3.497311e+01	-6.000450e+02
2.300000e-07	-4.910704e-06	-9.151061e-09	-3.467447e+01	-5.972726e+02
2.400000e-07	-4.866482e-06	-9.059877e-09	-3.436222e+01	-5.942992e+02
2.500000e-07	-4.820499e-06	-8.976361e-09	-3.403753e+01	-5.911272e+02
2.600000e-07	-4.772565e-06	-8.944783e-09	-3.369907e+01	-5.877646e+02
2.700000e-07	-4.722482e-06	-8.903358e-09	-3.334544e+01	-5.842246e+02
2.800000e-07	-4.670352e-06	-8.865949e-09	-3.297735e+01	-5.805228e+02
2.900000e-07	-4.616417e-06	-8.771624e-09	-3.259651e+01	-5.766761e+02
3.000000e-07	-4.560888e-06	-8.681077e-09	-3.220442e+01	-5.726999e+02
3.100000e-07	-4.503670e-06	-8.654747e-09	-3.180040e+01	-5.686071e+02
3.200000e-07	-4.444599e-06	-8.635677e-09	-3.138331e+01	-5.644061e+02
3.300000e-07	-4.383896e-06	-8.557917e-09	-3.095468e+01	-5.601009e+02
3.400000e-07	-4.321757e-06	-8.463422e-09	-3.051591e+01	-5.556903e+02
3.500000e-07	-4.258176e-06	-8.400516e-09	-3.006697e+01	-5.511688e+02
3.600000e-07	-4.193032e-06	-8.319578e-09	-2.960699e+01	-5.465280e+02
3.700000e-07	-4.126196e-06	-8.258101e-09	-2.913506e+01	-5.417575e+02
3.800000e-07	-4.057815e-06	-8.208706e-09	-2.865222e+01	-5.368464e+02
3.900000e-07	-3.988031e-06	-8.108627e-09	-2.815948e+01	-5.317851e+02
4.000000e-07	-3.916992e-06	-7.998443e-09	-2.765787e+01	-5.265662e+02
4.100000e-07	-3.844740e-06	-7.915412e-09	-2.714770e+01	-5.211852e+02
4.200000e-07	-3.770956e-06	-7.862451e-09	-2.662671e+01	-5.156407e+02
4.300000e-07	-3.695555e-06	-7.791856e-09	-2.609430e+01	-5.099343e+02
4.400000e-07	-3.618675e-06	-7.691686e-09	-2.555146e+01	-5.040698e+02
4.500000e-07	-3.540335e-06	-7.584237e-09	-2.499830e+01	-4.980523e+02
4.600000e-07	-3.460579e-06	-7.478710e-09	-2.443514e+01	-4.918874e+02
4.700000e-07	-3.379570e-06	-7.391015e-09	-2.386313e+01	-4.855795e+02
4.800000e-07	-3.297413e-06	-7.308811e-09	-2.328302e+01	-4.791318e+02
4.900000e-07	-3.214161e-06	-7.214189e-09	-2.269518e+01	-4.725453e+02
5.000000e-07	-3.129908e-06	-7.097508e-09	-2.210027e+01	-4.658186e+02
5.100000e-07	-3.044641e-06	-6.973690e-09	-2.149820e+01	-4.589483e+02
5.200000e-07	-2.958370e-06	-6.865221e-09	-2.088905e+01	-4.519292e+02
5.300000e-07	-2.871122e-06	-6.771001e-09	-2.027299e+01	-4.447553e+02
5.400000e-07	-2.782911e-06	-6.669674e-09	-1.965013e+01	-4.374204e+02
5.500000e-07	-2.693661e-06	-6.546429e-09	-1.901993e+01	-4.299189e+02
5.600000e-07	-2.603200e-06	-6.411088e-09	-1.838119e+01	-4.222462e+02
5.700000e-07	-2.511651e-06	-6.288530e-09	-1.773476e+01	-4.143992e+02
5.800000e-07	-2.419299e-06	-6.182253e-09	-1.708266e+01	-4.063765e+02
5.900000e-07	-2.326151e-06	-6.067829e-09	-1.642494e+01	-3.981779e+02
6.000000e-07	-2.232191e-06	-5.932006e-09	-1.576149e+01	-3.898040e+02
6.100000e-07	-2.137438e-06	-5.790725e-09	-1.509244e+01	-3.812558e+02
6.200000e-07	-2.041890e-06	-5.656815e-09	-1.441778e+01	-3.725338e+02
6.300000e-07	-1.945619e-06	-5.524961e-09	-1.373801e+01	-3.636376e+02
6.400000e-07	-1.848590e-06	-5.391073e-09	-1.305289e+01	-3.545654e+02
6.500000e-07	-1.750805e-06	-5.248577e-09	-1.236243e+01	-3.453138e+02
6.600000e-07	-1.652283e-06	-5.092447e-09	-1.166676e+01	-3.358776e+02
6.700000e-07	-1.553083e-06	-4.934445e-09	-1.096632e+01	-3.262504e+02
6.800000e-07	-1.453350e-06	-4.787358e-09	-1.026210e+01	-3.164247e+02
6.900000e-07	-1.353200e-06	-4.645876e-09	-9.554942e+00	-3.063926e+02
7.000000e-07	-1.252691e-06	-4.496064e-09	-8.845248e+00	-2.961462e+02
7.100000e-07	-1.151789e-06	-4.331359e-09	-8.132778e+00	-2.856785e+02
7.200000e-07	-1.050505e-06	-4.158971e-09	-7.417611e+00	-2.749833e+02
7.300000e-07	-9.488526e-07	-3.988027e-09	-6.699846e+00	-2.640559e+02
7.400000e-07	-8.468304e-07	-3.819027e-09	-5.979467e+00	-2.528927e+02
7.500000e-07	-7.445766e-07	-3.647684e-09	-5.257454e+00	-2.414912e+02
7.600000e-07	-6.421063e-07	-3.467510e-09	-4.533911e+00	-2.298499e+02
7.700000e-07	-5.394243e-07	-3.279007e-09	-3.808874e+00	-2.179673e+02
7.800000e-07	-4.365975e-07	-3.092053e-09	-3.082814e+00	-2.058417e+02
7.900000e-07	-3.336408e-07	-2.908937e-09	-2.355837e+00	-1.934705e+02
8.000000e-07	-2.306252e-07	-2.722749e-09	-1.628444e+00	-1.808495e+02
8.100000e-07	-1.275220e-07	-2.527093e-09	-9.004326e-01	-1.679731e+02
8.200000e-07	-2.430116e-08	-2.324042e-09	-1.715904e-01	-1.548329e+02
8.300000e-07	7.896523e-08	-2.119327e-09	5.575733e-01	-1.414187e+02
8.400000e-07	1.821924e-07	-1.913513e-09	1.286460e+00	-1.277176e+02
8.500000e-07	2.853633e-07	-1.703838e-09	2.014949e+00	-1.137149e+02
8.600000e-07	3.884808e-07	-1.487524e-09	2.743062e+00	-9.939408e+01
8.700000e-07	4.915130e-07	-1.260474e-09	3.470572e+00	-8.473754e+01
8.800000e-07	5.944761e-07	-1.024907e-09	4.197594e+00	-6.972754e+01
8.900000e-07	6.972828e-07	-7.866754e-10	4.923512e+00	-5.434724e+01
9.000000e-07	7.998053e-07	-5.461417e-10	5.647423e+00	-3.858197e+01
9.100000e-07	9.020529e-07	-3.012847e-10	6.369393e+00	-2.242075e+01
9.200000e-07	1.004012e-06	-5.034511e-11	7.089330e+00	-5.857896e+00
9.300000e-07	1.105580e-06	2.062842e-10	7.806501e+00	1.110524e+01
9.400000e-07	1.206726e-06	4.684169e-10	8.520689e+00	2.845869e+01
9.500000e-07	1.307455e-06	7.346977e-10	9.231939e+00	4.618237e+01
9.600000e-07	1.407763e-06	1.005506e-09	9.940214e+00	6.424502e+01
9.700000e-07	1.507648e-06	1.282436e-09	1.064550e+01	8.260358e+01
9.800000e-07	1.607033e-06	1.564889e-09	1.134726e+01	1.012032e+02
9.900000e-07	1.705782e-06	1.849727e-09	1.204453e+01	1.199780e+02
1.000000e-06	1.803770e-06	2.134512e-09	1.273641e+01	1.388525e+02
1.010000e-06	1.900929e-06	2.419707e-09	1.342246e+01	1.577441e+02
1.020000e-06	1.997254e-06	2.704644e-09	1.410260e+01	1.765657e+02
1.030000e-06	2.092800e-06	2.988776e-09	1.477726e+01	1.952293e+02
1.040000e-06	2.187606e-06	3.270157e-09	1.544668e+01	2.136493e+02
1.050000e-06	2.281670e-06	3.544327e-09	1.611087e+01	2.317462e+02
1.060000e-06	2.374997e-06	3.808379e-09	1.676985e+01	2.494498e+02
1.070000e-06	2.467554e-06	4.064084e-09	1.742339e+01	2.667017e+02
1.080000e-06	2.559331e-06	4.315889e-09	1.807143e+01	2.834568e+02
1.090000e-06	2.650303e-06	4.562622e-09	1.871378e+01	2.996846e+02
1.100000e-06	2.740189e-06	4.801286e-09	1.934847e+01	3.153681e+02
1.110000e-06	2.828810e-06	5.030258e-09	1.997422e+01	3.305032e+02
1.120000e-06	2.916409e-06	5.250842e-09	2.059276e+01	3.450963e+02
1.130000e-06	3.003096e-06	5.465594e-09	2.120485e+01	3.591615e+02
1.140000e-06	3.088805e-06	5.675021e-09	2.181005e+01	3.727179e+02
1.150000e-06	3.173518e-06	5.876392e-09	2.240820e+01	3.857863e+02
1.160000e-06	3.257284e-06	6.068206e-09	2.299967e+01	3.983867e+02
1.170000e-06	3.340052e-06	6.252061e-09	2.358410e+01	4.105365e+02
1.180000e-06	3.421551e-06	6.427501e-09	2.415956e+01	4.222487e+02
1.190000e-06	3.501714e-06	6.596589e-09	2.472560e+01	4.335318e+02
1.200000e-06	3.580592e-06	6.761329e-09	2.528255e+01	4.443903e+02
1.210000e-06	3.658240e-06	6.921030e-09	2.583082e+01	4.548252e+02
1.220000e-06	3.734648e-06	7.074309e-09	2.637034e+01	4.648360e+02
1.230000e-06	3.809629e-06	7.221024e-09	2.689978e+01	4.744224e+02
1.240000e-06	3.882964e-06	7.362592e-09	2.741760e+01	4.835857e+02
1.250000e-06	3.954713e-06	7.498158e-09	2.792422e+01	4.923309e+02
1.260000e-06	4.025100e-06	7.625500e-09	2.842122e+01	5.006667e+02
1.270000e-06	4.094089e-06	7.745370e-09	2.890835e+01	5.086069e+02
1.280000e-06	4.161712e-06	7.859241e-09	2.938584e+01	5.161693e+02
1.290000e-06	4.227777e-06	7.966828e-09	2.985232e+01	5.233754e+02
1.300000e-06	4.292105e-06	8.068982e-09	3.030654e+01	5.302489e+02
1.310000e-06	4.354930e-06	8.167855e-09	3.075015e+01	5.368141e+02
1.320000e-06	4.416345e-06	8.264344e-09	3.118380e+01	5.430944e+02
1.330000e-06	4.476391e-06	8.357240e-09	3.160779e+01	5.491111e+02
1.340000e-06	4.534868e-06	8.446029e-09	3.202069e+01	5.548819e+02
1.350000e-06	4.591521e-06	8.530758e-09	3.242072e+01	5.604205e+02
1.360000e-06	4.646447e-06	8.609782e-09	3.280855e+01	5.657364e+02
1.370000e-06	4.699689e-06	8.684719e-09	3.318449e+01	5.708353e+02
1.380000e-06	4.751067e-06	8.757640e-09	3.354728e+01	5.757198e+02
1.390000e-06	4.800364e-06	8.828419e-09	3.389536e+01	5.803901e+02
1.400000e-06	4.847747e-06	8.895999e-09	3.422993e+01	5.848454e+02
1.410000e-06	4.893517e-06	8.960888e-09	3.455311e+01	5.890847e+02
1.420000e-06	4.937769e-06	9.023746e-09	3.486557e+01	5.931075e+02
1.430000e-06	4.980358e-06	9.082794e-09	3.516630e+01	5.969143e+02
1.440000e-06	5.020997e-06	9.138357e-09	3.545325e+01	6.005070e+02
1.450000e-06	5.059799e-06	9.190060e-09	3.572723e+01	6.038885e+02
1.460000e-06	5.096971e-06	9.237716e-09	3.598970e+01	6.070623e+02
1.470000e-06	5.132504e-06	9.280318e-09	3.624060e+01	6.100324e+02
1.480000e-06	5.166126e-06	9.317798e-09	3.647800e+01	6.128028e+02
1.490000e-06	5.197752e-06	9.352173e-09	3.670132e+01	6.153767e+02
1.500000e-06	5.227631e-06	9.383075e-09	3.691229e+01	6.177570e+02
1.510000e-06	5.255881e-06	9.413635e-09	3.711177e+01	6.199460e+02
1.520000e-06	5.282284e-06	9.444352e-09	3.729819e+01	6.219460e+02
1.530000e-06	5.306581e-06	9.473724e-09	3.746976e+01	6.237592e+02
1.540000e-06	5.328948e-06	9.500647e-09	3.762769e+01	6.253886e+02
1.550000e-06	5.349607e-06	9.521450e-09	3.777356e+01	6.268386e+02
1.560000e-06	5.368435e-06	9.536611e-09	3.790651e+01	6.281146e+02
1.570000e-06	5.385205e-06	9.549532e-09	3.802492e+01	6.292236e+02
1.580000e-06	5.399968e-06	9.561456e-09	3.812916e+01	6.301737e+02
1.590000e-06	5.412754e-06	9.573008e-09	3.821944e+01	6.309735e+02
1.600000e-06	5.423370e-06	9.583780e-09	3.829440e+01	6.316314e+02
1.610000e-06	5.431829e-06	9.594072e-09	3.835413e+01	6.321549e+02
1.620000e-06	5.438374e-06	9.601673e-09	3.840035e+01	6.325497e+02
1.630000e-06	5.443103e-06	9.607019e-09	3.843374e+01	6.328189e+02
1.640000e-06	5.445981e-06	9.610998e-09	3.845406e+01	6.329631e+02
1.650000e-06	5.446822e-06	9.611637e-09	3.846000e+01	6.329802e+02
1.660000e-06	5.445711e-06	9.606435e-09	3.845216e+01	6.328659e+02
1.670000e-06	5.442925e-06	9.598892e-09	3.843248e+01	6.326149e+02
1.680000e-06	5.438443e-06	9.593028e-09	3.840083e+01	6.322217e+02
1.690000e-06	5.432079e-06	9.586058e-09	3.835590e+01	6.316820e+02
1.700000e-06	5.423838e-06	9.577687e-09	3.829771e+01	6.309943e+02
1.710000e-06	5.413947e-06	9.570082e-09	3.822787e+01	6.301602e+02
1.720000e-06	5.402408e-06	9.567551e-09	3.814639e+01	6.291856e+02
1.730000e-06	5.388985e-06	9.545801e-09	3.805161e+01	6.280801e+02
1.740000e-06	5.373507e-06	9.479979e-09	3.794232e+01	6.268568e+02
1.750000e-06	5.355703e-06	9.461591e-09	3.781661e+01	6.255310e+02
1.760000e-06	5.335211e-06	9.461784e-09	3.767191e+01	6.241187e+02
1.770000e-06	5.312246e-06	9.465680e-09	3.750976e+01	6.226346e+02
1.780000e-06	5.287796e-06	9.497467e-09	3.733712e+01	6.210902e+02
1.790000e-06	5.262641e-06	9.379387e-09	3.715950e+01	6.194926e+02
1.800000e-06	5.236262e-06	9.343291e-09	3.697324e+01	6.178426e+02
1.810000e-06	5.207677e-06	9.401976e-09	3.677139e+01	6.161349e+02
1.820000e-06	5.177093e-06	9.286285e-09	3.655544e+01	6.143577e+02
1.830000e-06	5.144885e-06	9.315070e-09	3.632802e+01	6.124937e+02
1.840000e-06	5.110730e-06	9.364312e-09	3.608685e+01	6.105219e+02
1.850000e-06	5.074898e-06	9.239339e-09	3.583385e+01	6.084195e+02
1.860000e-06	5.037364e-06	9.269619e-09	3.556881e+01	6.061638e+02
1.870000e-06	4.997887e-06	9.223254e-09	3.529007e+01	6.037349e+02
1.880000e-06	4.956766e-06	9.098001e-09	3.499972e+01	6.011174e+02
1.890000e-06	4.913852e-06	9.155779e-09	3.469670e+01	5.983018e+02
1.900000e-06	4.869217e-06	9.111413e-09	3.438153e+01	5.952851e+02
1.910000e-06	4.822822e-06	9.062129e-09	3.405393e+01	5.920711e+02
1.920000e-06	4.774339e-06	9.006727e-09	3.371159e+01	5.886690e+02
1.930000e-06	4.724123e-06	8.877877e-09	3.335702e+01	5.850926e+02
1.940000e-06	4.672180e-06	8.907999e-09	3.299025e+01	5.813581e+02
1.950000e-06	4.618180e-06	8.864598e-09	3.260895e+01	5.774820e+02
1.960000e-06	4.562240e-06	8.756898e-09	3.221397e+01	5.734796e+02
1.970000e-06	4.504567e-06	8.688142e-09	3.180674e+01	5.693628e+02
1.980000e-06	4.445440e-06	8.600900e-09	3.138924e+01	5.651391e+02
1.990000e-06	4.384827e-06	8.568113e-09	3.096125e+01	5.608112e+02
2.000000e-06	4.322476e-06	8.498737e-09	3.052099e+01	5.563771e+02
2.010000e-06	4.258473e-06	8.457369e-09	3.006906e+01	5.518306e+02
2.020000e-06	4.192971e-06	8.388551e-09	2.960656e+01	5.471626e+02
2.030000e-06	4.126037e-06	8.256827e-09	2.913394e+01	5.423625e+02
2.040000e-06	4.057629e-06	8.200678e-09	2.865091e+01	5.374197e+02
2.050000e-06	3.987687e-06	8.138346e-09	2.815705e+01	5.323249e+02
2.060000e-06	3.916196e-06	8.074323e-09	2.765225e+01	5.270713e+02
2.070000e-06	3.843367e-06	7.974371e-09	2.713800e+01	5.216549e+02
2.080000e-06	3.769299e-06	7.862488e-09	2.661501e+01	5.160752e+02
2.090000e-06	3.693728e-06	7.791067e-09	2.608140e+01	5.103343e+02
2.100000e-06	3.616643e-06	7.707847e-09	2.553711e+01	5.044363e+02
2.110000e-06	3.538082e-06	7.639653e-09	2.498239e+01	4.983865e+02
2.120000e-06	3.458138e-06	7.540179e-09	2.441791e+01	4.921902e+02
2.130000e-06	3.377051e-06	7.424262e-09	2.384535e+01	4.858519e+02
2.140000e-06	3.294862e-06	7.309714e-09	2.326502e+01	4.793742e+02
2.150000e-06	3.211596e-06	7.204968e-09	2.267707e+01	4.727575e+02
2.160000e-06	3.127212e-06	7.133491e-09	2.208124e+01	4.660001e+02
2.170000e-06	3.041646e-06	7.047742e-09	2.147705e+01	4.590981e+02
2.180000e-06	2.954749e-06	6.928571e-09	2.086348e+01	4.520460e+02
2.190000e-06	2.866666e-06	6.790584e-09	2.024152e+01	4.448379e+02
2.200000e-06	2.777714e-06	6.678966e-09	1.961343e+01	4.374674e+02
2.210000e-06	2.687824e-06	6.588555e-09	1.897872e+01	4.299293e+02
2.220000e-06	2.597007e-06	6.480231e-09	1.833746e+01	4.222191e+02
2.230000e-06	2.505310e-06	6.345886e-09	1.768999e+01	4.143343e+02
2.240000e-06	2.412739e-06	6.208560e-09	1.703634e+01	4.062736e+02
2.250000e-06	2.319294e-06	6.081503e-09	1.637653e+01	3.980371e+02
2.260000e-06	2.224975e-06	5.954463e-09	1.571054e+01	3.896255e+02
2.270000e-06	2.129707e-06	5.836697e-09	1.503785e+01	3.810397e+02
2.280000e-06	2.033511e-06	5.715278e-09	1.435861e+01	3.722802e+02
2.290000e-06	1.936628e-06	5.571726e-09	1.367452e+01	3.633462e+02
2.300000e-06	1.839159e-06	5.420269e-09	1.298630e+01	3.542356e+02
2.310000e-06	1.741177e-06	5.282937e-09	1.229445e+01	3.449446e+02
2.320000e-06	1.642688e-06	5.155124e-09	1.159901e+01	3.354677e+02
2.330000e-06	1.543736e-06	5.010891e-09	1.090031e+01	3.257984e+02
2.340000e-06	1.444337e-06	4.846824e-09	1.019846e+01	3.159288e+02
2.350000e-06	1.344425e-06	4.681829e-09	9.492984e+00	3.058511e+02
2.360000e-06	1.244063e-06	4.528679e-09	8.784327e+00	2.955576e+02
2.370000e-06	1.143335e-06	4.381451e-09	8.073085e+00	2.850413e+02
2.380000e-06	1.042247e-06	4.229605e-09	7.359307e+00	2.742965e+02
2.390000e-06	9.407769e-07	4.062949e-09	6.642823e+00	2.633185e+02
2.400000e-06	8.389062e-07	3.883077e-09	5.923515e+00	2.521041e+02
2.410000e-06	7.366746e-07	3.704165e-09	5.201657e+00	2.406511e+02
2.420000e-06	6.341217e-07	3.531418e-09	4.477532e+00	2.289579e+02
2.430000e-06	5.312377e-07	3.358162e-09	3.751068e+00	2.170231e+02
2.440000e-06	4.281333e-07	3.174794e-09	3.023048e+00	2.048448e+02
2.450000e-06	3.248767e-07	2.976868e-09	2.293954e+00	1.924202e+02
2.460000e-06	2.214157e-07	2.773816e-09	1.563415e+00	1.797448e+02
2.470000e-06	1.178133e-07	2.579051e-09	8.318796e-01	1.668122e+02
2.480000e-06	1.421142e-08	2.387656e-09	1.003468e-01	1.536140e+02
2.490000e-06	-8.941445e-08	2.187846e-09	-6.313552e-01	1.401392e+02
2.500000e-06	-1.930519e-07	1.974725e-09	-1.363139e+00	1.263745e+02
2.510000e-06	-2.965844e-07	1.753390e-09	-2.094182e+00	1.123048e+02
2.520000e-06	-4.000311e-07	1.531223e-09	-2.824619e+00	9.791321e+01
2.530000e-06	-5.033363e-07	1.308142e-09	-3.554057e+00	8.318212e+01
2.540000e-06	-6.063845e-07	1.082157e-09	-4.281680e+00	6.809384e+01
2.550000e-06	-7.092050e-07	8.474837e-10	-5.007695e+00	5.263189e+01
2.560000e-06	-8.117822e-07	6.002559e-10	-5.731992e+00	3.678225e+01
2.570000e-06	-9.139544e-07	3.484961e-10	-6.453430e+00	2.053493e+01
2.580000e-06	-1.015616e-06	9.922686e-11	-7.171266e+00	3.885629e+00
2.590000e-06	-1.116827e-06	-1.525850e-10	-7.885913e+00	-1.316260e+01
2.600000e-06	-1.217633e-06	-4.157521e-10	-8.597706e+00	-3.059773e+01
2.610000e-06	-1.317922e-06	-6.924785e-10	-9.305842e+00	-4.839737e+01
2.620000e-06	-1.417642e-06	-9.781820e-10	-1.000997e+01	-6.652776e+01
2.630000e-06	-1.516866e-06	-1.264222e-09	-1.071059e+01	-8.494327e+01
2.640000e-06	-1.615607e-06	-1.548560e-09	-1.140780e+01	-1.035866e+02
2.650000e-06	-1.713851e-06	-1.836418e-09	-1.210150e+01	-1.223897e+02
2.660000e-06	-1.811508e-06	-2.128850e-09	-1.279106e+01	-1.412753e+02
2.670000e-06	-1.908521e-06	-2.422768e-09	-1.347606e+01	-1.601596e+02
2.680000e-06	-2.004983e-06	-2.711399e-09	-1.415718e+01	-1.789551e+02
2.690000e-06	-2.100863e-06	-2.994099e-09	-1.483419e+01	-1.975738e+02
2.700000e-06	-2.195976e-06	-3.274069e-09	-1.550578e+01	-2.159313e+02
2.710000e-06	-2.290103e-06	-3.553254e-09	-1.617041e+01	-2.339497e+02
2.720000e-06	-2.383259e-06	-3.829111e-09	-1.682818e+01	-2.515613e+02
2.730000e-06	-2.475529e-06	-4.094620e-09	-1.747971e+01	-2.687103e+02
2.740000e-06	-2.566864e-06	-4.346882e-09	-1.812462e+01	-2.853549e+02
2.750000e-06	-2.657287e-06	-4.588246e-09	-1.876310e+01	-3.014672e+02
2.760000e-06	-2.746768e-06	-4.825007e-09	-1.939492e+01	-3.170335e+02
2.770000e-06	-2.835339e-06	-5.057959e-09	-2.002033e+01	-3.320519e+02
2.780000e-06	-2.923099e-06	-5.283618e-09	-2.064000e+01	-3.465307e+02
2.790000e-06	-3.009889e-06	-5.498711e-09	-2.125282e+01	-3.604855e+02
2.800000e-06	-3.095453e-06	-5.705306e-09	-2.185699e+01	-3.739359e+02
2.810000e-06	-3.179801e-06	-5.905931e-09	-2.245257e+01	-3.869026e+02
2.820000e-06	-3.263069e-06	-6.099200e-09	-2.304052e+01	-3.994055e+02
2.830000e-06	-3.345281e-06	-6.285589e-09	-2.362102e+01	-4.114608e+02
2.840000e-06	-3.426410e-06	-6.463239e-09	-2.419387e+01	-4.230808e+02
2.850000e-06	-3.506447e-06	-6.630036e-09	-2.475901e+01	-4.342730e+02
2.860000e-06	-3.585184e-06	-6.788538e-09	-2.531498e+01	-4.450410e+02
2.870000e-06	-3.662345e-06	-6.942782e-09	-2.585981e+01	-4.553853e+02
2.880000e-06	-3.738006e-06	-7.094312e-09	-2.639405e+01	-4.653055e+02
2.890000e-06	-3.812236e-06	-7.241214e-09	-2.691819e+01	-4.748013e+02
2.900000e-06	-3.885089e-06	-7.382389e-09	-2.743260e+01	-4.838748e+02
2.910000e-06	-3.956597e-06	-7.518357e-09	-2.793752e+01	-4.925316e+02
2.920000e-06	-4.026554e-06	-7.647253e-09	-2.843149e+01	-5.007817e+02
2.930000e-06	-4.094938e-06	-7.768294e-09	-2.891435e+01	-5.086396e+02
2.940000e-06	-4.161893e-06	-7.883058e-09	-2.938712e+01	-5.161240e+02
2.950000e-06	-4.227435e-06	-7.991871e-09	-2.984991e+01	-5.232571e+02
2.960000e-06	-4.291635e-06	-8.094749e-09	-3.030323e+01	-5.300627e+02
2.970000e-06	-4.354233e-06	-8.193838e-09	-3.074523e+01	-5.365653e+02
2.980000e-06	-4.414976e-06	-8.290655e-09	-3.117413e+01	-5.427878e+02
2.990000e-06	-4.474132e-06	-8.384895e-09	-3.159184e+01	-5.487507e+02
3.000000e-06	-4.531842e-06	-8.473672e-09	-3.199933e+01	-5.544710e+02
3.010000e-06	-4.588046e-06	-8.556196e-09	-3.239618e+01	-5.599615e+02
3.020000e-06	-4.642459e-06	-8.636014e-09	-3.278039e+01	-5.652308e+02
3.030000e-06	-4.694869e-06	-8.714314e-09	-3.315046e+01	-5.702840e+02
3.040000e-06	-4.745394e-06	-8.789821e-09	-3.350722e+01	-5.751228e+02
3.050000e-06	-4.794061e-06	-8.859855e-09	-3.385085e+01	-5.797475e+02
3.060000e-06	-4.840911e-06	-8.925054e-09	-3.418166e+01	-5.841569e+02
3.070000e-06	-4.886120e-06	-8.989527e-09	-3.450089e+01	-5.883501e+02
3.080000e-06	-4.929797e-06	-9.052847e-09	-3.480929e+01	-5.923268e+02
3.090000e-06	-4.971932e-06	-9.113248e-09	-3.510680e+01	-5.960879e+02
3.100000e-06	-5.012475e-06	-9.168488e-09	-3.539308e+01	-5.996353e+02
3.110000e-06	-5.051279e-06	-9.219855e-09	-3.566707e+01	-6.029722e+02
3.120000e-06	-5.088137e-06	-9.268511e-09	-3.592732e+01	-6.061024e+02
3.130000e-06	-5.123132e-06	-9.315443e-09	-3.617442e+01	-6.090297e+02
3.140000e-06	-5.156414e-06	-9.360704e-09	-3.640943e+01	-6.117579e+02
3.150000e-06	-5.187915e-06	-9.400878e-09	-3.663186e+01	-6.142904e+02
3.160000e-06	-5.217402e-06	-9.435975e-09	-3.684006e+01	-6.166298e+02
3.170000e-06	-5.244988e-06	-9.467640e-09	-3.703485e+01	-6.187785e+02
3.180000e-06	-5.270816e-06	-9.498018e-09	-3.721722e+01	-6.207385e+02
3.190000e-06	-5.294828e-06	-9.527892e-09	-3.738677e+01	-6.225123e+02
3.200000e-06	-5.316881e-06	-9.555978e-09	-3.754249e+01	-6.241032e+02
3.210000e-06	-5.336965e-06	-9.579978e-09	-3.768430e+01	-6.255157e+02
3.220000e-06	-5.355276e-06	-9.599692e-09	-3.781359e+01	-6.267556e+02
3.230000e-06	-5.371715e-06	-9.618117e-09	-3.792967e+01	-6.278301e+02
3.240000e-06	-5.385993e-06	-9.635466e-09	-3.803048e+01	-6.287475e+02
3.250000e-06	-5.398076e-06	-9.649140e-09	-3.811580e+01	-6.295165e+02
3.260000e-06	-5.408190e-06	-9.658081e-09	-3.818722e+01	-6.301453e+02
3.270000e-06	-5.416426e-06	-9.662849e-09	-3.824537e+01	-6.306412e+02
3.280000e-06	-5.422630e-06	-9.665871e-09	-3.828918e+01	-6.310092e+02
3.290000e-06	-5.426842e-06	-9.668144e-09	-3.831892e+01	-6.312519e+02
3.300000e-06	-5.429264e-06	-9.668540e-09	-3.833602e+01	-6.313695e+02
3.310000e-06	-5.429929e-06	-9.668109e-09	-3.834071e+01	-6.313591e+02
