# Temperatura_=_82.94
# Concentracion g/m^3_=_15000.0
# C_Vs_to_Am_M_A/Vsm_=_65563218390.804596
# pendiente_HvsI_1/m_=_3716.3
# ordenada_HvsI_A/m_=_1297.0
# frecuencia_Hz_=_301599.3963073445

Tiempo_(s)	Campo_(V.s)	Magnetizacion_(V.s)	Campo_(kA/m)	Magnetizacion_(A/m)
0.000000e+00	-5.424969e-06	-9.867217e-09	-3.833416e+01	-6.443874e+02
1.000000e-08	-5.422476e-06	-9.863483e-09	-3.831655e+01	-6.441052e+02
2.000000e-08	-5.418197e-06	-9.855354e-09	-3.828631e+01	-6.436701e+02
3.000000e-08	-5.412272e-06	-9.847621e-09	-3.824444e+01	-6.430784e+02
4.000000e-08	-5.404732e-06	-9.837374e-09	-3.819116e+01	-6.423302e+02
5.000000e-08	-5.395329e-06	-9.823216e-09	-3.812472e+01	-6.414297e+02
6.000000e-08	-5.383884e-06	-9.805214e-09	-3.804384e+01	-6.403857e+02
7.000000e-08	-5.370523e-06	-9.783265e-09	-3.794943e+01	-6.392109e+02
8.000000e-08	-5.355100e-06	-9.790090e-09	-3.784045e+01	-6.379212e+02
9.000000e-08	-5.337425e-06	-9.797146e-09	-3.771556e+01	-6.365334e+02
1.000000e-07	-5.317645e-06	-9.755683e-09	-3.757578e+01	-6.350642e+02
1.100000e-07	-5.295927e-06	-9.717041e-09	-3.742232e+01	-6.335278e+02
1.200000e-07	-5.272449e-06	-9.656684e-09	-3.725642e+01	-6.319342e+02
1.300000e-07	-5.247389e-06	-9.573673e-09	-3.707934e+01	-6.302878e+02
1.400000e-07	-5.220738e-06	-9.637197e-09	-3.689101e+01	-6.285869e+02
1.500000e-07	-5.192459e-06	-9.614356e-09	-3.669119e+01	-6.268235e+02
1.600000e-07	-5.162713e-06	-9.517583e-09	-3.648100e+01	-6.249838e+02
1.700000e-07	-5.131419e-06	-9.582227e-09	-3.625986e+01	-6.230495e+02
1.800000e-07	-5.098027e-06	-9.490910e-09	-3.602391e+01	-6.209998e+02
1.900000e-07	-5.062726e-06	-9.380996e-09	-3.577446e+01	-6.188130e+02
2.000000e-07	-5.025906e-06	-9.427911e-09	-3.551429e+01	-6.164690e+02
2.100000e-07	-4.987363e-06	-9.351123e-09	-3.524193e+01	-6.139509e+02
2.200000e-07	-4.946960e-06	-9.290489e-09	-3.495643e+01	-6.112463e+02
2.300000e-07	-4.904539e-06	-9.305884e-09	-3.465668e+01	-6.083487e+02
2.400000e-07	-4.860181e-06	-9.218009e-09	-3.434323e+01	-6.052572e+02
2.500000e-07	-4.814076e-06	-9.152303e-09	-3.401744e+01	-6.019763e+02
2.600000e-07	-4.766030e-06	-9.116285e-09	-3.367794e+01	-5.985149e+02
2.700000e-07	-4.715845e-06	-9.069307e-09	-3.332332e+01	-5.948849e+02
2.800000e-07	-4.663568e-06	-9.008290e-09	-3.295392e+01	-5.910995e+02
2.900000e-07	-4.609514e-06	-8.921266e-09	-3.257195e+01	-5.871716e+02
3.000000e-07	-4.553881e-06	-8.849304e-09	-3.217884e+01	-5.831124e+02
3.100000e-07	-4.496464e-06	-8.813061e-09	-3.177312e+01	-5.789302e+02
3.200000e-07	-4.437230e-06	-8.786340e-09	-3.135456e+01	-5.746298e+02
3.300000e-07	-4.376452e-06	-8.697692e-09	-3.092509e+01	-5.702124e+02
3.400000e-07	-4.314274e-06	-8.606365e-09	-3.048572e+01	-5.656759e+02
3.500000e-07	-4.250654e-06	-8.546071e-09	-3.003616e+01	-5.610153e+02
3.600000e-07	-4.185419e-06	-8.463647e-09	-2.957520e+01	-5.562243e+02
3.700000e-07	-4.118536e-06	-8.400165e-09	-2.910259e+01	-5.512957e+02
3.800000e-07	-4.050190e-06	-8.344719e-09	-2.861963e+01	-5.462226e+02
3.900000e-07	-3.980439e-06	-8.247229e-09	-2.812676e+01	-5.409992e+02
4.000000e-07	-3.909414e-06	-8.139160e-09	-2.762488e+01	-5.356216e+02
4.100000e-07	-3.837064e-06	-8.054332e-09	-2.711364e+01	-5.300874e+02
4.200000e-07	-3.763175e-06	-7.990992e-09	-2.659152e+01	-5.243963e+02
4.300000e-07	-3.687787e-06	-7.905538e-09	-2.605881e+01	-5.185493e+02
4.400000e-07	-3.610907e-06	-7.805464e-09	-2.551556e+01	-5.125483e+02
4.500000e-07	-3.532575e-06	-7.703446e-09	-2.496204e+01	-5.063953e+02
4.600000e-07	-3.452852e-06	-7.604204e-09	-2.439870e+01	-5.000923e+02
4.700000e-07	-3.371832e-06	-7.515760e-09	-2.382619e+01	-4.936404e+02
4.800000e-07	-3.289648e-06	-7.422666e-09	-2.324546e+01	-4.870397e+02
4.900000e-07	-3.206358e-06	-7.323117e-09	-2.265691e+01	-4.802889e+02
5.000000e-07	-3.122030e-06	-7.205709e-09	-2.206103e+01	-4.733860e+02
5.100000e-07	-3.036712e-06	-7.081983e-09	-2.145815e+01	-4.663279e+02
5.200000e-07	-2.950435e-06	-6.970802e-09	-2.084849e+01	-4.591111e+02
5.300000e-07	-2.863254e-06	-6.872984e-09	-2.023245e+01	-4.517319e+02
5.400000e-07	-2.775146e-06	-6.765581e-09	-1.960987e+01	-4.441867e+02
5.500000e-07	-2.685913e-06	-6.637232e-09	-1.897932e+01	-4.364723e+02
5.600000e-07	-2.595476e-06	-6.504539e-09	-1.834027e+01	-4.285860e+02
5.700000e-07	-2.503981e-06	-6.382781e-09	-1.769374e+01	-4.205253e+02
5.800000e-07	-2.411615e-06	-6.270624e-09	-1.704106e+01	-4.122882e+02
5.900000e-07	-2.318471e-06	-6.146153e-09	-1.638288e+01	-4.038728e+02
6.000000e-07	-2.224512e-06	-6.006670e-09	-1.571895e+01	-3.952769e+02
6.100000e-07	-2.129807e-06	-5.865264e-09	-1.504974e+01	-3.864980e+02
6.200000e-07	-2.034375e-06	-5.726603e-09	-1.437540e+01	-3.775335e+02
6.300000e-07	-1.938139e-06	-5.588956e-09	-1.369537e+01	-3.683799e+02
6.400000e-07	-1.841041e-06	-5.452118e-09	-1.300925e+01	-3.590337e+02
6.500000e-07	-1.743144e-06	-5.306750e-09	-1.231749e+01	-3.494907e+02
6.600000e-07	-1.644617e-06	-5.146654e-09	-1.162127e+01	-3.397471e+02
6.700000e-07	-1.545535e-06	-4.985812e-09	-1.092113e+01	-3.297988e+02
6.800000e-07	-1.445886e-06	-4.833808e-09	-1.021698e+01	-3.196422e+02
6.900000e-07	-1.345732e-06	-4.683787e-09	-9.509275e+00	-3.092741e+02
7.000000e-07	-1.245203e-06	-4.524735e-09	-8.798910e+00	-2.986914e+02
7.100000e-07	-1.144337e-06	-4.355141e-09	-8.086169e+00	-2.878917e+02
7.200000e-07	-1.043116e-06	-4.179894e-09	-7.370910e+00	-2.768727e+02
7.300000e-07	-9.415261e-07	-4.005768e-09	-6.653054e+00	-2.656319e+02
7.400000e-07	-8.395729e-07	-3.834200e-09	-5.932628e+00	-2.541669e+02
7.500000e-07	-7.372943e-07	-3.659318e-09	-5.209903e+00	-2.424748e+02
7.600000e-07	-6.347540e-07	-3.474241e-09	-4.485327e+00	-2.305522e+02
7.700000e-07	-5.320363e-07	-3.281622e-09	-3.759499e+00	-2.183951e+02
7.800000e-07	-4.292083e-07	-3.090739e-09	-3.032891e+00	-2.059985e+02
7.900000e-07	-3.262711e-07	-2.902299e-09	-2.305512e+00	-1.933566e+02
8.000000e-07	-2.232391e-07	-2.710647e-09	-1.577462e+00	-1.804627e+02
8.100000e-07	-1.201077e-07	-2.510974e-09	-8.487103e-01	-1.673088e+02
8.200000e-07	-1.689103e-08	-2.304973e-09	-1.193562e-01	-1.538858e+02
8.300000e-07	8.630002e-08	-2.096415e-09	6.098171e-01	-1.401829e+02
8.400000e-07	1.894351e-07	-1.885831e-09	1.338595e+00	-1.261879e+02
8.500000e-07	2.925627e-07	-1.671638e-09	2.067320e+00	-1.118866e+02
8.600000e-07	3.956327e-07	-1.450664e-09	2.795638e+00	-9.726339e+01
8.700000e-07	4.986030e-07	-1.219481e-09	3.523251e+00	-8.230107e+01
8.800000e-07	6.014710e-07	-9.800725e-10	4.250142e+00	-6.698169e+01
8.900000e-07	7.041788e-07	-7.376142e-10	4.975900e+00	-5.128747e+01
9.000000e-07	8.066612e-07	-4.920899e-10	5.700066e+00	-3.520214e+01
9.100000e-07	9.088536e-07	-2.417074e-10	6.422182e+00	-1.871273e+01
9.200000e-07	1.010682e-06	1.503259e-11	7.141726e+00	-1.811527e+00
9.300000e-07	1.112117e-06	2.774006e-10	7.858495e+00	1.550172e+01
9.400000e-07	1.213163e-06	5.446940e-10	8.572511e+00	3.321770e+01
9.500000e-07	1.313824e-06	8.159484e-10	9.283805e+00	5.131568e+01
9.600000e-07	1.414069e-06	1.090619e-09	9.992155e+00	6.976213e+01
9.700000e-07	1.513830e-06	1.371759e-09	1.069710e+01	8.851010e+01
9.800000e-07	1.613088e-06	1.659030e-09	1.139848e+01	1.074994e+02
9.900000e-07	1.711806e-06	1.950473e-09	1.209604e+01	1.266577e+02
1.000000e-06	1.809729e-06	2.244005e-09	1.278799e+01	1.459028e+02
1.010000e-06	1.906685e-06	2.536815e-09	1.347310e+01	1.651453e+02
1.020000e-06	2.002795e-06	2.828438e-09	1.415224e+01	1.842925e+02
1.030000e-06	2.098213e-06	3.117477e-09	1.482648e+01	2.032522e+02
1.040000e-06	2.192902e-06	3.401863e-09	1.549558e+01	2.219367e+02
1.050000e-06	2.286864e-06	3.677173e-09	1.615954e+01	2.402667e+02
1.060000e-06	2.380074e-06	3.942733e-09	1.681819e+01	2.581741e+02
1.070000e-06	2.472509e-06	4.201970e-09	1.747136e+01	2.756047e+02
1.080000e-06	2.564234e-06	4.456361e-09	1.811951e+01	2.925190e+02
1.090000e-06	2.655140e-06	4.705339e-09	1.876187e+01	3.088924e+02
1.100000e-06	2.744891e-06	4.946932e-09	1.939607e+01	3.247141e+02
1.110000e-06	2.833369e-06	5.179073e-09	2.002128e+01	3.399853e+02
1.120000e-06	2.920870e-06	5.402425e-09	2.063958e+01	3.547162e+02
1.130000e-06	3.007480e-06	5.618674e-09	2.125159e+01	3.689233e+02
1.140000e-06	3.093107e-06	5.828374e-09	2.185666e+01	3.826260e+02
1.150000e-06	3.177720e-06	6.030747e-09	2.245455e+01	3.958442e+02
1.160000e-06	3.261357e-06	6.224194e-09	2.304555e+01	4.085959e+02
1.170000e-06	3.343835e-06	6.408999e-09	2.362836e+01	4.208954e+02
1.180000e-06	3.425042e-06	6.586290e-09	2.420219e+01	4.327531e+02
1.190000e-06	3.505031e-06	6.759338e-09	2.476741e+01	4.441753e+02
1.200000e-06	3.583743e-06	6.927357e-09	2.532361e+01	4.551651e+02
1.210000e-06	3.661228e-06	7.088731e-09	2.587114e+01	4.657235e+02
1.220000e-06	3.737485e-06	7.243643e-09	2.640998e+01	4.758514e+02
1.230000e-06	3.812335e-06	7.391574e-09	2.693889e+01	4.855507e+02
1.240000e-06	3.885540e-06	7.532425e-09	2.745618e+01	4.948257e+02
1.250000e-06	3.957144e-06	7.666860e-09	2.796215e+01	5.036841e+02
1.260000e-06	4.027305e-06	7.794382e-09	2.845792e+01	5.121377e+02
1.270000e-06	4.096104e-06	7.915821e-09	2.894408e+01	5.202016e+02
1.280000e-06	4.163609e-06	8.031889e-09	2.942108e+01	5.278942e+02
1.290000e-06	4.229549e-06	8.142332e-09	2.988703e+01	5.352360e+02
1.300000e-06	4.293757e-06	8.248502e-09	3.034074e+01	5.422483e+02
1.310000e-06	4.356400e-06	8.350022e-09	3.078339e+01	5.489520e+02
1.320000e-06	4.417609e-06	8.447131e-09	3.121591e+01	5.553668e+02
1.330000e-06	4.477535e-06	8.540354e-09	3.163936e+01	5.615099e+02
1.340000e-06	4.535941e-06	8.629123e-09	3.205207e+01	5.673957e+02
1.350000e-06	4.592448e-06	8.714523e-09	3.245137e+01	5.730359e+02
1.360000e-06	4.647176e-06	8.794989e-09	3.283808e+01	5.784394e+02
1.370000e-06	4.700257e-06	8.871933e-09	3.321317e+01	5.836127e+02
1.380000e-06	4.751446e-06	8.947151e-09	3.357489e+01	5.885609e+02
1.390000e-06	4.800527e-06	9.019679e-09	3.392170e+01	5.932879e+02
1.400000e-06	4.847762e-06	9.089280e-09	3.425547e+01	5.977967e+02
1.410000e-06	4.893422e-06	9.155150e-09	3.457812e+01	6.020906e+02
1.420000e-06	4.937534e-06	9.217363e-09	3.488982e+01	6.061724e+02
1.430000e-06	4.979903e-06	9.275989e-09	3.518922e+01	6.100448e+02
1.440000e-06	5.020366e-06	9.331750e-09	3.547514e+01	6.137100e+02
1.450000e-06	5.059064e-06	9.384630e-09	3.574859e+01	6.171698e+02
1.460000e-06	5.096125e-06	9.434157e-09	3.601047e+01	6.204250e+02
1.470000e-06	5.131452e-06	9.479446e-09	3.626010e+01	6.234755e+02
1.480000e-06	5.164787e-06	9.520715e-09	3.649565e+01	6.263205e+02
1.490000e-06	5.196245e-06	9.557524e-09	3.671795e+01	6.289587e+02
1.500000e-06	5.226040e-06	9.590703e-09	3.692848e+01	6.313887e+02
1.510000e-06	5.254188e-06	9.622032e-09	3.712738e+01	6.336100e+02
1.520000e-06	5.280465e-06	9.650736e-09	3.731306e+01	6.356236e+02
1.530000e-06	5.304622e-06	9.676678e-09	3.748376e+01	6.374322e+02
1.540000e-06	5.326797e-06	9.700341e-09	3.764046e+01	6.390410e+02
1.550000e-06	5.347204e-06	9.721244e-09	3.778466e+01	6.404578e+02
1.560000e-06	5.365814e-06	9.739406e-09	3.791616e+01	6.416922e+02
1.570000e-06	5.382416e-06	9.755159e-09	3.803347e+01	6.427557e+02
1.580000e-06	5.397000e-06	9.768907e-09	3.813653e+01	6.436601e+02
1.590000e-06	5.409663e-06	9.780523e-09	3.822600e+01	6.444170e+02
1.600000e-06	5.420210e-06	9.790431e-09	3.830053e+01	6.450363e+02
1.610000e-06	5.428529e-06	9.799340e-09	3.835932e+01	6.455253e+02
1.620000e-06	5.434854e-06	9.806272e-09	3.840401e+01	6.458880e+02
1.630000e-06	5.439394e-06	9.811323e-09	3.843609e+01	6.461249e+02
1.640000e-06	5.442095e-06	9.814179e-09	3.845518e+01	6.462332e+02
1.650000e-06	5.442777e-06	9.812522e-09	3.846000e+01	6.462075e+02
1.660000e-06	5.441553e-06	9.806401e-09	3.845135e+01	6.460407e+02
1.670000e-06	5.438634e-06	9.801147e-09	3.843073e+01	6.457258e+02
1.680000e-06	5.434019e-06	9.794503e-09	3.839811e+01	6.452569e+02
1.690000e-06	5.427561e-06	9.784782e-09	3.835248e+01	6.446311e+02
1.700000e-06	5.419287e-06	9.773565e-09	3.829401e+01	6.438493e+02
1.710000e-06	5.409383e-06	9.763382e-09	3.822403e+01	6.429168e+02
1.720000e-06	5.397760e-06	9.760580e-09	3.814190e+01	6.418431e+02
1.730000e-06	5.384214e-06	9.727968e-09	3.804617e+01	6.406419e+02
1.740000e-06	5.368604e-06	9.669785e-09	3.793587e+01	6.393293e+02
1.750000e-06	5.350650e-06	9.657026e-09	3.780900e+01	6.379223e+02
1.760000e-06	5.329988e-06	9.643745e-09	3.766300e+01	6.364372e+02
1.770000e-06	5.306915e-06	9.662753e-09	3.749996e+01	6.348874e+02
1.780000e-06	5.282475e-06	9.674653e-09	3.732727e+01	6.332819e+02
1.790000e-06	5.257251e-06	9.542074e-09	3.714903e+01	6.316237e+02
1.800000e-06	5.230682e-06	9.550969e-09	3.696128e+01	6.299099e+02
1.810000e-06	5.201963e-06	9.573146e-09	3.675834e+01	6.281311e+02
1.820000e-06	5.171348e-06	9.462437e-09	3.654201e+01	6.262723e+02
1.830000e-06	5.139055e-06	9.528670e-09	3.631382e+01	6.243147e+02
1.840000e-06	5.104835e-06	9.520798e-09	3.607202e+01	6.222370e+02
1.850000e-06	5.068943e-06	9.423054e-09	3.581839e+01	6.200177e+02
1.860000e-06	5.031258e-06	9.480654e-09	3.555210e+01	6.176373e+02
1.870000e-06	4.991658e-06	9.389351e-09	3.527228e+01	6.150796e+02
1.880000e-06	4.950416e-06	9.289472e-09	3.498086e+01	6.123336e+02
1.890000e-06	4.907365e-06	9.323834e-09	3.467665e+01	6.093939e+02
1.900000e-06	4.862634e-06	9.257462e-09	3.436056e+01	6.062608e+02
1.910000e-06	4.816166e-06	9.225811e-09	3.403221e+01	6.029400e+02
1.920000e-06	4.767655e-06	9.143887e-09	3.368942e+01	5.994409e+02
1.930000e-06	4.717430e-06	9.067696e-09	3.333452e+01	5.957761e+02
1.940000e-06	4.665421e-06	9.084042e-09	3.296701e+01	5.919587e+02
1.950000e-06	4.611302e-06	9.001185e-09	3.258459e+01	5.880013e+02
1.960000e-06	4.555277e-06	8.918981e-09	3.218871e+01	5.839148e+02
1.970000e-06	4.497571e-06	8.834741e-09	3.178094e+01	5.797065e+02
1.980000e-06	4.438401e-06	8.767265e-09	3.136283e+01	5.753806e+02
1.990000e-06	4.377710e-06	8.725619e-09	3.093397e+01	5.709376e+02
2.000000e-06	4.315264e-06	8.645841e-09	3.049272e+01	5.663745e+02
2.010000e-06	4.251197e-06	8.613512e-09	3.004000e+01	5.616862e+02
2.020000e-06	4.185594e-06	8.511781e-09	2.957644e+01	5.568659e+02
2.030000e-06	4.118567e-06	8.395770e-09	2.910281e+01	5.519064e+02
2.040000e-06	4.050118e-06	8.340822e-09	2.861913e+01	5.468011e+02
2.050000e-06	3.980136e-06	8.278864e-09	2.812462e+01	5.415445e+02
2.060000e-06	3.908655e-06	8.213538e-09	2.761951e+01	5.361330e+02
2.070000e-06	3.835803e-06	8.102342e-09	2.710473e+01	5.305648e+02
2.080000e-06	3.761675e-06	8.008687e-09	2.658092e+01	5.248398e+02
2.090000e-06	3.686099e-06	7.924132e-09	2.604688e+01	5.189591e+02
2.100000e-06	3.608985e-06	7.835377e-09	2.550197e+01	5.129249e+02
2.110000e-06	3.530392e-06	7.756892e-09	2.494662e+01	5.067393e+02
2.120000e-06	3.450494e-06	7.659198e-09	2.438204e+01	5.004039e+02
2.130000e-06	3.369410e-06	7.556709e-09	2.380908e+01	4.939197e+02
2.140000e-06	3.287150e-06	7.435992e-09	2.322781e+01	4.872865e+02
2.150000e-06	3.203832e-06	7.333623e-09	2.263906e+01	4.805029e+02
2.160000e-06	3.119460e-06	7.249809e-09	2.204287e+01	4.735666e+02
2.170000e-06	3.033839e-06	7.151637e-09	2.143785e+01	4.664744e+02
2.180000e-06	2.946941e-06	7.023950e-09	2.082381e+01	4.592227e+02
2.190000e-06	2.858928e-06	6.892626e-09	2.020188e+01	4.518078e+02
2.200000e-06	2.769877e-06	6.791194e-09	1.957263e+01	4.442261e+02
2.210000e-06	2.679896e-06	6.693584e-09	1.893680e+01	4.364747e+02
2.220000e-06	2.589097e-06	6.576999e-09	1.829520e+01	4.285508e+02
2.230000e-06	2.497468e-06	6.439362e-09	1.764772e+01	4.204520e+02
2.240000e-06	2.404914e-06	6.304709e-09	1.699371e+01	4.121765e+02
2.250000e-06	2.311407e-06	6.171605e-09	1.633297e+01	4.037221e+02
2.260000e-06	2.217020e-06	6.040687e-09	1.566600e+01	3.950868e+02
2.270000e-06	2.121755e-06	5.920173e-09	1.499284e+01	3.862680e+02
2.280000e-06	2.025647e-06	5.793282e-09	1.431372e+01	3.772628e+02
2.290000e-06	1.928833e-06	5.643857e-09	1.362961e+01	3.680678e+02
2.300000e-06	1.831471e-06	5.490041e-09	1.294162e+01	3.586793e+02
2.310000e-06	1.733579e-06	5.352956e-09	1.224989e+01	3.490933e+02
2.320000e-06	1.635076e-06	5.217654e-09	1.155385e+01	3.393057e+02
2.330000e-06	1.536050e-06	5.066798e-09	1.085410e+01	3.293127e+02
2.340000e-06	1.436661e-06	4.901599e-09	1.015180e+01	3.191106e+02
2.350000e-06	1.336915e-06	4.736589e-09	9.446972e+00	3.086963e+02
2.360000e-06	1.236733e-06	4.575993e-09	8.739059e+00	2.980669e+02
2.370000e-06	1.136152e-06	4.417303e-09	8.028330e+00	2.872200e+02
2.380000e-06	1.035151e-06	4.255570e-09	7.314634e+00	2.761531e+02
2.390000e-06	9.335907e-07	4.083320e-09	6.596981e+00	2.648641e+02
2.400000e-06	8.315319e-07	3.901335e-09	5.875809e+00	2.533503e+02
2.410000e-06	7.291323e-07	3.721025e-09	5.152228e+00	2.416087e+02
2.420000e-06	6.264538e-07	3.545219e-09	4.426676e+00	2.296358e+02
2.430000e-06	5.235470e-07	3.365729e-09	3.699512e+00	2.174274e+02
2.440000e-06	4.204721e-07	3.176372e-09	2.971159e+00	2.049783e+02
2.450000e-06	3.172737e-07	2.975200e-09	2.241934e+00	1.922826e+02
2.460000e-06	2.139262e-07	2.770931e-09	1.511655e+00	1.793332e+02
2.470000e-06	1.104141e-07	2.571113e-09	7.802133e-01	1.661221e+02
2.480000e-06	6.839590e-09	2.370926e-09	4.833022e-02	1.526396e+02
2.490000e-06	-9.673716e-08	2.163407e-09	-6.835685e-01	1.388748e+02
2.500000e-06	-2.003148e-07	1.946529e-09	-1.415473e+00	1.248149e+02
2.510000e-06	-3.038053e-07	1.722951e-09	-2.146763e+00	1.104457e+02
2.520000e-06	-4.071479e-07	1.497434e-09	-2.877007e+00	9.575083e+01
2.530000e-06	-5.103400e-07	1.271152e-09	-3.606188e+00	8.071310e+01
2.540000e-06	-6.134016e-07	1.041281e-09	-4.334446e+00	6.531443e+01
2.550000e-06	-7.162131e-07	8.011780e-10	-5.060938e+00	4.953726e+01
2.560000e-06	-8.186364e-07	5.479316e-10	-5.784685e+00	3.336587e+01
2.570000e-06	-9.206475e-07	2.899045e-10	-6.505521e+00	1.678821e+01
2.580000e-06	-1.022192e-06	3.316707e-11	-7.223062e+00	-2.019844e-01
2.590000e-06	-1.123202e-06	-2.281184e-10	-7.936823e+00	-1.760311e+01
2.600000e-06	-1.223713e-06	-4.994852e-10	-8.647060e+00	-3.540353e+01
2.610000e-06	-1.323812e-06	-7.802006e-10	-9.354378e+00	-5.357989e+01
2.620000e-06	-1.423494e-06	-1.066291e-09	-1.005876e+01	-7.209579e+01
2.630000e-06	-1.522744e-06	-1.354824e-09	-1.076008e+01	-9.090140e+01
2.640000e-06	-1.621518e-06	-1.644885e-09	-1.145804e+01	-1.099338e+02
2.650000e-06	-1.719685e-06	-1.939510e-09	-1.215171e+01	-1.291184e+02
2.660000e-06	-1.817189e-06	-2.240016e-09	-1.284070e+01	-1.483710e+02
2.670000e-06	-1.914056e-06	-2.540699e-09	-1.352519e+01	-1.676014e+02
2.680000e-06	-2.010312e-06	-2.834092e-09	-1.420536e+01	-1.867165e+02
2.690000e-06	-2.106029e-06	-3.120679e-09	-1.488171e+01	-2.056248e+02
2.700000e-06	-2.201082e-06	-3.404625e-09	-1.555339e+01	-2.242401e+02
2.710000e-06	-2.295138e-06	-3.686464e-09	-1.621801e+01	-2.424852e+02
2.720000e-06	-2.388094e-06	-3.962452e-09	-1.687486e+01	-2.602949e+02
2.730000e-06	-2.480156e-06	-4.226985e-09	-1.752539e+01	-2.776181e+02
2.740000e-06	-2.571448e-06	-4.481506e-09	-1.817048e+01	-2.944185e+02
2.750000e-06	-2.661820e-06	-4.728765e-09	-1.880907e+01	-3.106746e+02
2.760000e-06	-2.751203e-06	-4.970342e-09	-1.944068e+01	-3.263784e+02
2.770000e-06	-2.839711e-06	-5.206470e-09	-2.006610e+01	-3.415331e+02
2.780000e-06	-2.927397e-06	-5.434776e-09	-2.068570e+01	-3.561507e+02
2.790000e-06	-3.014066e-06	-5.652665e-09	-2.129813e+01	-3.702484e+02
2.800000e-06	-3.099426e-06	-5.860854e-09	-2.190131e+01	-3.838461e+02
2.810000e-06	-3.183600e-06	-6.061276e-09	-2.249610e+01	-3.969633e+02
2.820000e-06	-3.266788e-06	-6.254766e-09	-2.308393e+01	-4.096175e+02
2.830000e-06	-3.348912e-06	-6.442430e-09	-2.366423e+01	-4.218220e+02
2.840000e-06	-3.429906e-06	-6.621442e-09	-2.423656e+01	-4.335864e+02
2.850000e-06	-3.509790e-06	-6.792056e-09	-2.480104e+01	-4.449162e+02
2.860000e-06	-3.588364e-06	-6.956171e-09	-2.535626e+01	-4.558139e+02
2.870000e-06	-3.665413e-06	-7.114844e-09	-2.590071e+01	-4.662805e+02
2.880000e-06	-3.740978e-06	-7.269088e-09	-2.643467e+01	-4.763167e+02
2.890000e-06	-3.815046e-06	-7.416597e-09	-2.695805e+01	-4.859250e+02
2.900000e-06	-3.887706e-06	-7.557215e-09	-2.747149e+01	-4.951103e+02
2.910000e-06	-3.959101e-06	-7.692560e-09	-2.797598e+01	-5.038814e+02
2.920000e-06	-4.028944e-06	-7.820559e-09	-2.846951e+01	-5.122505e+02
2.930000e-06	-4.097206e-06	-7.943032e-09	-2.895186e+01	-5.202336e+02
2.940000e-06	-4.164074e-06	-8.063408e-09	-2.942437e+01	-5.278497e+02
2.950000e-06	-4.229454e-06	-8.179496e-09	-2.988636e+01	-5.351195e+02
2.960000e-06	-4.293419e-06	-8.288143e-09	-3.033835e+01	-5.420644e+02
2.970000e-06	-4.355766e-06	-8.390358e-09	-3.077891e+01	-5.487050e+02
2.980000e-06	-4.416344e-06	-8.488162e-09	-3.120697e+01	-5.550606e+02
2.990000e-06	-4.475390e-06	-8.581273e-09	-3.162420e+01	-5.611479e+02
3.000000e-06	-4.532989e-06	-8.669260e-09	-3.203121e+01	-5.669806e+02
3.010000e-06	-4.588995e-06	-8.752492e-09	-3.242696e+01	-5.725699e+02
3.020000e-06	-4.643138e-06	-8.833220e-09	-3.280955e+01	-5.779240e+02
3.030000e-06	-4.695332e-06	-8.912537e-09	-3.317837e+01	-5.830491e+02
3.040000e-06	-4.745751e-06	-8.989327e-09	-3.353464e+01	-5.879501e+02
3.050000e-06	-4.794264e-06	-9.061402e-09	-3.387745e+01	-5.926304e+02
3.060000e-06	-4.840871e-06	-9.130360e-09	-3.420678e+01	-5.970934e+02
3.070000e-06	-4.885887e-06	-9.197572e-09	-3.452488e+01	-6.013420e+02
3.080000e-06	-4.929386e-06	-9.262242e-09	-3.483225e+01	-6.053791e+02
3.090000e-06	-4.971345e-06	-9.322865e-09	-3.512875e+01	-6.092074e+02
3.100000e-06	-5.011754e-06	-9.377721e-09	-3.541428e+01	-6.128289e+02
3.110000e-06	-5.050366e-06	-9.429244e-09	-3.568712e+01	-6.162452e+02
3.120000e-06	-5.087012e-06	-9.478470e-09	-3.594608e+01	-6.194571e+02
3.130000e-06	-5.121880e-06	-9.523920e-09	-3.619246e+01	-6.224641e+02
3.140000e-06	-5.155084e-06	-9.568116e-09	-3.642709e+01	-6.252653e+02
3.150000e-06	-5.186473e-06	-9.609699e-09	-3.664889e+01	-6.278593e+02
3.160000e-06	-5.215820e-06	-9.648915e-09	-3.685626e+01	-6.302451e+02
3.170000e-06	-5.243283e-06	-9.685775e-09	-3.705032e+01	-6.324222e+02
3.180000e-06	-5.268974e-06	-9.717555e-09	-3.723186e+01	-6.343919e+02
3.190000e-06	-5.292804e-06	-9.744767e-09	-3.740025e+01	-6.361576e+02
3.200000e-06	-5.314672e-06	-9.770243e-09	-3.755478e+01	-6.377250e+02
3.210000e-06	-5.334597e-06	-9.792959e-09	-3.769557e+01	-6.391022e+02
3.220000e-06	-5.352733e-06	-9.812564e-09	-3.782373e+01	-6.402995e+02
3.230000e-06	-5.369067e-06	-9.829892e-09	-3.793915e+01	-6.413283e+02
3.240000e-06	-5.383252e-06	-9.844185e-09	-3.803938e+01	-6.422006e+02
3.250000e-06	-5.395129e-06	-9.855121e-09	-3.812330e+01	-6.429277e+02
3.260000e-06	-5.405059e-06	-9.862852e-09	-3.819347e+01	-6.435190e+02
3.270000e-06	-5.413157e-06	-9.869363e-09	-3.825070e+01	-6.439811e+02
3.280000e-06	-5.419194e-06	-9.873384e-09	-3.829335e+01	-6.443173e+02
3.290000e-06	-5.423244e-06	-9.873578e-09	-3.832197e+01	-6.445275e+02
3.300000e-06	-5.425496e-06	-9.869830e-09	-3.833789e+01	-6.446080e+02
3.310000e-06	-5.425950e-06	-9.866647e-09	-3.834109e+01	-6.445531e+02
