# Temperatura_=_49.12
# Concentracion g/m^3_=_15000.0
# C_Vs_to_Am_M_A/Vsm_=_65563218390.804596
# pendiente_HvsI_1/m_=_3716.3
# ordenada_HvsI_A/m_=_1297.0
# frecuencia_Hz_=_301895.70121357485

Tiempo_(s)	Campo_(V.s)	Magnetizacion_(V.s)	Campo_(kA/m)	Magnetizacion_(A/m)
0.000000e+00	-6.853418e-06	-8.791432e-09	-4.749820e+01	-5.743486e+02
1.000000e-08	-6.850444e-06	-8.788701e-09	-4.747759e+01	-5.742052e+02
2.000000e-08	-6.845306e-06	-8.785206e-09	-4.744197e+01	-5.739710e+02
3.000000e-08	-6.838062e-06	-8.780421e-09	-4.739177e+01	-5.736347e+02
4.000000e-08	-6.828466e-06	-8.771633e-09	-4.732526e+01	-5.731865e+02
5.000000e-08	-6.816373e-06	-8.760430e-09	-4.724145e+01	-5.726211e+02
6.000000e-08	-6.801768e-06	-8.745381e-09	-4.714023e+01	-5.719395e+02
7.000000e-08	-6.784806e-06	-8.734422e-09	-4.702267e+01	-5.711507e+02
8.000000e-08	-6.765707e-06	-8.740625e-09	-4.689031e+01	-5.702706e+02
9.000000e-08	-6.744235e-06	-8.722079e-09	-4.674149e+01	-5.693197e+02
1.000000e-07	-6.719899e-06	-8.701252e-09	-4.657283e+01	-5.683203e+02
1.100000e-07	-6.692794e-06	-8.692477e-09	-4.638498e+01	-5.672921e+02
1.200000e-07	-6.663394e-06	-8.666607e-09	-4.618122e+01	-5.662488e+02
1.300000e-07	-6.631974e-06	-8.620490e-09	-4.596346e+01	-5.651953e+02
1.400000e-07	-6.598672e-06	-8.619715e-09	-4.573266e+01	-5.641259e+02
1.500000e-07	-6.563438e-06	-8.601968e-09	-4.548846e+01	-5.630248e+02
1.600000e-07	-6.526129e-06	-8.543431e-09	-4.522990e+01	-5.618678e+02
1.700000e-07	-6.486763e-06	-8.589771e-09	-4.495706e+01	-5.606254e+02
1.800000e-07	-6.445050e-06	-8.531388e-09	-4.466797e+01	-5.592666e+02
1.900000e-07	-6.400801e-06	-8.482932e-09	-4.436130e+01	-5.577632e+02
2.000000e-07	-6.354257e-06	-8.503203e-09	-4.403872e+01	-5.560932e+02
2.100000e-07	-6.305203e-06	-8.453003e-09	-4.369875e+01	-5.542437e+02
2.200000e-07	-6.253505e-06	-8.450422e-09	-4.334045e+01	-5.522119e+02
2.300000e-07	-6.199322e-06	-8.395039e-09	-4.296493e+01	-5.500047e+02
2.400000e-07	-6.142724e-06	-8.326105e-09	-4.257267e+01	-5.476374e+02
2.500000e-07	-6.083788e-06	-8.302361e-09	-4.216421e+01	-5.451303e+02
2.600000e-07	-6.022630e-06	-8.264396e-09	-4.174035e+01	-5.425052e+02
2.700000e-07	-5.959303e-06	-8.233655e-09	-4.130146e+01	-5.397821e+02
2.800000e-07	-5.893770e-06	-8.191062e-09	-4.084728e+01	-5.369755e+02
2.900000e-07	-5.825950e-06	-8.142049e-09	-4.037724e+01	-5.340928e+02
3.000000e-07	-5.755969e-06	-8.073234e-09	-3.989223e+01	-5.311330e+02
3.100000e-07	-5.683935e-06	-8.035477e-09	-3.939300e+01	-5.280882e+02
3.200000e-07	-5.609671e-06	-8.025606e-09	-3.887830e+01	-5.249450e+02
3.300000e-07	-5.533103e-06	-7.954324e-09	-3.834764e+01	-5.216879e+02
3.400000e-07	-5.454289e-06	-7.896286e-09	-3.780141e+01	-5.183024e+02
3.500000e-07	-5.373351e-06	-7.845520e-09	-3.724047e+01	-5.147779e+02
3.600000e-07	-5.290547e-06	-7.793155e-09	-3.666659e+01	-5.111093e+02
3.700000e-07	-5.206069e-06	-7.743184e-09	-3.608110e+01	-5.072979e+02
3.800000e-07	-5.119897e-06	-7.679488e-09	-3.548388e+01	-5.033500e+02
3.900000e-07	-5.031925e-06	-7.612145e-09	-3.487419e+01	-4.992751e+02
4.000000e-07	-4.942113e-06	-7.530547e-09	-3.425174e+01	-4.950828e+02
4.100000e-07	-4.850527e-06	-7.468492e-09	-3.361699e+01	-4.907800e+02
4.200000e-07	-4.757316e-06	-7.414628e-09	-3.297098e+01	-4.863690e+02
4.300000e-07	-4.662445e-06	-7.348948e-09	-3.231347e+01	-4.818462e+02
4.400000e-07	-4.565838e-06	-7.268249e-09	-3.164393e+01	-4.772026e+02
4.500000e-07	-4.467495e-06	-7.185594e-09	-3.096235e+01	-4.724258e+02
4.600000e-07	-4.367533e-06	-7.114203e-09	-3.026956e+01	-4.675024e+02
4.700000e-07	-4.266180e-06	-7.037213e-09	-2.956712e+01	-4.624205e+02
4.800000e-07	-4.163386e-06	-6.963577e-09	-2.885470e+01	-4.571721e+02
4.900000e-07	-4.059084e-06	-6.882485e-09	-2.813183e+01	-4.517541e+02
5.000000e-07	-3.953253e-06	-6.787600e-09	-2.739836e+01	-4.461682e+02
5.100000e-07	-3.845805e-06	-6.693116e-09	-2.665368e+01	-4.404192e+02
5.200000e-07	-3.736992e-06	-6.608280e-09	-2.589954e+01	-4.345130e+02
5.300000e-07	-3.627057e-06	-6.520958e-09	-2.513763e+01	-4.284539e+02
5.400000e-07	-3.515735e-06	-6.419543e-09	-2.436610e+01	-4.222431e+02
5.500000e-07	-3.402898e-06	-6.315735e-09	-2.358408e+01	-4.158775e+02
5.600000e-07	-3.288648e-06	-6.211990e-09	-2.279226e+01	-4.093503e+02
5.700000e-07	-3.172973e-06	-6.112697e-09	-2.199056e+01	-4.026520e+02
5.800000e-07	-3.055988e-06	-6.013761e-09	-2.117978e+01	-3.957729e+02
5.900000e-07	-2.937966e-06	-5.911972e-09	-2.036182e+01	-3.887050e+02
6.000000e-07	-2.818922e-06	-5.797876e-09	-1.953678e+01	-3.814430e+02
6.100000e-07	-2.698789e-06	-5.675190e-09	-1.870419e+01	-3.739851e+02
6.200000e-07	-2.577722e-06	-5.558104e-09	-1.786512e+01	-3.663316e+02
6.300000e-07	-2.455659e-06	-5.443038e-09	-1.701915e+01	-3.584834e+02
6.400000e-07	-2.332516e-06	-5.320696e-09	-1.616570e+01	-3.504395e+02
6.500000e-07	-2.208489e-06	-5.189589e-09	-1.530612e+01	-3.421952e+02
6.600000e-07	-2.083812e-06	-5.057089e-09	-1.444203e+01	-3.337412e+02
6.700000e-07	-1.958570e-06	-4.925065e-09	-1.357404e+01	-3.250637e+02
6.800000e-07	-1.832687e-06	-4.792200e-09	-1.270159e+01	-3.161460e+02
6.900000e-07	-1.706149e-06	-4.655763e-09	-1.182461e+01	-3.069707e+02
7.000000e-07	-1.578920e-06	-4.511002e-09	-1.094284e+01	-2.975229e+02
7.100000e-07	-1.451055e-06	-4.357372e-09	-1.005666e+01	-2.877914e+02
7.200000e-07	-1.322726e-06	-4.200419e-09	-9.167264e+00	-2.777701e+02
7.300000e-07	-1.194005e-06	-4.043690e-09	-8.275154e+00	-2.674570e+02
7.400000e-07	-1.064949e-06	-3.884680e-09	-7.380718e+00	-2.568523e+02
7.500000e-07	-9.355478e-07	-3.719378e-09	-6.483894e+00	-2.459556e+02
7.600000e-07	-8.058502e-07	-3.546123e-09	-5.585014e+00	-2.347632e+02
7.700000e-07	-6.758969e-07	-3.366931e-09	-4.684361e+00	-2.232660e+02
7.800000e-07	-5.457448e-07	-3.184643e-09	-3.782331e+00	-2.114492e+02
7.900000e-07	-4.154048e-07	-3.002478e-09	-2.878998e+00	-1.992931e+02
8.000000e-07	-2.849098e-07	-2.816311e-09	-1.974592e+00	-1.867758e+02
8.100000e-07	-1.542847e-07	-2.621480e-09	-1.069284e+00	-1.738759e+02
8.200000e-07	-2.342272e-08	-2.417781e-09	-1.623332e-01	-1.605745e+02
8.300000e-07	1.075138e-07	-2.209883e-09	7.451336e-01	-1.468568e+02
8.400000e-07	2.383957e-07	-1.998211e-09	1.652222e+00	-1.327112e+02
8.500000e-07	3.692156e-07	-1.778909e-09	2.558880e+00	-1.181263e+02
8.600000e-07	4.999092e-07	-1.550340e-09	3.464663e+00	-1.030879e+02
8.700000e-07	6.304196e-07	-1.310586e-09	4.369177e+00	-8.757566e+01
8.800000e-07	7.607559e-07	-1.064579e-09	5.272484e+00	-7.156113e+01
8.900000e-07	8.908607e-07	-8.139875e-10	6.174186e+00	-5.500911e+01
9.000000e-07	1.020655e-06	-5.574344e-10	7.073734e+00	-3.788214e+01
9.100000e-07	1.150157e-06	-2.906928e-10	7.971259e+00	-2.014837e+01
9.200000e-07	1.279275e-06	-1.085010e-11	8.866124e+00	-1.791640e+00
9.300000e-07	1.407919e-06	2.781585e-10	9.757705e+00	1.717815e+01
9.400000e-07	1.535975e-06	5.745091e-10	1.064521e+01	3.671639e+01
9.500000e-07	1.663408e-06	8.777263e-10	1.152839e+01	5.673901e+01
9.600000e-07	1.790218e-06	1.187870e-09	1.240726e+01	7.712306e+01
9.700000e-07	1.916339e-06	1.503819e-09	1.328135e+01	9.771297e+01
9.800000e-07	2.041845e-06	1.821077e-09	1.415118e+01	1.183320e+02
9.900000e-07	2.166751e-06	2.136582e-09	1.501685e+01	1.387969e+02
1.000000e-06	2.290926e-06	2.445107e-09	1.587746e+01	1.589340e+02
1.010000e-06	2.414206e-06	2.742998e-09	1.673186e+01	1.785924e+02
1.020000e-06	2.536512e-06	3.030204e-09	1.757951e+01	1.976552e+02
1.030000e-06	2.657909e-06	3.307702e-09	1.842086e+01	2.160431e+02
1.040000e-06	2.778286e-06	3.575632e-09	1.925515e+01	2.337146e+02
1.050000e-06	2.897539e-06	3.832848e-09	2.008164e+01	2.506592e+02
1.060000e-06	3.015764e-06	4.077709e-09	2.090101e+01	2.668894e+02
1.070000e-06	3.133004e-06	4.312402e-09	2.171355e+01	2.824302e+02
1.080000e-06	3.249078e-06	4.537154e-09	2.251801e+01	2.973105e+02
1.090000e-06	3.363860e-06	4.751685e-09	2.331352e+01	3.115566e+02
1.100000e-06	3.477299e-06	4.955562e-09	2.409972e+01	3.251898e+02
1.110000e-06	3.589309e-06	5.152477e-09	2.487601e+01	3.382264e+02
1.120000e-06	3.699955e-06	5.342017e-09	2.564285e+01	3.506806e+02
1.130000e-06	3.809392e-06	5.523570e-09	2.640132e+01	3.625678e+02
1.140000e-06	3.917679e-06	5.698411e-09	2.715181e+01	3.739074e+02
1.150000e-06	4.024702e-06	5.864052e-09	2.789354e+01	3.847246e+02
1.160000e-06	4.130277e-06	6.021049e-09	2.862524e+01	3.950493e+02
1.170000e-06	4.234230e-06	6.171637e-09	2.934569e+01	4.049137e+02
1.180000e-06	4.336601e-06	6.315655e-09	3.005518e+01	4.143481e+02
1.190000e-06	4.437548e-06	6.453181e-09	3.075480e+01	4.233782e+02
1.200000e-06	4.536994e-06	6.585176e-09	3.144403e+01	4.320216e+02
1.210000e-06	4.634680e-06	6.710715e-09	3.212104e+01	4.402880e+02
1.220000e-06	4.730494e-06	6.830583e-09	3.278509e+01	4.481804e+02
1.230000e-06	4.824605e-06	6.944298e-09	3.343733e+01	4.556985e+02
1.240000e-06	4.917157e-06	7.052826e-09	3.407878e+01	4.628428e+02
1.250000e-06	5.008022e-06	7.156137e-09	3.470852e+01	4.696184e+02
1.260000e-06	5.097055e-06	7.254083e-09	3.532557e+01	4.760382e+02
1.270000e-06	5.184223e-06	7.344808e-09	3.592970e+01	4.821235e+02
1.280000e-06	5.269591e-06	7.431887e-09	3.652135e+01	4.879027e+02
1.290000e-06	5.353180e-06	7.515718e-09	3.710067e+01	4.934091e+02
1.300000e-06	5.434788e-06	7.594828e-09	3.766626e+01	4.986762e+02
1.310000e-06	5.514290e-06	7.671637e-09	3.821726e+01	5.037343e+02
1.320000e-06	5.591757e-06	7.746362e-09	3.875415e+01	5.086071e+02
1.330000e-06	5.667194e-06	7.817799e-09	3.927697e+01	5.133104e+02
1.340000e-06	5.740450e-06	7.886465e-09	3.978468e+01	5.178515e+02
1.350000e-06	5.811517e-06	7.953316e-09	4.027721e+01	5.222311e+02
1.360000e-06	5.880597e-06	8.017465e-09	4.075598e+01	5.264453e+02
1.370000e-06	5.947639e-06	8.078501e-09	4.122062e+01	5.304877e+02
1.380000e-06	6.012498e-06	8.136146e-09	4.167013e+01	5.343525e+02
1.390000e-06	6.075196e-06	8.192176e-09	4.210466e+01	5.380347e+02
1.400000e-06	6.135820e-06	8.246483e-09	4.252482e+01	5.415315e+02
1.410000e-06	6.194384e-06	8.297338e-09	4.293071e+01	5.448415e+02
1.420000e-06	6.250783e-06	8.344171e-09	4.332158e+01	5.479643e+02
1.430000e-06	6.304951e-06	8.387293e-09	4.369700e+01	5.509002e+02
1.440000e-06	6.356652e-06	8.427505e-09	4.405532e+01	5.536497e+02
1.450000e-06	6.405709e-06	8.466209e-09	4.439531e+01	5.562142e+02
1.460000e-06	6.452324e-06	8.503248e-09	4.471838e+01	5.585959e+02
1.470000e-06	6.496808e-06	8.536485e-09	4.502668e+01	5.607995e+02
1.480000e-06	6.539037e-06	8.566911e-09	4.531935e+01	5.628316e+02
1.490000e-06	6.578792e-06	8.594538e-09	4.559488e+01	5.647011e+02
1.500000e-06	6.616248e-06	8.618867e-09	4.585447e+01	5.664183e+02
1.510000e-06	6.651468e-06	8.641828e-09	4.609857e+01	5.679933e+02
1.520000e-06	6.684283e-06	8.664810e-09	4.632599e+01	5.694351e+02
1.530000e-06	6.714700e-06	8.686236e-09	4.653680e+01	5.707496e+02
1.540000e-06	6.742943e-06	8.703470e-09	4.673254e+01	5.719397e+02
1.550000e-06	6.768811e-06	8.717557e-09	4.691182e+01	5.730052e+02
1.560000e-06	6.792047e-06	8.729812e-09	4.707286e+01	5.739440e+02
1.570000e-06	6.812909e-06	8.741036e-09	4.721744e+01	5.747541e+02
1.580000e-06	6.831456e-06	8.751260e-09	4.734599e+01	5.754350e+02
1.590000e-06	6.847471e-06	8.759159e-09	4.745698e+01	5.759894e+02
1.600000e-06	6.860952e-06	8.765718e-09	4.755041e+01	5.764240e+02
1.610000e-06	6.871779e-06	8.771332e-09	4.762545e+01	5.767485e+02
1.620000e-06	6.879907e-06	8.776383e-09	4.768178e+01	5.769745e+02
1.630000e-06	6.885590e-06	8.780372e-09	4.772117e+01	5.771132e+02
1.640000e-06	6.888947e-06	8.782652e-09	4.774443e+01	5.771729e+02
1.650000e-06	6.889858e-06	8.783452e-09	4.775075e+01	5.771570e+02
1.660000e-06	6.888308e-06	8.779994e-09	4.774001e+01	5.770635e+02
1.670000e-06	6.884557e-06	8.779983e-09	4.771401e+01	5.768853e+02
1.680000e-06	6.878508e-06	8.774835e-09	4.767209e+01	5.766119e+02
1.690000e-06	6.870152e-06	8.766612e-09	4.761417e+01	5.762322e+02
1.700000e-06	6.859649e-06	8.760083e-09	4.754138e+01	5.757378e+02
1.710000e-06	6.846795e-06	8.754464e-09	4.745230e+01	5.751257e+02
1.720000e-06	6.831491e-06	8.748794e-09	4.734623e+01	5.744002e+02
1.730000e-06	6.814008e-06	8.714273e-09	4.722506e+01	5.735728e+02
1.740000e-06	6.794304e-06	8.710010e-09	4.708851e+01	5.726618e+02
1.750000e-06	6.771518e-06	8.702962e-09	4.693058e+01	5.716889e+02
1.760000e-06	6.745442e-06	8.668790e-09	4.674986e+01	5.706756e+02
1.770000e-06	6.716863e-06	8.665628e-09	4.655179e+01	5.696399e+02
1.780000e-06	6.686188e-06	8.675032e-09	4.633920e+01	5.685921e+02
1.790000e-06	6.653878e-06	8.621243e-09	4.611527e+01	5.675332e+02
1.800000e-06	6.620115e-06	8.657087e-09	4.588127e+01	5.664533e+02
1.810000e-06	6.584000e-06	8.631359e-09	4.563097e+01	5.653331e+02
1.820000e-06	6.545401e-06	8.573125e-09	4.536346e+01	5.641458e+02
1.830000e-06	6.504649e-06	8.633349e-09	4.508102e+01	5.628608e+02
1.840000e-06	6.461637e-06	8.530827e-09	4.478293e+01	5.614478e+02
1.850000e-06	6.416467e-06	8.520674e-09	4.446987e+01	5.598807e+02
1.860000e-06	6.368891e-06	8.529480e-09	4.414014e+01	5.581408e+02
1.870000e-06	6.318937e-06	8.419397e-09	4.379393e+01	5.562190e+02
1.880000e-06	6.266764e-06	8.451587e-09	4.343234e+01	5.541165e+02
1.890000e-06	6.211905e-06	8.415698e-09	4.305213e+01	5.518438e+02
1.900000e-06	6.154529e-06	8.385114e-09	4.265449e+01	5.494186e+02
1.910000e-06	6.094897e-06	8.372471e-09	4.224120e+01	5.468621e+02
1.920000e-06	6.032981e-06	8.268731e-09	4.181209e+01	5.441959e+02
1.930000e-06	5.968924e-06	8.259006e-09	4.136814e+01	5.414382e+02
1.940000e-06	5.902683e-06	8.206670e-09	4.090905e+01	5.386009e+02
1.950000e-06	5.834241e-06	8.184111e-09	4.043470e+01	5.356880e+02
1.960000e-06	5.763417e-06	8.130504e-09	3.994385e+01	5.326956e+02
1.970000e-06	5.690254e-06	8.060381e-09	3.943679e+01	5.296135e+02
1.980000e-06	5.614990e-06	8.041798e-09	3.891516e+01	5.264270e+02
1.990000e-06	5.537554e-06	7.960373e-09	3.837849e+01	5.231206e+02
2.000000e-06	5.457915e-06	7.935938e-09	3.782655e+01	5.196810e+02
2.010000e-06	5.376329e-06	7.870947e-09	3.726110e+01	5.160997e+02
2.020000e-06	5.293032e-06	7.800630e-09	3.668381e+01	5.123741e+02
2.030000e-06	5.207892e-06	7.743395e-09	3.609374e+01	5.085077e+02
2.040000e-06	5.120709e-06	7.681663e-09	3.548951e+01	5.045082e+02
2.050000e-06	5.031666e-06	7.643179e-09	3.487239e+01	5.003857e+02
2.060000e-06	4.941067e-06	7.566970e-09	3.424448e+01	4.961490e+02
2.070000e-06	4.848863e-06	7.510542e-09	3.360546e+01	4.918033e+02
2.080000e-06	4.754893e-06	7.434136e-09	3.295419e+01	4.873487e+02
2.090000e-06	4.659157e-06	7.367002e-09	3.229068e+01	4.827793e+02
2.100000e-06	4.561775e-06	7.293881e-09	3.161577e+01	4.780846e+02
2.110000e-06	4.462959e-06	7.225727e-09	3.093092e+01	4.732513e+02
2.120000e-06	4.362565e-06	7.158150e-09	3.023513e+01	4.682664e+02
2.130000e-06	4.260597e-06	7.063028e-09	2.952843e+01	4.631194e+02
2.140000e-06	4.157035e-06	6.980737e-09	2.881069e+01	4.578040e+02
2.150000e-06	4.051848e-06	6.899407e-09	2.808168e+01	4.523192e+02
2.160000e-06	3.945321e-06	6.826353e-09	2.734338e+01	4.466681e+02
2.170000e-06	3.837441e-06	6.739965e-09	2.659571e+01	4.408562e+02
2.180000e-06	3.728240e-06	6.648114e-09	2.583888e+01	4.348891e+02
2.190000e-06	3.617628e-06	6.550211e-09	2.507228e+01	4.287701e+02
2.200000e-06	3.505573e-06	6.458244e-09	2.429568e+01	4.224987e+02
2.210000e-06	3.392180e-06	6.366808e-09	2.350979e+01	4.160701e+02
2.220000e-06	3.277416e-06	6.268748e-09	2.271441e+01	4.094764e+02
2.230000e-06	3.161225e-06	6.160412e-09	2.190914e+01	4.027078e+02
2.240000e-06	3.043769e-06	6.047033e-09	2.109510e+01	3.957549e+02
2.250000e-06	2.925208e-06	5.939382e-09	2.027340e+01	3.886107e+02
2.260000e-06	2.805432e-06	5.829955e-09	1.944328e+01	3.812714e+02
2.270000e-06	2.684518e-06	5.722505e-09	1.860528e+01	3.737361e+02
2.280000e-06	2.562702e-06	5.607452e-09	1.776103e+01	3.660056e+02
2.290000e-06	2.440116e-06	5.484208e-09	1.691143e+01	3.580804e+02
2.300000e-06	2.316730e-06	5.356546e-09	1.605630e+01	3.499581e+02
2.310000e-06	2.192520e-06	5.234264e-09	1.519545e+01	3.416324e+02
2.320000e-06	2.067527e-06	5.109517e-09	1.432917e+01	3.330921e+02
2.330000e-06	1.941807e-06	4.974239e-09	1.345786e+01	3.243218e+02
2.340000e-06	1.815490e-06	4.829624e-09	1.258241e+01	3.153044e+02
2.350000e-06	1.688567e-06	4.684406e-09	1.170276e+01	3.060233e+02
2.360000e-06	1.560954e-06	4.542026e-09	1.081832e+01	2.964646e+02
2.370000e-06	1.432756e-06	4.396905e-09	9.929839e+00	2.866193e+02
2.380000e-06	1.304086e-06	4.247748e-09	9.038079e+00	2.764830e+02
2.390000e-06	1.174962e-06	4.089113e-09	8.143177e+00	2.660549e+02
2.400000e-06	1.045438e-06	3.922246e-09	7.245499e+00	2.553352e+02
2.410000e-06	9.156307e-07	3.753960e-09	6.345857e+00	2.443226e+02
2.420000e-06	7.855720e-07	3.584314e-09	5.444474e+00	2.330115e+02
2.430000e-06	6.553142e-07	3.408584e-09	4.541711e+00	2.213903e+02
2.440000e-06	5.249686e-07	3.224217e-09	3.638340e+00	2.094423e+02
2.450000e-06	3.944681e-07	3.032872e-09	2.733895e+00	1.971466e+02
2.460000e-06	2.637506e-07	2.838194e-09	1.827946e+00	1.844809e+02
2.470000e-06	1.329482e-07	2.637826e-09	9.214086e-01	1.714249e+02
2.480000e-06	2.099117e-09	2.432089e-09	1.454811e-02	1.579611e+02
2.490000e-06	-1.288023e-07	2.222594e-09	-8.926753e-01	1.440762e+02
2.500000e-06	-2.596833e-07	2.002776e-09	-1.799758e+00	1.297589e+02
2.510000e-06	-3.905050e-07	1.771762e-09	-2.706428e+00	1.149974e+02
2.520000e-06	-5.211735e-07	1.536261e-09	-3.612037e+00	9.977530e+01
2.530000e-06	-6.516866e-07	1.297271e-09	-4.516570e+00	8.406912e+01
2.540000e-06	-7.820647e-07	1.051809e-09	-5.420166e+00	6.784746e+01
2.550000e-06	-9.122435e-07	7.956256e-10	-6.322381e+00	5.107349e+01
2.560000e-06	-1.042111e-06	5.272287e-10	-7.222440e+00	3.371086e+01
2.570000e-06	-1.171618e-06	2.507629e-10	-8.119996e+00	1.573263e+01
2.580000e-06	-1.300798e-06	-3.329731e-11	-9.015289e+00	-2.868326e+00
2.590000e-06	-1.429615e-06	-3.265628e-10	-9.908068e+00	-2.206932e+01
2.600000e-06	-1.557866e-06	-6.284996e-10	-1.079693e+01	-4.181054e+01
2.610000e-06	-1.685377e-06	-9.374888e-10	-1.168065e+01	-6.199226e+01
2.620000e-06	-1.812192e-06	-1.250918e-09	-1.255955e+01	-8.247765e+01
2.630000e-06	-1.938395e-06	-1.565090e-09	-1.343421e+01	-1.031012e+02
2.640000e-06	-2.063917e-06	-1.875680e-09	-1.430415e+01	-1.236818e+02
2.650000e-06	-2.188545e-06	-2.182017e-09	-1.516790e+01	-1.440381e+02
2.660000e-06	-2.312198e-06	-2.486168e-09	-1.602489e+01	-1.640038e+02
2.670000e-06	-2.434969e-06	-2.783848e-09	-1.687576e+01	-1.834406e+02
2.680000e-06	-2.556938e-06	-3.070827e-09	-1.772108e+01	-2.022460e+02
2.690000e-06	-2.677983e-06	-3.347819e-09	-1.855999e+01	-2.203559e+02
2.700000e-06	-2.797939e-06	-3.615858e-09	-1.939136e+01	-2.377421e+02
2.710000e-06	-2.916835e-06	-3.875638e-09	-2.021537e+01	-2.544041e+02
2.720000e-06	-3.034701e-06	-4.123627e-09	-2.103225e+01	-2.703605e+02
2.730000e-06	-3.151330e-06	-4.358667e-09	-2.184056e+01	-2.856388e+02
2.740000e-06	-3.266600e-06	-4.582122e-09	-2.263945e+01	-3.002675e+02
2.750000e-06	-3.380552e-06	-4.795463e-09	-2.342921e+01	-3.142710e+02
2.760000e-06	-3.493162e-06	-5.001291e-09	-2.420966e+01	-3.276686e+02
2.770000e-06	-3.604347e-06	-5.197431e-09	-2.498024e+01	-3.404752e+02
2.780000e-06	-3.714244e-06	-5.385299e-09	-2.574188e+01	-3.527050e+02
2.790000e-06	-3.822968e-06	-5.566162e-09	-2.649541e+01	-3.643748e+02
2.800000e-06	-3.930449e-06	-5.738041e-09	-2.724031e+01	-3.755064e+02
2.810000e-06	-4.036677e-06	-5.900427e-09	-2.797653e+01	-3.861268e+02
2.820000e-06	-4.141514e-06	-6.053543e-09	-2.870311e+01	-3.962673e+02
2.830000e-06	-4.244736e-06	-6.200400e-09	-2.941850e+01	-4.059597e+02
2.840000e-06	-4.346277e-06	-6.339642e-09	-3.012224e+01	-4.152331e+02
2.850000e-06	-4.446228e-06	-6.472198e-09	-3.081496e+01	-4.241100e+02
2.860000e-06	-4.544686e-06	-6.601734e-09	-3.149734e+01	-4.326050e+02
2.870000e-06	-4.641674e-06	-6.728107e-09	-3.216952e+01	-4.407249e+02
2.880000e-06	-4.736978e-06	-6.848644e-09	-3.283003e+01	-4.484708e+02
2.890000e-06	-4.830532e-06	-6.963205e-09	-3.347842e+01	-4.558422e+02
2.900000e-06	-4.922425e-06	-7.073387e-09	-3.411528e+01	-4.628411e+02
2.910000e-06	-5.012627e-06	-7.176021e-09	-3.474044e+01	-4.694753e+02
2.920000e-06	-5.101008e-06	-7.271458e-09	-3.535297e+01	-4.757612e+02
2.930000e-06	-5.187384e-06	-7.361074e-09	-3.595161e+01	-4.817229e+02
2.940000e-06	-5.271816e-06	-7.446125e-09	-3.653677e+01	-4.873914e+02
2.950000e-06	-5.354451e-06	-7.528140e-09	-3.710948e+01	-4.928003e+02
2.960000e-06	-5.435199e-06	-7.607445e-09	-3.766911e+01	-4.979824e+02
2.970000e-06	-5.513852e-06	-7.685928e-09	-3.821422e+01	-5.029657e+02
2.980000e-06	-5.590284e-06	-7.762449e-09	-3.874394e+01	-5.077710e+02
2.990000e-06	-5.664575e-06	-7.834809e-09	-3.925882e+01	-5.124105e+02
3.000000e-06	-5.736887e-06	-7.904475e-09	-3.975998e+01	-5.168889e+02
3.010000e-06	-5.807111e-06	-7.971752e-09	-4.024668e+01	-5.212045e+02
3.020000e-06	-5.875158e-06	-8.034212e-09	-4.071828e+01	-5.253524e+02
3.030000e-06	-5.941162e-06	-8.090688e-09	-4.117573e+01	-5.293262e+02
3.040000e-06	-6.005152e-06	-8.146028e-09	-4.161922e+01	-5.331202e+02
3.050000e-06	-6.066937e-06	-8.201662e-09	-4.204742e+01	-5.367302e+02
3.060000e-06	-6.126494e-06	-8.255711e-09	-4.246019e+01	-5.401541e+02
3.070000e-06	-6.183995e-06	-8.307431e-09	-4.285870e+01	-5.433910e+02
3.080000e-06	-6.239373e-06	-8.356520e-09	-4.324251e+01	-5.464408e+02
3.090000e-06	-6.292268e-06	-8.402343e-09	-4.360910e+01	-5.493039e+02
3.100000e-06	-6.342497e-06	-8.444482e-09	-4.395722e+01	-5.519809e+02
3.110000e-06	-6.390167e-06	-8.483070e-09	-4.428760e+01	-5.544736e+02
3.120000e-06	-6.435610e-06	-8.517513e-09	-4.460254e+01	-5.567851e+02
3.130000e-06	-6.478996e-06	-8.548649e-09	-4.490323e+01	-5.589209e+02
3.140000e-06	-6.520254e-06	-8.577139e-09	-4.518917e+01	-5.608884e+02
3.150000e-06	-6.559282e-06	-8.604693e-09	-4.545966e+01	-5.626972e+02
3.160000e-06	-6.595956e-06	-8.631688e-09	-4.571383e+01	-5.643578e+02
3.170000e-06	-6.630301e-06	-8.657492e-09	-4.595187e+01	-5.658800e+02
3.180000e-06	-6.662295e-06	-8.679887e-09	-4.617360e+01	-5.672716e+02
3.190000e-06	-6.691820e-06	-8.699514e-09	-4.637823e+01	-5.685375e+02
3.200000e-06	-6.718939e-06	-8.717482e-09	-4.656618e+01	-5.696793e+02
3.210000e-06	-6.743721e-06	-8.733861e-09	-4.673793e+01	-5.706958e+02
3.220000e-06	-6.766008e-06	-8.747303e-09	-4.689239e+01	-5.715847e+02
3.230000e-06	-6.785866e-06	-8.758408e-09	-4.703002e+01	-5.723443e+02
3.240000e-06	-6.803445e-06	-8.767578e-09	-4.715186e+01	-5.729754e+02
3.250000e-06	-6.818481e-06	-8.775025e-09	-4.725606e+01	-5.734822e+02
3.260000e-06	-6.830702e-06	-8.780918e-09	-4.734077e+01	-5.738727e+02
3.270000e-06	-6.840410e-06	-8.786459e-09	-4.740805e+01	-5.741575e+02
3.280000e-06	-6.847670e-06	-8.789478e-09	-4.745836e+01	-5.743484e+02
3.290000e-06	-6.852394e-06	-8.789600e-09	-4.749110e+01	-5.744558e+02
3.300000e-06	-6.854832e-06	-8.787316e-09	-4.750799e+01	-5.744861e+02
3.310000e-06	-6.854918e-06	-8.786832e-09	-4.750860e+01	-5.744407e+02
