# Temperatura_=_52.41
# Concentracion g/m^3_=_15000.0
# C_Vs_to_Am_M_A/Vsm_=_65563218390.804596
# pendiente_HvsI_1/m_=_3716.3
# ordenada_HvsI_A/m_=_1297.0
# frecuencia_Hz_=_301894.4569832526

Tiempo_(s)	Campo_(V.s)	Magnetizacion_(V.s)	Campo_(kA/m)	Magnetizacion_(A/m)
0.000000e+00	-6.838650e-06	-8.950410e-09	-4.750118e+01	-5.848902e+02
1.000000e-08	-6.835809e-06	-8.947268e-09	-4.748145e+01	-5.846894e+02
2.000000e-08	-6.830744e-06	-8.943806e-09	-4.744627e+01	-5.843634e+02
3.000000e-08	-6.823597e-06	-8.936913e-09	-4.739663e+01	-5.839154e+02
4.000000e-08	-6.814079e-06	-8.926446e-09	-4.733052e+01	-5.833524e+02
5.000000e-08	-6.802038e-06	-8.916550e-09	-4.724688e+01	-5.826854e+02
6.000000e-08	-6.787503e-06	-8.905299e-09	-4.714592e+01	-5.819281e+02
7.000000e-08	-6.770632e-06	-8.893413e-09	-4.702873e+01	-5.810956e+02
8.000000e-08	-6.751646e-06	-8.879430e-09	-4.689686e+01	-5.802030e+02
9.000000e-08	-6.730314e-06	-8.867739e-09	-4.674869e+01	-5.792637e+02
1.000000e-07	-6.706176e-06	-8.862554e-09	-4.658103e+01	-5.782877e+02
1.100000e-07	-6.679252e-06	-8.843444e-09	-4.639401e+01	-5.772805e+02
1.200000e-07	-6.650024e-06	-8.812480e-09	-4.619099e+01	-5.762423e+02
1.300000e-07	-6.618837e-06	-8.784195e-09	-4.597437e+01	-5.751678e+02
1.400000e-07	-6.585705e-06	-8.762562e-09	-4.574423e+01	-5.740465e+02
1.500000e-07	-6.550558e-06	-8.723580e-09	-4.550010e+01	-5.728638e+02
1.600000e-07	-6.513391e-06	-8.725818e-09	-4.524194e+01	-5.716022e+02
1.700000e-07	-6.474240e-06	-8.703737e-09	-4.497000e+01	-5.702428e+02
1.800000e-07	-6.432746e-06	-8.645891e-09	-4.468178e+01	-5.687671e+02
1.900000e-07	-6.388677e-06	-8.644817e-09	-4.437568e+01	-5.671587e+02
2.000000e-07	-6.342342e-06	-8.627664e-09	-4.405384e+01	-5.654043e+02
2.100000e-07	-6.293549e-06	-8.641620e-09	-4.371492e+01	-5.634949e+02
2.200000e-07	-6.242010e-06	-8.638188e-09	-4.335694e+01	-5.614261e+02
2.300000e-07	-6.187941e-06	-8.554429e-09	-4.298137e+01	-5.591982e+02
2.400000e-07	-6.131495e-06	-8.474774e-09	-4.258930e+01	-5.568153e+02
2.500000e-07	-6.072712e-06	-8.422138e-09	-4.218099e+01	-5.542849e+02
2.600000e-07	-6.011748e-06	-8.390462e-09	-4.175753e+01	-5.516166e+02
2.700000e-07	-5.948663e-06	-8.362450e-09	-4.131935e+01	-5.488206e+02
2.800000e-07	-5.883361e-06	-8.329699e-09	-4.086576e+01	-5.459070e+02
2.900000e-07	-5.815827e-06	-8.263270e-09	-4.039667e+01	-5.428842e+02
3.000000e-07	-5.746133e-06	-8.186797e-09	-3.991257e+01	-5.397585e+02
3.100000e-07	-5.674354e-06	-8.175038e-09	-3.941400e+01	-5.365335e+02
3.200000e-07	-5.600411e-06	-8.154382e-09	-3.890039e+01	-5.332100e+02
3.300000e-07	-5.524134e-06	-8.092027e-09	-3.837058e+01	-5.297858e+02
3.400000e-07	-5.445567e-06	-8.023795e-09	-3.782485e+01	-5.262568e+02
3.500000e-07	-5.364900e-06	-7.961473e-09	-3.726454e+01	-5.226171e+02
3.600000e-07	-5.282351e-06	-7.913259e-09	-3.669115e+01	-5.188597e+02
3.700000e-07	-5.198057e-06	-7.862088e-09	-3.610565e+01	-5.149776e+02
3.800000e-07	-5.112091e-06	-7.804124e-09	-3.550853e+01	-5.109644e+02
3.900000e-07	-5.024411e-06	-7.722391e-09	-3.489950e+01	-5.068143e+02
4.000000e-07	-4.934927e-06	-7.637128e-09	-3.427795e+01	-5.025234e+02
4.100000e-07	-4.843623e-06	-7.575935e-09	-3.364375e+01	-4.980889e+02
4.200000e-07	-4.750672e-06	-7.530906e-09	-3.299812e+01	-4.935099e+02
4.300000e-07	-4.656078e-06	-7.465318e-09	-3.234107e+01	-4.887866e+02
4.400000e-07	-4.559813e-06	-7.371361e-09	-3.167241e+01	-4.839201e+02
4.500000e-07	-4.461812e-06	-7.279328e-09	-3.099170e+01	-4.789121e+02
4.600000e-07	-4.362078e-06	-7.198130e-09	-3.029895e+01	-4.737641e+02
4.700000e-07	-4.260981e-06	-7.127626e-09	-2.959673e+01	-4.684771e+02
4.800000e-07	-4.158461e-06	-7.062394e-09	-2.888462e+01	-4.630511e+02
4.900000e-07	-4.054402e-06	-6.982413e-09	-2.816183e+01	-4.574847e+02
5.000000e-07	-3.948870e-06	-6.878110e-09	-2.742881e+01	-4.517751e+02
5.100000e-07	-3.841764e-06	-6.780420e-09	-2.668485e+01	-4.459179e+02
5.200000e-07	-3.733267e-06	-6.699181e-09	-2.593123e+01	-4.399076e+02
5.300000e-07	-3.623571e-06	-6.611376e-09	-2.516929e+01	-4.337374e+02
5.400000e-07	-3.512524e-06	-6.503886e-09	-2.439795e+01	-4.274002e+02
5.500000e-07	-3.400068e-06	-6.391028e-09	-2.361683e+01	-4.208890e+02
5.600000e-07	-3.286215e-06	-6.283729e-09	-2.282602e+01	-4.141969e+02
5.700000e-07	-3.170929e-06	-6.183634e-09	-2.202524e+01	-4.073185e+02
5.800000e-07	-3.054297e-06	-6.089701e-09	-2.121511e+01	-4.002494e+02
5.900000e-07	-2.936556e-06	-5.987064e-09	-2.039729e+01	-3.929867e+02
6.000000e-07	-2.817776e-06	-5.866411e-09	-1.957224e+01	-3.855285e+02
6.100000e-07	-2.697895e-06	-5.736216e-09	-1.873955e+01	-3.778743e+02
6.200000e-07	-2.577106e-06	-5.616369e-09	-1.790055e+01	-3.700235e+02
6.300000e-07	-2.455456e-06	-5.500816e-09	-1.705557e+01	-3.619754e+02
6.400000e-07	-2.332703e-06	-5.372860e-09	-1.620293e+01	-3.537281e+02
6.500000e-07	-2.208915e-06	-5.235202e-09	-1.534310e+01	-3.452777e+02
6.600000e-07	-2.084430e-06	-5.096807e-09	-1.447843e+01	-3.366181e+02
6.700000e-07	-1.959411e-06	-4.962505e-09	-1.361005e+01	-3.277403e+02
6.800000e-07	-1.833780e-06	-4.830198e-09	-1.273742e+01	-3.186329e+02
6.900000e-07	-1.707496e-06	-4.695677e-09	-1.186025e+01	-3.092818e+02
7.000000e-07	-1.580578e-06	-4.549572e-09	-1.097868e+01	-2.996717e+02
7.100000e-07	-1.453103e-06	-4.391555e-09	-1.009324e+01	-2.897868e+02
7.200000e-07	-1.325164e-06	-4.231929e-09	-9.204576e+00	-2.796117e+02
7.300000e-07	-1.196764e-06	-4.073718e-09	-8.312707e+00	-2.691331e+02
7.400000e-07	-1.067971e-06	-3.910861e-09	-7.418116e+00	-2.583402e+02
7.500000e-07	-9.388778e-07	-3.738645e-09	-6.521435e+00	-2.472255e+02
7.600000e-07	-8.094766e-07	-3.558912e-09	-5.622615e+00	-2.357847e+02
7.700000e-07	-6.797731e-07	-3.376677e-09	-4.721696e+00	-2.240161e+02
7.800000e-07	-5.498893e-07	-3.195274e-09	-3.819525e+00	-2.119196e+02
7.900000e-07	-4.198417e-07	-3.013620e-09	-2.916216e+00	-1.994944e+02
8.000000e-07	-2.895708e-07	-2.825332e-09	-2.011355e+00	-1.867377e+02
8.100000e-07	-1.591310e-07	-2.624919e-09	-1.105322e+00	-1.736421e+02
8.200000e-07	-2.863893e-08	-2.415828e-09	-1.989257e-01	-1.601938e+02
8.300000e-07	1.018871e-07	-2.204038e-09	7.077068e-01	-1.463715e+02
8.400000e-07	2.323984e-07	-1.988118e-09	1.614237e+00	-1.321459e+02
8.500000e-07	3.628174e-07	-1.763271e-09	2.520126e+00	-1.174804e+02
8.600000e-07	4.931312e-07	-1.530110e-09	3.425284e+00	-1.023329e+02
8.700000e-07	6.232966e-07	-1.288779e-09	4.329411e+00	-8.665953e+01
8.800000e-07	7.532548e-07	-1.041585e-09	5.232100e+00	-7.041812e+01
8.900000e-07	8.829933e-07	-7.897679e-10	6.133262e+00	-5.357371e+01
9.000000e-07	1.012470e-06	-5.304389e-10	7.032605e+00	-3.610356e+01
9.100000e-07	1.141631e-06	-2.587828e-10	7.929759e+00	-1.800228e+01
9.200000e-07	1.270444e-06	2.609237e-11	8.824489e+00	7.139303e-01
9.300000e-07	1.398788e-06	3.194859e-10	9.715967e+00	2.000420e+01
9.400000e-07	1.526622e-06	6.197472e-10	1.060390e+01	3.980165e+01
9.500000e-07	1.653870e-06	9.276468e-10	1.148776e+01	6.001400e+01
9.600000e-07	1.780491e-06	1.242857e-09	1.236727e+01	8.052615e+01
9.700000e-07	1.906463e-06	1.562794e-09	1.324227e+01	1.012047e+02
9.800000e-07	2.031754e-06	1.882535e-09	1.411254e+01	1.219042e+02
9.900000e-07	2.156436e-06	2.200369e-09	1.497858e+01	1.424741e+02
1.000000e-06	2.280408e-06	2.511519e-09	1.583969e+01	1.627666e+02
1.010000e-06	2.403435e-06	2.812903e-09	1.669423e+01	1.826444e+02
1.020000e-06	2.525475e-06	3.105465e-09	1.754192e+01	2.019871e+02
1.030000e-06	2.646601e-06	3.386739e-09	1.838326e+01	2.206965e+02
1.040000e-06	2.766738e-06	3.656254e-09	1.921773e+01	2.387003e+02
1.050000e-06	2.885841e-06	3.914169e-09	2.004502e+01	2.559531e+02
1.060000e-06	3.003876e-06	4.160533e-09	2.086489e+01	2.724361e+02
1.070000e-06	3.120862e-06	4.396804e-09	2.167747e+01	2.881539e+02
1.080000e-06	3.236671e-06	4.623461e-09	2.248188e+01	3.031308e+02
1.090000e-06	3.351116e-06	4.839244e-09	2.327682e+01	3.174051e+02
1.100000e-06	3.464233e-06	5.044786e-09	2.406252e+01	3.310235e+02
1.110000e-06	3.576016e-06	5.244177e-09	2.483897e+01	3.440354e+02
1.120000e-06	3.686516e-06	5.436133e-09	2.560650e+01	3.564884e+02
1.130000e-06	3.795833e-06	5.619190e-09	2.636581e+01	3.684240e+02
1.140000e-06	3.903977e-06	5.794354e-09	2.711698e+01	3.798753e+02
1.150000e-06	4.010780e-06	5.961275e-09	2.785883e+01	3.908662e+02
1.160000e-06	4.116073e-06	6.120508e-09	2.859020e+01	4.014120e+02
1.170000e-06	4.219845e-06	6.272746e-09	2.931099e+01	4.115206e+02
1.180000e-06	4.322135e-06	6.418195e-09	3.002150e+01	4.211952e+02
1.190000e-06	4.422996e-06	6.558334e-09	3.072208e+01	4.304370e+02
1.200000e-06	4.522299e-06	6.693334e-09	3.141184e+01	4.392481e+02
1.210000e-06	4.619826e-06	6.820948e-09	3.208926e+01	4.476333e+02
1.220000e-06	4.715559e-06	6.942072e-09	3.275422e+01	4.556024e+02
1.230000e-06	4.809598e-06	7.058517e-09	3.340741e+01	4.631704e+02
1.240000e-06	4.902083e-06	7.171052e-09	3.404981e+01	4.703575e+02
1.250000e-06	4.992935e-06	7.277149e-09	3.468087e+01	4.771884e+02
1.260000e-06	5.081919e-06	7.375227e-09	3.529895e+01	4.836903e+02
1.270000e-06	5.168973e-06	7.467045e-09	3.590363e+01	4.898915e+02
1.280000e-06	5.254206e-06	7.555998e-09	3.649565e+01	4.958190e+02
1.290000e-06	5.337633e-06	7.641942e-09	3.707514e+01	5.014974e+02
1.300000e-06	5.419114e-06	7.722812e-09	3.764111e+01	5.069471e+02
1.310000e-06	5.498573e-06	7.801453e-09	3.819303e+01	5.121839e+02
1.320000e-06	5.576084e-06	7.876948e-09	3.873141e+01	5.172189e+02
1.330000e-06	5.651524e-06	7.949225e-09	3.925543e+01	5.220589e+02
1.340000e-06	5.724700e-06	8.020800e-09	3.976370e+01	5.267075e+02
1.350000e-06	5.795744e-06	8.089690e-09	4.025717e+01	5.311660e+02
1.360000e-06	5.864756e-06	8.154254e-09	4.073653e+01	5.354345e+02
1.370000e-06	5.931644e-06	8.215049e-09	4.120113e+01	5.395133e+02
1.380000e-06	5.996350e-06	8.273004e-09	4.165058e+01	5.434033e+02
1.390000e-06	6.058993e-06	8.329823e-09	4.208570e+01	5.471065e+02
1.400000e-06	6.119692e-06	8.384396e-09	4.250731e+01	5.506262e+02
1.410000e-06	6.178311e-06	8.435756e-09	4.291448e+01	5.539662e+02
1.420000e-06	6.234669e-06	8.483698e-09	4.330594e+01	5.571307e+02
1.430000e-06	6.288768e-06	8.528013e-09	4.368172e+01	5.601235e+02
1.440000e-06	6.340423e-06	8.570770e-09	4.404051e+01	5.629474e+02
1.450000e-06	6.389446e-06	8.611371e-09	4.438102e+01	5.656044e+02
1.460000e-06	6.436083e-06	8.649429e-09	4.470496e+01	5.680947e+02
1.470000e-06	6.480597e-06	8.682639e-09	4.501416e+01	5.704181e+02
1.480000e-06	6.522811e-06	8.712876e-09	4.530737e+01	5.725735e+02
1.490000e-06	6.562530e-06	8.743719e-09	4.558326e+01	5.745602e+02
1.500000e-06	6.600007e-06	8.770762e-09	4.584357e+01	5.763789e+02
1.510000e-06	6.635357e-06	8.792836e-09	4.608912e+01	5.780315e+02
1.520000e-06	6.668312e-06	8.813452e-09	4.631802e+01	5.795225e+02
1.530000e-06	6.698830e-06	8.832652e-09	4.653000e+01	5.808587e+02
1.540000e-06	6.727110e-06	8.850848e-09	4.672643e+01	5.820489e+02
1.550000e-06	6.752951e-06	8.867148e-09	4.690592e+01	5.831036e+02
1.560000e-06	6.776184e-06	8.881625e-09	4.706730e+01	5.840337e+02
1.570000e-06	6.797125e-06	8.893771e-09	4.721276e+01	5.848499e+02
1.580000e-06	6.815802e-06	8.904762e-09	4.734248e+01	5.855613e+02
1.590000e-06	6.831907e-06	8.914803e-09	4.745435e+01	5.861745e+02
1.600000e-06	6.845427e-06	8.922898e-09	4.754826e+01	5.866930e+02
1.610000e-06	6.856274e-06	8.929254e-09	4.762360e+01	5.871168e+02
1.620000e-06	6.864442e-06	8.932958e-09	4.768034e+01	5.874429e+02
1.630000e-06	6.870234e-06	8.936586e-09	4.772057e+01	5.876660e+02
1.640000e-06	6.873664e-06	8.939874e-09	4.774439e+01	5.877792e+02
1.650000e-06	6.874579e-06	8.941215e-09	4.775075e+01	5.877758e+02
1.660000e-06	6.873099e-06	8.941037e-09	4.774047e+01	5.876502e+02
1.670000e-06	6.869504e-06	8.938704e-09	4.771550e+01	5.873995e+02
1.680000e-06	6.863623e-06	8.932451e-09	4.767465e+01	5.870244e+02
1.690000e-06	6.855365e-06	8.924562e-09	4.761729e+01	5.865296e+02
1.700000e-06	6.844938e-06	8.917395e-09	4.754486e+01	5.859237e+02
1.710000e-06	6.832228e-06	8.910068e-09	4.745658e+01	5.852188e+02
1.720000e-06	6.817072e-06	8.898571e-09	4.735131e+01	5.844295e+02
1.730000e-06	6.799747e-06	8.879168e-09	4.723097e+01	5.835711e+02
1.740000e-06	6.780229e-06	8.860270e-09	4.709540e+01	5.826581e+02
1.750000e-06	6.757659e-06	8.837470e-09	4.693862e+01	5.817029e+02
1.760000e-06	6.731782e-06	8.822981e-09	4.675889e+01	5.807136e+02
1.770000e-06	6.703368e-06	8.818447e-09	4.656152e+01	5.796939e+02
1.780000e-06	6.672878e-06	8.799975e-09	4.634973e+01	5.786418e+02
1.790000e-06	6.640746e-06	8.795017e-09	4.612655e+01	5.775498e+02
1.800000e-06	6.607159e-06	8.801280e-09	4.589325e+01	5.764058e+02
1.810000e-06	6.571244e-06	8.750223e-09	4.564379e+01	5.751937e+02
1.820000e-06	6.532772e-06	8.755822e-09	4.537656e+01	5.738953e+02
1.830000e-06	6.492208e-06	8.757987e-09	4.509480e+01	5.724918e+02
1.840000e-06	6.449397e-06	8.708148e-09	4.479744e+01	5.709652e+02
1.850000e-06	6.404438e-06	8.681733e-09	4.448516e+01	5.693001e+02
1.860000e-06	6.357187e-06	8.606493e-09	4.415695e+01	5.674851e+02
1.870000e-06	6.307516e-06	8.566860e-09	4.381193e+01	5.655128e+02
1.880000e-06	6.255571e-06	8.562685e-09	4.345113e+01	5.633806e+02
1.890000e-06	6.200875e-06	8.577535e-09	4.307121e+01	5.610905e+02
1.900000e-06	6.143672e-06	8.575862e-09	4.267388e+01	5.586481e+02
1.910000e-06	6.084259e-06	8.501297e-09	4.226120e+01	5.560617e+02
1.920000e-06	6.022517e-06	8.427639e-09	4.183233e+01	5.533414e+02
1.930000e-06	5.958591e-06	8.367390e-09	4.138831e+01	5.504975e+02
1.940000e-06	5.892471e-06	8.359227e-09	4.092904e+01	5.475395e+02
1.950000e-06	5.824268e-06	8.337899e-09	4.045530e+01	5.444750e+02
1.960000e-06	5.753755e-06	8.265096e-09	3.996552e+01	5.413095e+02
1.970000e-06	5.680913e-06	8.214810e-09	3.945956e+01	5.380453e+02
1.980000e-06	5.606036e-06	8.144817e-09	3.893947e+01	5.346820e+02
1.990000e-06	5.528950e-06	8.102513e-09	3.840402e+01	5.312167e+02
2.000000e-06	5.449655e-06	8.061695e-09	3.785325e+01	5.276443e+02
2.010000e-06	5.368368e-06	8.001990e-09	3.728863e+01	5.239586e+02
2.020000e-06	5.285334e-06	7.933073e-09	3.671187e+01	5.201525e+02
2.030000e-06	5.200509e-06	7.857792e-09	3.612268e+01	5.162190e+02
2.040000e-06	5.113618e-06	7.815054e-09	3.551913e+01	5.121520e+02
2.050000e-06	5.024817e-06	7.758083e-09	3.490232e+01	5.079464e+02
2.060000e-06	4.934486e-06	7.696349e-09	3.427488e+01	5.035987e+02
2.070000e-06	4.842547e-06	7.616617e-09	3.363628e+01	4.991070e+02
2.080000e-06	4.748838e-06	7.535178e-09	3.298538e+01	4.944706e+02
2.090000e-06	4.653335e-06	7.467908e-09	3.232201e+01	4.896902e+02
2.100000e-06	4.556178e-06	7.409431e-09	3.164716e+01	4.847674e+02
2.110000e-06	4.457571e-06	7.353924e-09	3.096224e+01	4.797036e+02
2.120000e-06	4.357479e-06	7.266116e-09	3.026700e+01	4.745003e+02
2.130000e-06	4.255914e-06	7.159347e-09	2.956153e+01	4.691582e+02
2.140000e-06	4.152694e-06	7.059694e-09	2.884457e+01	4.636767e+02
2.150000e-06	4.047810e-06	6.985260e-09	2.811605e+01	4.580539e+02
2.160000e-06	3.941575e-06	6.914994e-09	2.737813e+01	4.522863e+02
2.170000e-06	3.833942e-06	6.837003e-09	2.663052e+01	4.463692e+02
2.180000e-06	3.725004e-06	6.738058e-09	2.587383e+01	4.402962e+02
2.190000e-06	3.614718e-06	6.632511e-09	2.510779e+01	4.340607e+02
2.200000e-06	3.502944e-06	6.538262e-09	2.433141e+01	4.276554e+02
2.210000e-06	3.389818e-06	6.449224e-09	2.354564e+01	4.210733e+02
2.220000e-06	3.275415e-06	6.348380e-09	2.275099e+01	4.143080e+02
2.230000e-06	3.159636e-06	6.226906e-09	2.194680e+01	4.073546e+02
2.240000e-06	3.042553e-06	6.106542e-09	2.113354e+01	4.002091e+02
2.250000e-06	2.924354e-06	5.994477e-09	2.031253e+01	3.928691e+02
2.260000e-06	2.804925e-06	5.890361e-09	1.948298e+01	3.853334e+02
2.270000e-06	2.684354e-06	5.784704e-09	1.864549e+01	3.776014e+02
2.280000e-06	2.562876e-06	5.670433e-09	1.780171e+01	3.696726e+02
2.290000e-06	2.440538e-06	5.541845e-09	1.695195e+01	3.615460e+02
2.300000e-06	2.317331e-06	5.410924e-09	1.609616e+01	3.532189e+02
2.310000e-06	2.193384e-06	5.289136e-09	1.523522e+01	3.446866e+02
2.320000e-06	2.068700e-06	5.165807e-09	1.436917e+01	3.359419e+02
2.330000e-06	1.943308e-06	5.023789e-09	1.349820e+01	3.269748e+02
2.340000e-06	1.817335e-06	4.866279e-09	1.262319e+01	3.177728e+02
2.350000e-06	1.690721e-06	4.710827e-09	1.174373e+01	3.083213e+02
2.360000e-06	1.563397e-06	4.565511e-09	1.085934e+01	2.986045e+02
2.370000e-06	1.435398e-06	4.425895e-09	9.970261e+00	2.886068e+02
2.380000e-06	1.306894e-06	4.277878e-09	9.077672e+00	2.783134e+02
2.390000e-06	1.178002e-06	4.114853e-09	8.182390e+00	2.677118e+02
2.400000e-06	1.048804e-06	3.941373e-09	7.284978e+00	2.567926e+02
2.410000e-06	9.193171e-07	3.769697e-09	6.385567e+00	2.455496e+02
2.420000e-06	7.895639e-07	3.599580e-09	5.484302e+00	2.339795e+02
2.430000e-06	6.596440e-07	3.421522e-09	4.581880e+00	2.220815e+02
2.440000e-06	5.295703e-07	3.231479e-09	3.678389e+00	2.098553e+02
2.450000e-06	3.992792e-07	3.031918e-09	2.773389e+00	1.972999e+02
2.460000e-06	2.688011e-07	2.832063e-09	1.867089e+00	1.844107e+02
2.470000e-06	1.382082e-07	2.634107e-09	9.599928e-01	1.711779e+02
2.480000e-06	7.536806e-09	2.433225e-09	5.235057e-02	1.575851e+02
2.490000e-06	-1.230529e-07	2.223313e-09	-8.547241e-01	1.436078e+02
2.500000e-06	-2.536044e-07	1.997925e-09	-1.761534e+00	1.292134e+02
2.510000e-06	-3.841931e-07	1.761672e-09	-2.668601e+00	1.143632e+02
2.520000e-06	-5.147002e-07	1.524111e-09	-3.575102e+00	9.901378e+01
2.530000e-06	-6.450248e-07	1.284476e-09	-4.480335e+00	8.312138e+01
2.540000e-06	-7.751042e-07	1.036072e-09	-5.383865e+00	6.664610e+01
2.550000e-06	-9.049619e-07	7.717675e-10	-6.285855e+00	4.955713e+01
2.560000e-06	-1.034533e-06	4.970644e-10	-7.185853e+00	3.183798e+01
2.570000e-06	-1.163787e-06	2.199860e-10	-8.083652e+00	1.349128e+01
2.580000e-06	-1.292737e-06	-6.252101e-11	-8.979339e+00	-5.457351e+00
2.590000e-06	-1.421286e-06	-3.555153e-10	-9.872235e+00	-2.495688e+01
2.600000e-06	-1.549291e-06	-6.611183e-10	-1.076136e+01	-4.493027e+01
2.610000e-06	-1.676601e-06	-9.774388e-10	-1.164565e+01	-6.527585e+01
2.620000e-06	-1.803162e-06	-1.297630e-09	-1.252474e+01	-8.587070e+01
2.630000e-06	-1.929043e-06	-1.613927e-09	-1.339911e+01	-1.065759e+02
2.640000e-06	-2.054228e-06	-1.927084e-09	-1.426864e+01	-1.272430e+02
2.650000e-06	-2.178597e-06	-2.238850e-09	-1.513251e+01	-1.477217e+02
2.660000e-06	-2.302069e-06	-2.548080e-09	-1.599014e+01	-1.678675e+02
2.670000e-06	-2.424625e-06	-2.849016e-09	-1.684142e+01	-1.875489e+02
2.680000e-06	-2.546329e-06	-3.136832e-09	-1.768678e+01	-2.066537e+02
2.690000e-06	-2.667180e-06	-3.414593e-09	-1.852621e+01	-2.250936e+02
2.700000e-06	-2.786988e-06	-3.684946e-09	-1.935839e+01	-2.428069e+02
2.710000e-06	-2.905619e-06	-3.949123e-09	-2.018240e+01	-2.597587e+02
2.720000e-06	-3.023106e-06	-4.202507e-09	-2.099846e+01	-2.759400e+02
2.730000e-06	-3.139434e-06	-4.440180e-09	-2.180647e+01	-2.913635e+02
2.740000e-06	-3.254506e-06	-4.664179e-09	-2.260576e+01	-3.060598e+02
2.750000e-06	-3.368182e-06	-4.879282e-09	-2.339535e+01	-3.200712e+02
2.760000e-06	-3.480501e-06	-5.088256e-09	-2.417552e+01	-3.334460e+02
2.770000e-06	-3.591457e-06	-5.287107e-09	-2.494622e+01	-3.462336e+02
2.780000e-06	-3.701139e-06	-5.475848e-09	-2.570807e+01	-3.584793e+02
2.790000e-06	-3.809720e-06	-5.655843e-09	-2.646228e+01	-3.702218e+02
2.800000e-06	-3.917066e-06	-5.829171e-09	-2.720790e+01	-3.814904e+02
2.810000e-06	-4.023109e-06	-5.996409e-09	-2.794447e+01	-3.923057e+02
2.820000e-06	-4.127799e-06	-6.154912e-09	-2.867165e+01	-4.026797e+02
2.830000e-06	-4.230929e-06	-6.304612e-09	-2.938798e+01	-4.126182e+02
2.840000e-06	-4.332387e-06	-6.444677e-09	-3.009271e+01	-4.221233e+02
2.850000e-06	-4.432233e-06	-6.577758e-09	-3.078624e+01	-4.311961e+02
2.860000e-06	-4.530586e-06	-6.707725e-09	-3.146940e+01	-4.398397e+02
2.870000e-06	-4.627486e-06	-6.835605e-09	-3.214247e+01	-4.480606e+02
2.880000e-06	-4.722701e-06	-6.957955e-09	-3.280383e+01	-4.558706e+02
2.890000e-06	-4.816135e-06	-7.073840e-09	-3.345282e+01	-4.632868e+02
2.900000e-06	-4.907825e-06	-7.184928e-09	-3.408970e+01	-4.703315e+02
2.910000e-06	-4.997748e-06	-7.291034e-09	-3.471430e+01	-4.770303e+02
2.920000e-06	-5.085966e-06	-7.391789e-09	-3.532707e+01	-4.834113e+02
2.930000e-06	-5.172270e-06	-7.485352e-09	-3.592653e+01	-4.895025e+02
2.940000e-06	-5.256578e-06	-7.573439e-09	-3.651213e+01	-4.953300e+02
2.950000e-06	-5.339114e-06	-7.659672e-09	-3.708543e+01	-5.009169e+02
2.960000e-06	-5.419865e-06	-7.740923e-09	-3.764632e+01	-5.062820e+02
2.970000e-06	-5.498545e-06	-7.817674e-09	-3.819283e+01	-5.114390e+02
2.980000e-06	-5.574970e-06	-7.891746e-09	-3.872368e+01	-5.163974e+02
2.990000e-06	-5.649265e-06	-7.963723e-09	-3.923973e+01	-5.211626e+02
3.000000e-06	-5.721523e-06	-8.034704e-09	-3.974164e+01	-5.257370e+02
3.010000e-06	-5.791618e-06	-8.103968e-09	-4.022851e+01	-5.301214e+02
3.020000e-06	-5.859550e-06	-8.170785e-09	-4.070037e+01	-5.343159e+02
3.030000e-06	-5.925503e-06	-8.232231e-09	-4.115848e+01	-5.383210e+02
3.040000e-06	-5.989479e-06	-8.291029e-09	-4.160285e+01	-5.421379e+02
3.050000e-06	-6.051225e-06	-8.348125e-09	-4.203174e+01	-5.457692e+02
3.060000e-06	-6.110709e-06	-8.402489e-09	-4.244492e+01	-5.492184e+02
3.070000e-06	-6.168134e-06	-8.453235e-09	-4.284379e+01	-5.524895e+02
3.080000e-06	-6.223398e-06	-8.499646e-09	-4.322765e+01	-5.555867e+02
3.090000e-06	-6.276194e-06	-8.544775e-09	-4.359438e+01	-5.585135e+02
3.100000e-06	-6.326414e-06	-8.588625e-09	-4.394320e+01	-5.612723e+02
3.110000e-06	-6.374135e-06	-8.629621e-09	-4.427467e+01	-5.638644e+02
3.120000e-06	-6.419615e-06	-8.667594e-09	-4.459058e+01	-5.662898e+02
3.130000e-06	-6.463026e-06	-8.701981e-09	-4.489211e+01	-5.685479e+02
3.140000e-06	-6.504300e-06	-8.732668e-09	-4.517880e+01	-5.706376e+02
3.150000e-06	-6.543327e-06	-8.761809e-09	-4.544988e+01	-5.725588e+02
3.160000e-06	-6.579960e-06	-8.788773e-09	-4.570433e+01	-5.743124e+02
3.170000e-06	-6.614257e-06	-8.814592e-09	-4.594256e+01	-5.759015e+02
3.180000e-06	-6.646304e-06	-8.838750e-09	-4.616515e+01	-5.773314e+02
3.190000e-06	-6.675895e-06	-8.859231e-09	-4.637069e+01	-5.786096e+02
3.200000e-06	-6.703014e-06	-8.876980e-09	-4.655906e+01	-5.797459e+02
3.210000e-06	-6.727852e-06	-8.894217e-09	-4.673159e+01	-5.807509e+02
3.220000e-06	-6.750258e-06	-8.911378e-09	-4.688722e+01	-5.816357e+02
3.230000e-06	-6.770241e-06	-8.925103e-09	-4.702602e+01	-5.824104e+02
3.240000e-06	-6.787915e-06	-8.933935e-09	-4.714878e+01	-5.830831e+02
3.250000e-06	-6.802998e-06	-8.940997e-09	-4.725355e+01	-5.836595e+02
3.260000e-06	-6.815296e-06	-8.946595e-09	-4.733897e+01	-5.841415e+02
3.270000e-06	-6.825052e-06	-8.949523e-09	-4.740673e+01	-5.845280e+02
3.280000e-06	-6.832412e-06	-8.951662e-09	-4.745786e+01	-5.848150e+02
3.290000e-06	-6.837274e-06	-8.954362e-09	-4.749163e+01	-5.849964e+02
3.300000e-06	-6.839757e-06	-8.954098e-09	-4.750887e+01	-5.850652e+02
3.310000e-06	-6.839950e-06	-8.951477e-09	-4.751022e+01	-5.850149e+02
