# Temperatura_=_27.09
# Concentracion g/m^3_=_15000.0
# C_Vs_to_Am_M_A/Vsm_=_65563218390.804596
# pendiente_HvsI_1/m_=_3716.3
# ordenada_HvsI_A/m_=_1297.0
# frecuencia_Hz_=_301598.3884202769

Tiempo_(s)	Campo_(V.s)	Magnetizacion_(V.s)	Campo_(kA/m)	Magnetizacion_(A/m)
0.000000e+00	-5.383808e-06	-5.639508e-09	-3.834063e+01	-3.687573e+02
1.000000e-08	-5.381435e-06	-5.639614e-09	-3.832374e+01	-3.686545e+02
2.000000e-08	-5.377222e-06	-5.634590e-09	-3.829373e+01	-3.684778e+02
3.000000e-08	-5.371360e-06	-5.629535e-09	-3.825199e+01	-3.682244e+02
4.000000e-08	-5.363970e-06	-5.623813e-09	-3.819936e+01	-3.678916e+02
5.000000e-08	-5.354838e-06	-5.614116e-09	-3.813432e+01	-3.674777e+02
6.000000e-08	-5.343578e-06	-5.602683e-09	-3.805414e+01	-3.669825e+02
7.000000e-08	-5.330357e-06	-5.584777e-09	-3.795998e+01	-3.664078e+02
8.000000e-08	-5.315153e-06	-5.573820e-09	-3.785171e+01	-3.657575e+02
9.000000e-08	-5.297749e-06	-5.627174e-09	-3.772777e+01	-3.650377e+02
1.000000e-07	-5.278245e-06	-5.633025e-09	-3.758887e+01	-3.642560e+02
1.100000e-07	-5.256786e-06	-5.572708e-09	-3.743605e+01	-3.634206e+02
1.200000e-07	-5.233570e-06	-5.547348e-09	-3.727072e+01	-3.625400e+02
1.300000e-07	-5.208806e-06	-5.443383e-09	-3.709436e+01	-3.616210e+02
1.400000e-07	-5.182468e-06	-5.421790e-09	-3.690680e+01	-3.606686e+02
1.500000e-07	-5.154511e-06	-5.597182e-09	-3.670770e+01	-3.596849e+02
1.600000e-07	-5.125034e-06	-5.478837e-09	-3.649778e+01	-3.586686e+02
1.700000e-07	-5.094067e-06	-5.423010e-09	-3.627726e+01	-3.576152e+02
1.800000e-07	-5.061114e-06	-5.515414e-09	-3.604258e+01	-3.565168e+02
1.900000e-07	-5.026159e-06	-5.348008e-09	-3.579365e+01	-3.553637e+02
2.000000e-07	-4.989743e-06	-5.396164e-09	-3.553432e+01	-3.541446e+02
2.100000e-07	-4.951650e-06	-5.464743e-09	-3.526303e+01	-3.528483e+02
2.200000e-07	-4.911745e-06	-5.305748e-09	-3.497886e+01	-3.514647e+02
2.300000e-07	-4.869954e-06	-5.308439e-09	-3.468124e+01	-3.499859e+02
2.400000e-07	-4.826174e-06	-5.326860e-09	-3.436946e+01	-3.484071e+02
2.500000e-07	-4.780560e-06	-5.291153e-09	-3.404462e+01	-3.467272e+02
2.600000e-07	-4.733070e-06	-5.295472e-09	-3.370642e+01	-3.449484e+02
2.700000e-07	-4.683574e-06	-5.185878e-09	-3.335394e+01	-3.430762e+02
2.800000e-07	-4.631965e-06	-5.159962e-09	-3.298641e+01	-3.411185e+02
2.900000e-07	-4.578403e-06	-5.180524e-09	-3.260496e+01	-3.390844e+02
3.000000e-07	-4.523218e-06	-5.149953e-09	-3.221197e+01	-3.369833e+02
3.100000e-07	-4.466460e-06	-5.125188e-09	-3.180777e+01	-3.348236e+02
3.200000e-07	-4.407884e-06	-5.087647e-09	-3.139062e+01	-3.326117e+02
3.300000e-07	-4.347635e-06	-5.026016e-09	-3.096156e+01	-3.303511e+02
3.400000e-07	-4.285928e-06	-4.951004e-09	-3.052211e+01	-3.280426e+02
3.500000e-07	-4.222854e-06	-4.968665e-09	-3.007293e+01	-3.256837e+02
3.600000e-07	-4.158383e-06	-4.967866e-09	-2.961381e+01	-3.232692e+02
3.700000e-07	-4.092273e-06	-4.886661e-09	-2.914301e+01	-3.207922e+02
3.800000e-07	-4.024546e-06	-4.841522e-09	-2.866069e+01	-3.182445e+02
3.900000e-07	-3.955378e-06	-4.804516e-09	-2.816811e+01	-3.156179e+02
4.000000e-07	-3.884942e-06	-4.761683e-09	-2.766650e+01	-3.129049e+02
4.100000e-07	-3.813279e-06	-4.715753e-09	-2.715616e+01	-3.100997e+02
4.200000e-07	-3.740296e-06	-4.674863e-09	-2.663641e+01	-3.071983e+02
4.300000e-07	-3.665743e-06	-4.640608e-09	-2.610548e+01	-3.041987e+02
4.400000e-07	-3.589575e-06	-4.584202e-09	-2.556306e+01	-3.011010e+02
4.500000e-07	-3.511960e-06	-4.542825e-09	-2.501032e+01	-2.979068e+02
4.600000e-07	-3.432923e-06	-4.508737e-09	-2.444746e+01	-2.946185e+02
4.700000e-07	-3.352614e-06	-4.453455e-09	-2.387554e+01	-2.912390e+02
4.800000e-07	-3.271098e-06	-4.376232e-09	-2.329503e+01	-2.877705e+02
4.900000e-07	-3.188399e-06	-4.310447e-09	-2.270609e+01	-2.842145e+02
5.000000e-07	-3.104671e-06	-4.277042e-09	-2.210983e+01	-2.805713e+02
5.100000e-07	-3.020034e-06	-4.227961e-09	-2.150709e+01	-2.768395e+02
5.200000e-07	-2.934449e-06	-4.164643e-09	-2.089759e+01	-2.730166e+02
5.300000e-07	-2.847866e-06	-4.092726e-09	-2.028099e+01	-2.690992e+02
5.400000e-07	-2.760336e-06	-4.017521e-09	-1.965765e+01	-2.650830e+02
5.500000e-07	-2.671834e-06	-3.957979e-09	-1.902739e+01	-2.609641e+02
5.600000e-07	-2.582202e-06	-3.906501e-09	-1.838908e+01	-2.567385e+02
5.700000e-07	-2.491437e-06	-3.849135e-09	-1.774270e+01	-2.524034e+02
5.800000e-07	-2.399766e-06	-3.775856e-09	-1.708987e+01	-2.479566e+02
5.900000e-07	-2.307268e-06	-3.701500e-09	-1.643114e+01	-2.433971e+02
6.000000e-07	-2.213928e-06	-3.628373e-09	-1.576642e+01	-2.387249e+02
6.100000e-07	-2.119849e-06	-3.555808e-09	-1.509644e+01	-2.339401e+02
6.200000e-07	-2.025122e-06	-3.480966e-09	-1.442185e+01	-2.290436e+02
6.300000e-07	-1.929737e-06	-3.402472e-09	-1.374257e+01	-2.240358e+02
6.400000e-07	-1.833608e-06	-3.322910e-09	-1.305799e+01	-2.189166e+02
6.500000e-07	-1.736672e-06	-3.243087e-09	-1.236766e+01	-2.136851e+02
6.600000e-07	-1.638994e-06	-3.167515e-09	-1.167205e+01	-2.083396e+02
6.700000e-07	-1.540656e-06	-3.083852e-09	-1.097174e+01	-2.028778e+02
6.800000e-07	-1.441734e-06	-2.989989e-09	-1.026727e+01	-1.972964e+02
6.900000e-07	-1.342357e-06	-2.896934e-09	-9.559560e+00	-1.915920e+02
7.000000e-07	-1.242562e-06	-2.810877e-09	-8.848873e+00	-1.857614e+02
7.100000e-07	-1.142353e-06	-2.726563e-09	-8.135233e+00	-1.798013e+02
7.200000e-07	-1.041817e-06	-2.636260e-09	-7.419267e+00	-1.737095e+02
7.300000e-07	-9.410392e-07	-2.540391e-09	-6.701584e+00	-1.674843e+02
7.400000e-07	-8.399880e-07	-2.440769e-09	-5.981951e+00	-1.611247e+02
7.500000e-07	-7.386382e-07	-2.338213e-09	-5.260191e+00	-1.546303e+02
7.600000e-07	-6.370293e-07	-2.237538e-09	-4.536586e+00	-1.480008e+02
7.700000e-07	-5.351734e-07	-2.138220e-09	-3.811222e+00	-1.412358e+02
7.800000e-07	-4.331380e-07	-2.032835e-09	-3.084580e+00	-1.343341e+02
7.900000e-07	-3.309218e-07	-1.922446e-09	-2.356650e+00	-1.272932e+02
8.000000e-07	-2.285444e-07	-1.810823e-09	-1.627572e+00	-1.201094e+02
8.100000e-07	-1.260937e-07	-1.701135e-09	-8.979730e-01	-1.127772e+02
8.200000e-07	-2.358537e-08	-1.590340e-09	-1.679626e-01	-1.052893e+02
8.300000e-07	7.903267e-08	-1.473252e-09	5.628289e-01	-9.763683e+01
8.400000e-07	1.816585e-07	-1.352268e-09	1.293676e+00	-8.980987e+01
8.500000e-07	2.841516e-07	-1.229892e-09	2.023577e+00	-8.179762e+01
8.600000e-07	3.865932e-07	-1.106260e-09	2.753112e+00	-7.358917e+01
8.700000e-07	4.889297e-07	-9.786401e-10	3.481899e+00	-6.517409e+01
8.800000e-07	5.910667e-07	-8.463061e-10	4.209265e+00	-5.654305e+01
8.900000e-07	6.930038e-07	-7.098658e-10	4.935207e+00	-4.768844e+01
9.000000e-07	7.946862e-07	-5.700448e-10	5.659335e+00	-3.860484e+01
9.100000e-07	8.960798e-07	-4.272472e-10	6.381407e+00	-2.928945e+01
9.200000e-07	9.971610e-07	-2.812155e-10	7.101253e+00	-1.974249e+01
9.300000e-07	1.097921e-06	-1.314819e-10	7.818811e+00	-9.967371e+00
9.400000e-07	1.198343e-06	2.228718e-11	8.533963e+00	2.900970e-02
9.500000e-07	1.298360e-06	1.773422e-10	9.246234e+00	1.023615e+01
9.600000e-07	1.397917e-06	3.328027e-10	9.955229e+00	2.063977e+01
9.700000e-07	1.496962e-06	4.909368e-10	1.066057e+01	3.122174e+01
9.800000e-07	1.595445e-06	6.545715e-10	1.136192e+01	4.195998e+01
9.900000e-07	1.693227e-06	8.233955e-10	1.205827e+01	5.282846e+01
1.000000e-06	1.790158e-06	9.944968e-10	1.274856e+01	6.379734e+01
1.010000e-06	1.886283e-06	1.166356e-09	1.343311e+01	7.483319e+01
1.020000e-06	1.981717e-06	1.337236e-09	1.411274e+01	8.589943e+01
1.030000e-06	2.076468e-06	1.505694e-09	1.478751e+01	9.695692e+01
1.040000e-06	2.170452e-06	1.672047e-09	1.545681e+01	1.079648e+02
1.050000e-06	2.263686e-06	1.836528e-09	1.612078e+01	1.188813e+02
1.060000e-06	2.356250e-06	1.999994e-09	1.677996e+01	1.296653e+02
1.070000e-06	2.448128e-06	2.160260e-09	1.743428e+01	1.402767e+02
1.080000e-06	2.539246e-06	2.318362e-09	1.808317e+01	1.506784e+02
1.090000e-06	2.629332e-06	2.474989e-09	1.872471e+01	1.608368e+02
1.100000e-06	2.718198e-06	2.628047e-09	1.935757e+01	1.707231e+02
1.110000e-06	2.805982e-06	2.775230e-09	1.998272e+01	1.803134e+02
1.120000e-06	2.892917e-06	2.917298e-09	2.060183e+01	1.895896e+02
1.130000e-06	2.978975e-06	3.053791e-09	2.121468e+01	1.985393e+02
1.140000e-06	3.064037e-06	3.182989e-09	2.182045e+01	2.071554e+02
1.150000e-06	3.148146e-06	3.304997e-09	2.241943e+01	2.154361e+02
1.160000e-06	3.231336e-06	3.422752e-09	2.301187e+01	2.233837e+02
1.170000e-06	3.313374e-06	3.537222e-09	2.359610e+01	2.310044e+02
1.180000e-06	3.394036e-06	3.648200e-09	2.417053e+01	2.383071e+02
1.190000e-06	3.473487e-06	3.754972e-09	2.473634e+01	2.453030e+02
1.200000e-06	3.551761e-06	3.857528e-09	2.529376e+01	2.520046e+02
1.210000e-06	3.628810e-06	3.956906e-09	2.584246e+01	2.584252e+02
1.220000e-06	3.704602e-06	4.050660e-09	2.638222e+01	2.645787e+02
1.230000e-06	3.778912e-06	4.139490e-09	2.691141e+01	2.704786e+02
1.240000e-06	3.851533e-06	4.222982e-09	2.742858e+01	2.761385e+02
1.250000e-06	3.922648e-06	4.303754e-09	2.793502e+01	2.815712e+02
1.260000e-06	3.992425e-06	4.382934e-09	2.843194e+01	2.867889e+02
1.270000e-06	4.060848e-06	4.460535e-09	2.891921e+01	2.918028e+02
1.280000e-06	4.127949e-06	4.535674e-09	2.939707e+01	2.966230e+02
1.290000e-06	4.193349e-06	4.607178e-09	2.986282e+01	3.012580e+02
1.300000e-06	4.257032e-06	4.674153e-09	3.031633e+01	3.057150e+02
1.310000e-06	4.319361e-06	4.738242e-09	3.076021e+01	3.099993e+02
1.320000e-06	4.380300e-06	4.801086e-09	3.119418e+01	3.141145e+02
1.330000e-06	4.439847e-06	4.860758e-09	3.161824e+01	3.180625e+02
1.340000e-06	4.497729e-06	4.916343e-09	3.203045e+01	3.218434e+02
1.350000e-06	4.553772e-06	4.968454e-09	3.242956e+01	3.254566e+02
1.360000e-06	4.608181e-06	5.017161e-09	3.281703e+01	3.289003e+02
1.370000e-06	4.660960e-06	5.063044e-09	3.319289e+01	3.321731e+02
1.380000e-06	4.711801e-06	5.107746e-09	3.355496e+01	3.352736e+02
1.390000e-06	4.760593e-06	5.152607e-09	3.390243e+01	3.382017e+02
1.400000e-06	4.807591e-06	5.196380e-09	3.423712e+01	3.409588e+02
1.410000e-06	4.852968e-06	5.235960e-09	3.456027e+01	3.435479e+02
1.420000e-06	4.896794e-06	5.271120e-09	3.487238e+01	3.459739e+02
1.430000e-06	4.938789e-06	5.303069e-09	3.517144e+01	3.482436e+02
1.440000e-06	4.978870e-06	5.332021e-09	3.545688e+01	3.503648e+02
1.450000e-06	5.017344e-06	5.359024e-09	3.573087e+01	3.523464e+02
1.460000e-06	5.054251e-06	5.384653e-09	3.599370e+01	3.541973e+02
1.470000e-06	5.089479e-06	5.410480e-09	3.624458e+01	3.559259e+02
1.480000e-06	5.122748e-06	5.436061e-09	3.648150e+01	3.575398e+02
1.490000e-06	5.154074e-06	5.458853e-09	3.670459e+01	3.590448e+02
1.500000e-06	5.183760e-06	5.479572e-09	3.691600e+01	3.604450e+02
1.510000e-06	5.211854e-06	5.498180e-09	3.711607e+01	3.617432e+02
1.520000e-06	5.237999e-06	5.515925e-09	3.730226e+01	3.629402e+02
1.530000e-06	5.262040e-06	5.533392e-09	3.747347e+01	3.640360e+02
1.540000e-06	5.284228e-06	5.548714e-09	3.763148e+01	3.650303e+02
1.550000e-06	5.304686e-06	5.561786e-09	3.777717e+01	3.659224e+02
1.560000e-06	5.323259e-06	5.573062e-09	3.790944e+01	3.667128e+02
1.570000e-06	5.339776e-06	5.583765e-09	3.802706e+01	3.674026e+02
1.580000e-06	5.354354e-06	5.593396e-09	3.813088e+01	3.679943e+02
1.590000e-06	5.367047e-06	5.601678e-09	3.822127e+01	3.684916e+02
1.600000e-06	5.377548e-06	5.609843e-09	3.829605e+01	3.688990e+02
1.610000e-06	5.385861e-06	5.617451e-09	3.835526e+01	3.692217e+02
1.620000e-06	5.392286e-06	5.624137e-09	3.840101e+01	3.694645e+02
1.630000e-06	5.396959e-06	5.628489e-09	3.843429e+01	3.696319e+02
1.640000e-06	5.399800e-06	5.630790e-09	3.845452e+01	3.697268e+02
1.650000e-06	5.400569e-06	5.634812e-09	3.846000e+01	3.697510e+02
1.660000e-06	5.399464e-06	5.635119e-09	3.845213e+01	3.697046e+02
1.670000e-06	5.396693e-06	5.629212e-09	3.843239e+01	3.695860e+02
1.680000e-06	5.392217e-06	5.625560e-09	3.840052e+01	3.693930e+02
1.690000e-06	5.385861e-06	5.621209e-09	3.835526e+01	3.691227e+02
1.700000e-06	5.377636e-06	5.618359e-09	3.829668e+01	3.687725e+02
1.710000e-06	5.367865e-06	5.617693e-09	3.822710e+01	3.683410e+02
1.720000e-06	5.356511e-06	5.619048e-09	3.814624e+01	3.678284e+02
1.730000e-06	5.343229e-06	5.632999e-09	3.805165e+01	3.672370e+02
1.740000e-06	5.327888e-06	5.554695e-09	3.794240e+01	3.665711e+02
1.750000e-06	5.310250e-06	5.505321e-09	3.781679e+01	3.658372e+02
1.760000e-06	5.289950e-06	5.539165e-09	3.767223e+01	3.650432e+02
1.770000e-06	5.267188e-06	5.530156e-09	3.751013e+01	3.641973e+02
1.780000e-06	5.242858e-06	5.646890e-09	3.733687e+01	3.633078e+02
1.790000e-06	5.217820e-06	5.596811e-09	3.715856e+01	3.623812e+02
1.800000e-06	5.191660e-06	5.386297e-09	3.697226e+01	3.614219e+02
1.810000e-06	5.163323e-06	5.527021e-09	3.677046e+01	3.604314e+02
1.820000e-06	5.133007e-06	5.449474e-09	3.655457e+01	3.594075e+02
1.830000e-06	5.101105e-06	5.341810e-09	3.632738e+01	3.583450e+02
1.840000e-06	5.067256e-06	5.557862e-09	3.608632e+01	3.572358e+02
1.850000e-06	5.031742e-06	5.381291e-09	3.583341e+01	3.560693e+02
1.860000e-06	4.994510e-06	5.302410e-09	3.556826e+01	3.548345e+02
1.870000e-06	4.955311e-06	5.475285e-09	3.528910e+01	3.535201e+02
1.880000e-06	4.914482e-06	5.324208e-09	3.499835e+01	3.521166e+02
1.890000e-06	4.871866e-06	5.336099e-09	3.469486e+01	3.506165e+02
1.900000e-06	4.827547e-06	5.302773e-09	3.437924e+01	3.490159e+02
1.910000e-06	4.781514e-06	5.212682e-09	3.405142e+01	3.473144e+02
1.920000e-06	4.733376e-06	5.362480e-09	3.370860e+01	3.455149e+02
1.930000e-06	4.683531e-06	5.202316e-09	3.335363e+01	3.436236e+02
1.940000e-06	4.632138e-06	5.176531e-09	3.298764e+01	3.416485e+02
1.950000e-06	4.578785e-06	5.228600e-09	3.260769e+01	3.395992e+02
1.960000e-06	4.523449e-06	5.075346e-09	3.221362e+01	3.374848e+02
1.970000e-06	4.466323e-06	5.075416e-09	3.180679e+01	3.353133e+02
1.980000e-06	4.407698e-06	5.065641e-09	3.138930e+01	3.330906e+02
1.990000e-06	4.347641e-06	5.098178e-09	3.096160e+01	3.308198e+02
2.000000e-06	4.285910e-06	5.010250e-09	3.052199e+01	3.285006e+02
2.010000e-06	4.222498e-06	4.896937e-09	3.007040e+01	3.261302e+02
2.020000e-06	4.157589e-06	4.965690e-09	2.960815e+01	3.237028e+02
2.030000e-06	4.091260e-06	4.875568e-09	2.913579e+01	3.212112e+02
2.040000e-06	4.023485e-06	4.843775e-09	2.865314e+01	3.186472e+02
2.050000e-06	3.954208e-06	4.838047e-09	2.815978e+01	3.160025e+02
2.060000e-06	3.883380e-06	4.789297e-09	2.765538e+01	3.132701e+02
2.070000e-06	3.811165e-06	4.737180e-09	2.714110e+01	3.104445e+02
2.080000e-06	3.737694e-06	4.633400e-09	2.661788e+01	3.075220e+02
2.090000e-06	3.662818e-06	4.644363e-09	2.608465e+01	3.045012e+02
2.100000e-06	3.586511e-06	4.599223e-09	2.554123e+01	3.013825e+02
2.110000e-06	3.508681e-06	4.524226e-09	2.498697e+01	2.981678e+02
2.120000e-06	3.429394e-06	4.474974e-09	2.442233e+01	2.948596e+02
2.130000e-06	3.348958e-06	4.441184e-09	2.384951e+01	2.914607e+02
2.140000e-06	3.267375e-06	4.413379e-09	2.326852e+01	2.879733e+02
2.150000e-06	3.184697e-06	4.326908e-09	2.267973e+01	2.843985e+02
2.160000e-06	3.101023e-06	4.276827e-09	2.208385e+01	2.807363e+02
2.170000e-06	3.016258e-06	4.208391e-09	2.148019e+01	2.769852e+02
2.180000e-06	2.930190e-06	4.152556e-09	2.086727e+01	2.731422e+02
2.190000e-06	2.842875e-06	4.109479e-09	2.024545e+01	2.692039e+02
2.200000e-06	2.754554e-06	4.051062e-09	1.961648e+01	2.651659e+02
2.210000e-06	2.665317e-06	3.992059e-09	1.898098e+01	2.610243e+02
2.220000e-06	2.575195e-06	3.908554e-09	1.833918e+01	2.567754e+02
2.230000e-06	2.484204e-06	3.836596e-09	1.769119e+01	2.524163e+02
2.240000e-06	2.392426e-06	3.771223e-09	1.703760e+01	2.479453e+02
2.250000e-06	2.299831e-06	3.718649e-09	1.637818e+01	2.433616e+02
2.260000e-06	2.206419e-06	3.652437e-09	1.571295e+01	2.386650e+02
2.270000e-06	2.112119e-06	3.568916e-09	1.504140e+01	2.338562e+02
2.280000e-06	2.016786e-06	3.482859e-09	1.436249e+01	2.289357e+02
2.290000e-06	1.920594e-06	3.408963e-09	1.367746e+01	2.239039e+02
2.300000e-06	1.823788e-06	3.340326e-09	1.298806e+01	2.187606e+02
2.310000e-06	1.726518e-06	3.256996e-09	1.229535e+01	2.135047e+02
2.320000e-06	1.628717e-06	3.176294e-09	1.159886e+01	2.081344e+02
2.330000e-06	1.530306e-06	3.095947e-09	1.089803e+01	2.026471e+02
2.340000e-06	1.431392e-06	3.013847e-09	1.019362e+01	1.970396e+02
2.350000e-06	1.332097e-06	2.926166e-09	9.486493e+00	1.913083e+02
2.360000e-06	1.232481e-06	2.837001e-09	8.777080e+00	1.854500e+02
2.370000e-06	1.132655e-06	2.742955e-09	8.066173e+00	1.794618e+02
2.380000e-06	1.032556e-06	2.641871e-09	7.353315e+00	1.733414e+02
2.390000e-06	9.320196e-07	2.547054e-09	6.637351e+00	1.670873e+02
2.400000e-06	8.310514e-07	2.460898e-09	5.918309e+00	1.606987e+02
2.410000e-06	7.296880e-07	2.368700e-09	5.196452e+00	1.541753e+02
2.420000e-06	6.280145e-07	2.259726e-09	4.472387e+00	1.475167e+02
2.430000e-06	5.260851e-07	2.146091e-09	3.746500e+00	1.407224e+02
2.440000e-06	4.239763e-07	2.038521e-09	3.019335e+00	1.337910e+02
2.450000e-06	3.216327e-07	1.934975e-09	2.290498e+00	1.267198e+02
2.460000e-06	2.190898e-07	1.827229e-09	1.560242e+00	1.195046e+02
2.470000e-06	1.164794e-07	1.714665e-09	8.295051e-01	1.121395e+02
2.480000e-06	1.374088e-08	1.596635e-09	9.785527e-02	1.046170e+02
2.490000e-06	-8.900688e-08	1.474964e-09	-6.338600e-01	9.692795e+01
2.500000e-06	-1.916881e-07	1.355458e-09	-1.365101e+00	8.906208e+01
2.510000e-06	-2.943589e-07	1.239132e-09	-2.096269e+00	8.100858e+01
2.520000e-06	-3.969136e-07	1.118520e-09	-2.826609e+00	7.275659e+01
2.530000e-06	-4.992365e-07	9.857130e-10	-3.555299e+00	6.429585e+01
2.540000e-06	-6.013279e-07	8.469570e-10	-4.282340e+00	5.561736e+01
2.550000e-06	-7.032072e-07	7.104467e-10	-5.007870e+00	4.671393e+01
2.560000e-06	-8.047276e-07	5.740009e-10	-5.730845e+00	3.758067e+01
2.570000e-06	-9.057742e-07	4.311478e-10	-6.450445e+00	2.821542e+01
2.580000e-06	-1.006391e-06	2.831240e-10	-7.166988e+00	1.861904e+01
2.590000e-06	-1.106604e-06	1.340232e-10	-7.880648e+00	8.795695e+00
2.600000e-06	-1.206437e-06	-1.617180e-11	-8.591606e+00	-1.246977e+00
2.610000e-06	-1.305908e-06	-1.693484e-10	-9.299984e+00	-1.149767e+01
2.620000e-06	-1.404968e-06	-3.262962e-10	-1.000544e+01	-2.194129e+01
2.630000e-06	-1.503520e-06	-4.882600e-10	-1.070728e+01	-3.255886e+01
2.640000e-06	-1.601511e-06	-6.552849e-10	-1.140512e+01	-4.332745e+01
2.650000e-06	-1.699002e-06	-8.226479e-10	-1.209939e+01	-5.422020e+01
2.660000e-06	-1.795925e-06	-9.873462e-10	-1.278963e+01	-6.520648e+01
2.670000e-06	-1.892200e-06	-1.152846e-09	-1.347525e+01	-7.625214e+01
2.680000e-06	-1.987974e-06	-1.322968e-09	-1.415730e+01	-8.731999e+01
2.690000e-06	-2.083160e-06	-1.495201e-09	-1.483517e+01	-9.837045e+01
2.700000e-06	-2.177487e-06	-1.664450e-09	-1.550691e+01	-1.093624e+02
2.710000e-06	-2.270754e-06	-1.827897e-09	-1.617111e+01	-1.202541e+02
2.720000e-06	-2.362970e-06	-1.987147e-09	-1.682783e+01	-1.310044e+02
2.730000e-06	-2.454406e-06	-2.145568e-09	-1.747898e+01	-1.415741e+02
2.740000e-06	-2.545073e-06	-2.301667e-09	-1.812466e+01	-1.519264e+02
2.750000e-06	-2.634803e-06	-2.453874e-09	-1.876367e+01	-1.620290e+02
2.760000e-06	-2.723554e-06	-2.602843e-09	-1.939571e+01	-1.718537e+02
2.770000e-06	-2.811480e-06	-2.749840e-09	-2.002187e+01	-1.813782e+02
2.780000e-06	-2.898601e-06	-2.894327e-09	-2.064230e+01	-1.905854e+02
2.790000e-06	-2.984611e-06	-3.032977e-09	-2.125482e+01	-1.994641e+02
2.800000e-06	-3.069337e-06	-3.164085e-09	-2.185819e+01	-2.080085e+02
2.810000e-06	-3.153000e-06	-3.288328e-09	-2.245400e+01	-2.162176e+02
2.820000e-06	-3.235667e-06	-3.406425e-09	-2.304271e+01	-2.240946e+02
2.830000e-06	-3.317276e-06	-3.520092e-09	-2.362388e+01	-2.316464e+02
2.840000e-06	-3.397838e-06	-3.632879e-09	-2.419761e+01	-2.388825e+02
2.850000e-06	-3.477248e-06	-3.742697e-09	-2.476312e+01	-2.458144e+02
2.860000e-06	-3.555268e-06	-3.846674e-09	-2.531874e+01	-2.524548e+02
2.870000e-06	-3.631718e-06	-3.944764e-09	-2.586317e+01	-2.588171e+02
2.880000e-06	-3.706699e-06	-4.038897e-09	-2.639715e+01	-2.649152e+02
2.890000e-06	-3.780281e-06	-4.129227e-09	-2.692116e+01	-2.707627e+02
2.900000e-06	-3.852550e-06	-4.214210e-09	-2.743583e+01	-2.763730e+02
2.910000e-06	-3.923477e-06	-4.295038e-09	-2.794093e+01	-2.817587e+02
2.920000e-06	-3.992797e-06	-4.372929e-09	-2.843459e+01	-2.869320e+02
2.930000e-06	-4.060590e-06	-4.448845e-09	-2.891738e+01	-2.919037e+02
2.940000e-06	-4.127052e-06	-4.521363e-09	-2.939068e+01	-2.966836e+02
2.950000e-06	-4.192117e-06	-4.591508e-09	-2.985404e+01	-3.012801e+02
2.960000e-06	-4.255786e-06	-4.660527e-09	-3.030746e+01	-3.056998e+02
2.970000e-06	-4.317772e-06	-4.727154e-09	-3.074889e+01	-3.099478e+02
2.980000e-06	-4.377979e-06	-4.792879e-09	-3.117766e+01	-3.140271e+02
2.990000e-06	-4.436746e-06	-4.857462e-09	-3.159616e+01	-3.179394e+02
3.000000e-06	-4.494047e-06	-4.916243e-09	-3.200422e+01	-3.216846e+02
3.010000e-06	-4.549787e-06	-4.969977e-09	-3.240118e+01	-3.252618e+02
3.020000e-06	-4.603710e-06	-5.020060e-09	-3.278519e+01	-3.286691e+02
3.030000e-06	-4.655650e-06	-5.068630e-09	-3.315508e+01	-3.319052e+02
3.040000e-06	-4.705805e-06	-5.114961e-09	-3.351226e+01	-3.349688e+02
3.050000e-06	-4.754052e-06	-5.160519e-09	-3.385584e+01	-3.378603e+02
3.060000e-06	-4.800410e-06	-5.205881e-09	-3.418599e+01	-3.405811e+02
3.070000e-06	-4.845173e-06	-5.249953e-09	-3.450476e+01	-3.431349e+02
3.080000e-06	-4.888424e-06	-5.291340e-09	-3.481277e+01	-3.455270e+02
3.090000e-06	-4.930163e-06	-5.328543e-09	-3.511002e+01	-3.477642e+02
3.100000e-06	-4.970370e-06	-5.363637e-09	-3.539635e+01	-3.498549e+02
3.110000e-06	-5.008766e-06	-5.393801e-09	-3.566979e+01	-3.518078e+02
3.120000e-06	-5.045189e-06	-5.418328e-09	-3.592917e+01	-3.536320e+02
3.130000e-06	-5.079874e-06	-5.442245e-09	-3.617618e+01	-3.553356e+02
3.140000e-06	-5.112920e-06	-5.467218e-09	-3.641151e+01	-3.569258e+02
3.150000e-06	-5.144217e-06	-5.490893e-09	-3.663439e+01	-3.584081e+02
3.160000e-06	-5.173587e-06	-5.512538e-09	-3.684355e+01	-3.597865e+02
3.170000e-06	-5.201037e-06	-5.532727e-09	-3.703904e+01	-3.610630e+02
3.180000e-06	-5.226673e-06	-5.551745e-09	-3.722160e+01	-3.622385e+02
3.190000e-06	-5.250491e-06	-5.571456e-09	-3.739122e+01	-3.633127e+02
3.200000e-06	-5.272308e-06	-5.589586e-09	-3.754659e+01	-3.642852e+02
3.210000e-06	-5.292185e-06	-5.602757e-09	-3.768814e+01	-3.651557e+02
3.220000e-06	-5.310349e-06	-5.611463e-09	-3.781750e+01	-3.659244e+02
3.230000e-06	-5.326733e-06	-5.618554e-09	-3.793418e+01	-3.665931e+02
3.240000e-06	-5.340961e-06	-5.624783e-09	-3.803551e+01	-3.671643e+02
3.250000e-06	-5.352883e-06	-5.630570e-09	-3.812040e+01	-3.676421e+02
3.260000e-06	-5.362836e-06	-5.636562e-09	-3.819129e+01	-3.680310e+02
3.270000e-06	-5.371030e-06	-5.640901e-09	-3.824964e+01	-3.683363e+02
3.280000e-06	-5.377258e-06	-5.644156e-09	-3.829399e+01	-3.685628e+02
3.290000e-06	-5.381472e-06	-5.646739e-09	-3.832400e+01	-3.687145e+02
3.300000e-06	-5.383913e-06	-5.647328e-09	-3.834138e+01	-3.687943e+02
3.310000e-06	-5.384586e-06	-5.643140e-09	-3.834618e+01	-3.688036e+02
