# Temperatura_=_80.0
# Concentracion g/m^3_=_15000.0
# C_Vs_to_Am_M_A/Vsm_=_65563218390.804596
# pendiente_HvsI_1/m_=_3716.3
# ordenada_HvsI_A/m_=_1297.0
# frecuencia_Hz_=_301580.7503313133

Tiempo_(s)	Campo_(V.s)	Magnetizacion_(V.s)	Campo_(kA/m)	Magnetizacion_(A/m)
0.000000e+00	-5.370583e-06	-7.875853e-09	-3.833857e+01	-5.147044e+02
1.000000e-08	-5.367609e-06	-7.869858e-09	-3.831734e+01	-5.144127e+02
2.000000e-08	-5.362841e-06	-7.863100e-09	-3.828331e+01	-5.140036e+02
3.000000e-08	-5.356433e-06	-7.854940e-09	-3.823756e+01	-5.134786e+02
4.000000e-08	-5.348496e-06	-7.845481e-09	-3.818091e+01	-5.128401e+02
5.000000e-08	-5.338715e-06	-7.834882e-09	-3.811108e+01	-5.120921e+02
6.000000e-08	-5.326884e-06	-7.822585e-09	-3.802662e+01	-5.112397e+02
7.000000e-08	-5.313191e-06	-7.812809e-09	-3.792888e+01	-5.102891e+02
8.000000e-08	-5.297366e-06	-7.805149e-09	-3.781591e+01	-5.092464e+02
9.000000e-08	-5.279275e-06	-7.798115e-09	-3.768676e+01	-5.081179e+02
1.000000e-07	-5.259115e-06	-7.776528e-09	-3.754285e+01	-5.069085e+02
1.100000e-07	-5.237080e-06	-7.737599e-09	-3.738555e+01	-5.056216e+02
1.200000e-07	-5.213405e-06	-7.695448e-09	-3.721654e+01	-5.042583e+02
1.300000e-07	-5.188174e-06	-7.670203e-09	-3.703642e+01	-5.028174e+02
1.400000e-07	-5.161282e-06	-7.644805e-09	-3.684445e+01	-5.012955e+02
1.500000e-07	-5.132797e-06	-7.630218e-09	-3.664111e+01	-4.996867e+02
1.600000e-07	-5.102897e-06	-7.634121e-09	-3.642766e+01	-4.979842e+02
1.700000e-07	-5.071411e-06	-7.619925e-09	-3.620290e+01	-4.961799e+02
1.800000e-07	-5.037797e-06	-7.580193e-09	-3.596294e+01	-4.942662e+02
1.900000e-07	-5.002313e-06	-7.506403e-09	-3.570963e+01	-4.922361e+02
2.000000e-07	-4.965376e-06	-7.439296e-09	-3.544596e+01	-4.900844e+02
2.100000e-07	-4.926688e-06	-7.405696e-09	-3.516977e+01	-4.878076e+02
2.200000e-07	-4.886241e-06	-7.392819e-09	-3.488104e+01	-4.854048e+02
2.300000e-07	-4.843882e-06	-7.381768e-09	-3.457866e+01	-4.828769e+02
2.400000e-07	-4.799561e-06	-7.329983e-09	-3.426226e+01	-4.802271e+02
2.500000e-07	-4.753456e-06	-7.266839e-09	-3.393313e+01	-4.774593e+02
2.600000e-07	-4.705484e-06	-7.241455e-09	-3.359068e+01	-4.745786e+02
2.700000e-07	-4.655494e-06	-7.213064e-09	-3.323382e+01	-4.715899e+02
2.800000e-07	-4.603407e-06	-7.169821e-09	-3.286199e+01	-4.684972e+02
2.900000e-07	-4.549410e-06	-7.108286e-09	-3.247653e+01	-4.653039e+02
3.000000e-07	-4.493867e-06	-7.036553e-09	-3.208003e+01	-4.620117e+02
3.100000e-07	-4.436704e-06	-6.985893e-09	-3.167196e+01	-4.586209e+02
3.200000e-07	-4.377652e-06	-6.943698e-09	-3.125041e+01	-4.551305e+02
3.300000e-07	-4.317008e-06	-6.894232e-09	-3.081750e+01	-4.515386e+02
3.400000e-07	-4.255009e-06	-6.828227e-09	-3.037491e+01	-4.478424e+02
3.500000e-07	-4.191662e-06	-6.756898e-09	-2.992270e+01	-4.440393e+02
3.600000e-07	-4.126778e-06	-6.700633e-09	-2.945951e+01	-4.401265e+02
3.700000e-07	-4.060149e-06	-6.657417e-09	-2.898388e+01	-4.361017e+02
3.800000e-07	-3.991935e-06	-6.603316e-09	-2.849692e+01	-4.319634e+02
3.900000e-07	-3.922343e-06	-6.521231e-09	-2.800013e+01	-4.277103e+02
4.000000e-07	-3.851533e-06	-6.434572e-09	-2.749465e+01	-4.233419e+02
4.100000e-07	-3.779600e-06	-6.363704e-09	-2.698114e+01	-4.188575e+02
4.200000e-07	-3.706315e-06	-6.299771e-09	-2.645799e+01	-4.142567e+02
4.300000e-07	-3.631399e-06	-6.242929e-09	-2.592319e+01	-4.095385e+02
4.400000e-07	-3.554966e-06	-6.185161e-09	-2.537757e+01	-4.047019e+02
4.500000e-07	-3.477129e-06	-6.104566e-09	-2.482191e+01	-3.997449e+02
4.600000e-07	-3.397833e-06	-6.007567e-09	-2.425585e+01	-3.946655e+02
4.700000e-07	-3.317313e-06	-5.924659e-09	-2.368105e+01	-3.894611e+02
4.800000e-07	-3.235579e-06	-5.853850e-09	-2.309759e+01	-3.841293e+02
4.900000e-07	-3.152615e-06	-5.769559e-09	-2.250533e+01	-3.786680e+02
5.000000e-07	-3.068687e-06	-5.673324e-09	-2.190620e+01	-3.730753e+02
5.100000e-07	-2.983873e-06	-5.578085e-09	-2.130075e+01	-3.673502e+02
5.200000e-07	-2.898083e-06	-5.489935e-09	-2.068833e+01	-3.614924e+02
5.300000e-07	-2.811302e-06	-5.407797e-09	-2.006883e+01	-3.555021e+02
5.400000e-07	-2.723681e-06	-5.326256e-09	-1.944333e+01	-3.493801e+02
5.500000e-07	-2.635164e-06	-5.230751e-09	-1.881145e+01	-3.431274e+02
5.600000e-07	-2.545478e-06	-5.120109e-09	-1.817121e+01	-3.367447e+02
5.700000e-07	-2.454620e-06	-5.013180e-09	-1.752261e+01	-3.302323e+02
5.800000e-07	-2.362892e-06	-4.917211e-09	-1.686780e+01	-3.235897e+02
5.900000e-07	-2.270429e-06	-4.818254e-09	-1.620774e+01	-3.168154e+02
6.000000e-07	-2.177200e-06	-4.706862e-09	-1.554222e+01	-3.099070e+02
6.100000e-07	-2.083141e-06	-4.594073e-09	-1.487076e+01	-3.028612e+02
6.200000e-07	-1.988340e-06	-4.483687e-09	-1.419401e+01	-2.956740e+02
6.300000e-07	-1.892933e-06	-4.373635e-09	-1.351294e+01	-2.883412e+02
6.400000e-07	-1.796822e-06	-4.267236e-09	-1.282684e+01	-2.808583e+02
6.500000e-07	-1.699967e-06	-4.159155e-09	-1.213543e+01	-2.732213e+02
6.600000e-07	-1.602393e-06	-4.037239e-09	-1.143888e+01	-2.654266e+02
6.700000e-07	-1.504100e-06	-3.903448e-09	-1.073721e+01	-2.574710e+02
6.800000e-07	-1.405194e-06	-3.773550e-09	-1.003115e+01	-2.493521e+02
6.900000e-07	-1.305824e-06	-3.650981e-09	-9.321785e+00	-2.410675e+02
7.000000e-07	-1.206063e-06	-3.526995e-09	-8.609627e+00	-2.326153e+02
7.100000e-07	-1.105961e-06	-3.394119e-09	-7.895043e+00	-2.239928e+02
7.200000e-07	-1.005578e-06	-3.254074e-09	-7.178443e+00	-2.151974e+02
7.300000e-07	-9.048930e-07	-3.113323e-09	-6.459691e+00	-2.062252e+02
7.400000e-07	-8.039332e-07	-2.976171e-09	-5.738977e+00	-1.970718e+02
7.500000e-07	-7.027280e-07	-2.841451e-09	-5.016511e+00	-1.877320e+02
7.600000e-07	-6.012068e-07	-2.699898e-09	-4.291789e+00	-1.781998e+02
7.700000e-07	-4.994297e-07	-2.545287e-09	-3.565241e+00	-1.684690e+02
7.800000e-07	-3.975233e-07	-2.384963e-09	-2.837770e+00	-1.585334e+02
7.900000e-07	-2.955098e-07	-2.225877e-09	-2.109534e+00	-1.483871e+02
8.000000e-07	-1.933755e-07	-2.067601e-09	-1.380435e+00	-1.380248e+02
8.100000e-07	-9.110947e-08	-1.907049e-09	-6.503963e-01	-1.274414e+02
8.200000e-07	1.120287e-08	-1.739895e-09	7.997307e-02	-1.166325e+02
8.300000e-07	1.135231e-07	-1.568004e-09	8.103985e-01	-1.055937e+02
8.400000e-07	2.158387e-07	-1.394039e-09	1.540792e+00	-9.431989e+01
8.500000e-07	3.180559e-07	-1.220100e-09	2.270481e+00	-8.280532e+01
8.600000e-07	4.201675e-07	-1.044390e-09	2.999418e+00	-7.104271e+01
8.700000e-07	5.221810e-07	-8.616448e-10	3.727654e+00	-5.902326e+01
8.800000e-07	6.240081e-07	-6.712791e-10	4.454559e+00	-4.673661e+01
8.900000e-07	7.256123e-07	-4.784201e-10	5.179874e+00	-3.417145e+01
9.000000e-07	8.269891e-07	-2.851348e-10	5.903564e+00	-2.131647e+01
9.100000e-07	9.280776e-07	-8.893745e-11	6.625197e+00	-8.161792e+00
9.200000e-07	1.028845e-06	1.109938e-10	7.344538e+00	5.299215e+00
9.300000e-07	1.129303e-06	3.186425e-10	8.061668e+00	1.906794e+01
9.400000e-07	1.229458e-06	5.343260e-10	8.776639e+00	3.313848e+01
9.500000e-07	1.329206e-06	7.523088e-10	9.488703e+00	4.749587e+01
9.600000e-07	1.428401e-06	9.702212e-10	1.019681e+01	6.211465e+01
9.700000e-07	1.526943e-06	1.192571e-09	1.090027e+01	7.695827e+01
9.800000e-07	1.624822e-06	1.422253e-09	1.159899e+01	9.197913e+01
9.900000e-07	1.722031e-06	1.657103e-09	1.229293e+01	1.071196e+02
1.000000e-06	1.818484e-06	1.890879e-09	1.298147e+01	1.223139e+02
1.010000e-06	1.914156e-06	2.121291e-09	1.366444e+01	1.374908e+02
1.020000e-06	2.009175e-06	2.348613e-09	1.434274e+01	1.525765e+02
1.030000e-06	2.103522e-06	2.572496e-09	1.501625e+01	1.674985e+02
1.040000e-06	2.197077e-06	2.794550e-09	1.568411e+01	1.821884e+02
1.050000e-06	2.289935e-06	3.012072e-09	1.634699e+01	1.965857e+02
1.060000e-06	2.382129e-06	3.223799e-09	1.700512e+01	2.106392e+02
1.070000e-06	2.473528e-06	3.427569e-09	1.765758e+01	2.243096e+02
1.080000e-06	2.564036e-06	3.625476e-09	1.830369e+01	2.375692e+02
1.090000e-06	2.653509e-06	3.819942e-09	1.894241e+01	2.504021e+02
1.100000e-06	2.741901e-06	4.009600e-09	1.957340e+01	2.628027e+02
1.110000e-06	2.829280e-06	4.192334e-09	2.019717e+01	2.747738e+02
1.120000e-06	2.915736e-06	4.367282e-09	2.081434e+01	2.863240e+02
1.130000e-06	3.001298e-06	4.536002e-09	2.142514e+01	2.974656e+02
1.140000e-06	3.085950e-06	4.699259e-09	2.202944e+01	3.082119e+02
1.150000e-06	3.169633e-06	4.858196e-09	2.262682e+01	3.185755e+02
1.160000e-06	3.252252e-06	5.011952e-09	2.321661e+01	3.285666e+02
1.170000e-06	3.333610e-06	5.158479e-09	2.379739e+01	3.381926e+02
1.180000e-06	3.413622e-06	5.298639e-09	2.436857e+01	3.474581e+02
1.190000e-06	3.492488e-06	5.434124e-09	2.493156e+01	3.563657e+02
1.200000e-06	3.570189e-06	5.565614e-09	2.548624e+01	3.649167e+02
1.210000e-06	3.646627e-06	5.692240e-09	2.603190e+01	3.731130e+02
1.220000e-06	3.721650e-06	5.810266e-09	2.656746e+01	3.809581e+02
1.230000e-06	3.795106e-06	5.919840e-09	2.709183e+01	3.884585e+02
1.240000e-06	3.867007e-06	6.024188e-09	2.760511e+01	3.956240e+02
1.250000e-06	3.937487e-06	6.126425e-09	2.810824e+01	4.024685e+02
1.260000e-06	4.006652e-06	6.227381e-09	2.860199e+01	4.090091e+02
1.270000e-06	4.074441e-06	6.322800e-09	2.908590e+01	4.152658e+02
1.280000e-06	4.140737e-06	6.411639e-09	2.955917e+01	4.212599e+02
1.290000e-06	4.205395e-06	6.497299e-09	3.002073e+01	4.270126e+02
1.300000e-06	4.268534e-06	6.580629e-09	3.047146e+01	4.325439e+02
1.310000e-06	4.330290e-06	6.662003e-09	3.091232e+01	4.378709e+02
1.320000e-06	4.390609e-06	6.740795e-09	3.134291e+01	4.430069e+02
1.330000e-06	4.449399e-06	6.816335e-09	3.176259e+01	4.479612e+02
1.340000e-06	4.506448e-06	6.888493e-09	3.216984e+01	4.527386e+02
1.350000e-06	4.561831e-06	6.958088e-09	3.256519e+01	4.573403e+02
1.360000e-06	4.615592e-06	7.025748e-09	3.294897e+01	4.617644e+02
1.370000e-06	4.667536e-06	7.089558e-09	3.331979e+01	4.660069e+02
1.380000e-06	4.717486e-06	7.148876e-09	3.367636e+01	4.700633e+02
1.390000e-06	4.765540e-06	7.206112e-09	3.401940e+01	4.739292e+02
1.400000e-06	4.811918e-06	7.262331e-09	3.435048e+01	4.776016e+02
1.410000e-06	4.856732e-06	7.314943e-09	3.467039e+01	4.810794e+02
1.420000e-06	4.899922e-06	7.364704e-09	3.497870e+01	4.843635e+02
1.430000e-06	4.941199e-06	7.411127e-09	3.527336e+01	4.874570e+02
1.440000e-06	4.980680e-06	7.453074e-09	3.555520e+01	4.903646e+02
1.450000e-06	5.018531e-06	7.491487e-09	3.582541e+01	4.930923e+02
1.460000e-06	5.054747e-06	7.528137e-09	3.608394e+01	4.956465e+02
1.470000e-06	5.089179e-06	7.565412e-09	3.632973e+01	4.980334e+02
1.480000e-06	5.121660e-06	7.599499e-09	3.656161e+01	5.002587e+02
1.490000e-06	5.152373e-06	7.629664e-09	3.678086e+01	5.023271e+02
1.500000e-06	5.181462e-06	7.657893e-09	3.698851e+01	5.042421e+02
1.510000e-06	5.208786e-06	7.683366e-09	3.718356e+01	5.060064e+02
1.520000e-06	5.234088e-06	7.707310e-09	3.736419e+01	5.076220e+02
1.530000e-06	5.257409e-06	7.728719e-09	3.753067e+01	5.090905e+02
1.540000e-06	5.278973e-06	7.748107e-09	3.768460e+01	5.104137e+02
1.550000e-06	5.298822e-06	7.766679e-09	3.782630e+01	5.115936e+02
1.560000e-06	5.316719e-06	7.782828e-09	3.795406e+01	5.126330e+02
1.570000e-06	5.332558e-06	7.796838e-09	3.806713e+01	5.135352e+02
1.580000e-06	5.346483e-06	7.809596e-09	3.816654e+01	5.143039e+02
1.590000e-06	5.358416e-06	7.821684e-09	3.825172e+01	5.149430e+02
1.600000e-06	5.368155e-06	7.832115e-09	3.832124e+01	5.154565e+02
1.610000e-06	5.375811e-06	7.840276e-09	3.837590e+01	5.158475e+02
1.620000e-06	5.381594e-06	7.847026e-09	3.841717e+01	5.161186e+02
1.630000e-06	5.385597e-06	7.851237e-09	3.844575e+01	5.162715e+02
1.640000e-06	5.387593e-06	7.851789e-09	3.846000e+01	5.163068e+02
1.650000e-06	5.387573e-06	7.850440e-09	3.845986e+01	5.162247e+02
1.660000e-06	5.385867e-06	7.847876e-09	3.844768e+01	5.160250e+02
1.670000e-06	5.382539e-06	7.842522e-09	3.842392e+01	5.157076e+02
1.680000e-06	5.377424e-06	7.836447e-09	3.838741e+01	5.152731e+02
1.690000e-06	5.370377e-06	7.830554e-09	3.833710e+01	5.147229e+02
1.700000e-06	5.361633e-06	7.823874e-09	3.827468e+01	5.140601e+02
1.710000e-06	5.351353e-06	7.816037e-09	3.820130e+01	5.132887e+02
1.720000e-06	5.339360e-06	7.803621e-09	3.811568e+01	5.124143e+02
1.730000e-06	5.325386e-06	7.783736e-09	3.801593e+01	5.114428e+02
1.740000e-06	5.309348e-06	7.746704e-09	3.790144e+01	5.103808e+02
1.750000e-06	5.290930e-06	7.723623e-09	3.776996e+01	5.092341e+02
1.760000e-06	5.269796e-06	7.723948e-09	3.761909e+01	5.080073e+02
1.770000e-06	5.246481e-06	7.718573e-09	3.745266e+01	5.067035e+02
1.780000e-06	5.221963e-06	7.708016e-09	3.727763e+01	5.053232e+02
1.790000e-06	5.196688e-06	7.679221e-09	3.709721e+01	5.038649e+02
1.800000e-06	5.169962e-06	7.623592e-09	3.690641e+01	5.023243e+02
1.810000e-06	5.141026e-06	7.607616e-09	3.669985e+01	5.006956e+02
1.820000e-06	5.110296e-06	7.587529e-09	3.648049e+01	4.989714e+02
1.830000e-06	5.077861e-06	7.548053e-09	3.624894e+01	4.971438e+02
1.840000e-06	5.043474e-06	7.571453e-09	3.600346e+01	4.952052e+02
1.850000e-06	5.007520e-06	7.574047e-09	3.574681e+01	4.931489e+02
1.860000e-06	4.969765e-06	7.535274e-09	3.547728e+01	4.909700e+02
1.870000e-06	4.930127e-06	7.466743e-09	3.519433e+01	4.886658e+02
1.880000e-06	4.888848e-06	7.369739e-09	3.489965e+01	4.862355e+02
1.890000e-06	4.845778e-06	7.361724e-09	3.459219e+01	4.836807e+02
1.900000e-06	4.801104e-06	7.347127e-09	3.427327e+01	4.810046e+02
1.910000e-06	4.754548e-06	7.286871e-09	3.394093e+01	4.782118e+02
1.920000e-06	4.705950e-06	7.266363e-09	3.359401e+01	4.753070e+02
1.930000e-06	4.655771e-06	7.195885e-09	3.323580e+01	4.722951e+02
1.940000e-06	4.603838e-06	7.137620e-09	3.286507e+01	4.691802e+02
1.950000e-06	4.549866e-06	7.111902e-09	3.247978e+01	4.659651e+02
1.960000e-06	4.493957e-06	7.068637e-09	3.208067e+01	4.626512e+02
1.970000e-06	4.436328e-06	7.011924e-09	3.166928e+01	4.592387e+02
1.980000e-06	4.377292e-06	6.926581e-09	3.124784e+01	4.557262e+02
1.990000e-06	4.316768e-06	6.896355e-09	3.081578e+01	4.521117e+02
2.000000e-06	4.254549e-06	6.864019e-09	3.037162e+01	4.483923e+02
2.010000e-06	4.190738e-06	6.786648e-09	2.991610e+01	4.445654e+02
2.020000e-06	4.125445e-06	6.723637e-09	2.945000e+01	4.406282e+02
2.030000e-06	4.058715e-06	6.653403e-09	2.897364e+01	4.365788e+02
2.040000e-06	3.990550e-06	6.600626e-09	2.848703e+01	4.324154e+02
2.050000e-06	3.920885e-06	6.534684e-09	2.798972e+01	4.281372e+02
2.060000e-06	3.849738e-06	6.482082e-09	2.748183e+01	4.237434e+02
2.070000e-06	3.777272e-06	6.437285e-09	2.696453e+01	4.192336e+02
2.080000e-06	3.703526e-06	6.332123e-09	2.643808e+01	4.146072e+02
2.090000e-06	3.628471e-06	6.232875e-09	2.590229e+01	4.098632e+02
2.100000e-06	3.551913e-06	6.164771e-09	2.535577e+01	4.050005e+02
2.110000e-06	3.473625e-06	6.117110e-09	2.479691e+01	4.000169e+02
2.120000e-06	3.393961e-06	6.047258e-09	2.422822e+01	3.949104e+02
2.130000e-06	3.313284e-06	5.960830e-09	2.365229e+01	3.896784e+02
2.140000e-06	3.231519e-06	5.884504e-09	2.306860e+01	3.843186e+02
2.150000e-06	3.148673e-06	5.790183e-09	2.247719e+01	3.788287e+02
2.160000e-06	3.064880e-06	5.704759e-09	2.187903e+01	3.732072e+02
2.170000e-06	2.979949e-06	5.627511e-09	2.127273e+01	3.674531e+02
2.180000e-06	2.893621e-06	5.536912e-09	2.065648e+01	3.615663e+02
2.190000e-06	2.806060e-06	5.426221e-09	2.003141e+01	3.555473e+02
2.200000e-06	2.717618e-06	5.325041e-09	1.940006e+01	3.493967e+02
2.210000e-06	2.628291e-06	5.248015e-09	1.876238e+01	3.431156e+02
2.220000e-06	2.537991e-06	5.162230e-09	1.811776e+01	3.367046e+02
2.230000e-06	2.446903e-06	5.061090e-09	1.746752e+01	3.301638e+02
2.240000e-06	2.355100e-06	4.956736e-09	1.681218e+01	3.234926e+02
2.250000e-06	2.262482e-06	4.853322e-09	1.615101e+01	3.166893e+02
2.260000e-06	2.168939e-06	4.743196e-09	1.548324e+01	3.097512e+02
2.270000e-06	2.074378e-06	4.637893e-09	1.480820e+01	3.026750e+02
2.280000e-06	1.978881e-06	4.532937e-09	1.412649e+01	2.954565e+02
2.290000e-06	1.882707e-06	4.412909e-09	1.343993e+01	2.880913e+02
2.300000e-06	1.786026e-06	4.285912e-09	1.274977e+01	2.805752e+02
2.310000e-06	1.688880e-06	4.168983e-09	1.205628e+01	2.729042e+02
2.320000e-06	1.591188e-06	4.064504e-09	1.135889e+01	2.650747e+02
2.330000e-06	1.492934e-06	3.954358e-09	1.065749e+01	2.570838e+02
2.340000e-06	1.394172e-06	3.830414e-09	9.952471e+00	2.489291e+02
2.350000e-06	1.295001e-06	3.696186e-09	9.244524e+00	2.406083e+02
2.360000e-06	1.195493e-06	3.560331e-09	8.534178e+00	2.321192e+02
2.370000e-06	1.095720e-06	3.427416e-09	7.821934e+00	2.234595e+02
2.380000e-06	9.956739e-07	3.298848e-09	7.107742e+00	2.146260e+02
2.390000e-06	8.952023e-07	3.165821e-09	6.390513e+00	2.056149e+02
2.400000e-06	7.943341e-07	3.020896e-09	5.670453e+00	1.964215e+02
2.410000e-06	6.931502e-07	2.872509e-09	4.948139e+00	1.870404e+02
2.420000e-06	5.916614e-07	2.727318e-09	4.223649e+00	1.774657e+02
2.430000e-06	4.899470e-07	2.586220e-09	3.497547e+00	1.676910e+02
2.440000e-06	3.880990e-07	2.443129e-09	2.770493e+00	1.577102e+02
2.450000e-06	2.861105e-07	2.289840e-09	2.042436e+00	1.475176e+02
2.460000e-06	1.838914e-07	2.126023e-09	1.312732e+00	1.371077e+02
2.470000e-06	8.150000e-08	1.959998e-09	5.817979e-01	1.264759e+02
2.480000e-06	-2.089828e-08	1.797428e-09	-1.491849e-01	1.156176e+02
2.490000e-06	-1.232732e-07	1.634759e-09	-8.800012e-01	1.045284e+02
2.500000e-06	-2.256084e-07	1.463521e-09	-1.610534e+00	9.320299e+01
2.510000e-06	-3.279232e-07	1.284667e-09	-2.340920e+00	8.163541e+01
2.520000e-06	-4.300998e-07	1.104630e-09	-3.070321e+00	6.981805e+01
2.530000e-06	-5.320704e-07	9.222626e-10	-3.798251e+00	5.774174e+01
2.540000e-06	-6.338675e-07	7.353186e-10	-4.524942e+00	4.539586e+01
2.550000e-06	-7.353277e-07	5.416656e-10	-5.249228e+00	3.276901e+01
2.560000e-06	-8.364039e-07	3.388506e-10	-5.970773e+00	1.985005e+01
2.570000e-06	-9.371509e-07	1.289752e-10	-6.689968e+00	6.629626e+00
2.580000e-06	-1.037530e-06	-8.248661e-11	-7.406536e+00	-6.897936e+00
2.590000e-06	-1.137479e-06	-2.916638e-10	-8.120032e+00	-2.073263e+01
2.600000e-06	-1.237005e-06	-5.037749e-10	-8.830513e+00	-3.486676e+01
2.610000e-06	-1.336119e-06	-7.268043e-10	-9.538049e+00	-4.928319e+01
2.620000e-06	-1.434826e-06	-9.562358e-10	-1.024268e+01	-6.395413e+01
2.630000e-06	-1.533028e-06	-1.185049e-09	-1.094371e+01	-7.884061e+01
2.640000e-06	-1.630626e-06	-1.411629e-09	-1.164043e+01	-9.389277e+01
2.650000e-06	-1.727671e-06	-1.639468e-09	-1.233319e+01	-1.090511e+02
2.660000e-06	-1.824196e-06	-1.873068e-09	-1.302225e+01	-1.242483e+02
2.670000e-06	-1.920196e-06	-2.108941e-09	-1.370756e+01	-1.394124e+02
2.680000e-06	-2.015582e-06	-2.343871e-09	-1.438848e+01	-1.544695e+02
2.690000e-06	-2.110212e-06	-2.573208e-09	-1.506401e+01	-1.693478e+02
2.700000e-06	-2.203919e-06	-2.794876e-09	-1.573295e+01	-1.839804e+02
2.710000e-06	-2.296629e-06	-3.012687e-09	-1.639477e+01	-1.983084e+02
2.720000e-06	-2.388424e-06	-3.227995e-09	-1.705006e+01	-2.122833e+02
2.730000e-06	-2.479415e-06	-3.438407e-09	-1.769961e+01	-2.258681e+02
2.740000e-06	-2.569530e-06	-3.641376e-09	-1.834291e+01	-2.390377e+02
2.750000e-06	-2.658648e-06	-3.837035e-09	-1.897909e+01	-2.517787e+02
2.760000e-06	-2.746904e-06	-4.028436e-09	-1.960911e+01	-2.640873e+02
2.770000e-06	-2.834412e-06	-4.215897e-09	-2.023380e+01	-2.759677e+02
2.780000e-06	-2.920993e-06	-4.394952e-09	-2.085187e+01	-2.874298e+02
2.790000e-06	-3.006407e-06	-4.561791e-09	-2.146161e+01	-2.984861e+02
2.800000e-06	-3.090612e-06	-4.718194e-09	-2.206272e+01	-3.091500e+02
2.810000e-06	-3.173765e-06	-4.869619e-09	-2.265632e+01	-3.194335e+02
2.820000e-06	-3.255884e-06	-5.017600e-09	-2.324253e+01	-3.293463e+02
2.830000e-06	-3.336900e-06	-5.162238e-09	-2.382088e+01	-3.388953e+02
2.840000e-06	-3.416821e-06	-5.304828e-09	-2.439140e+01	-3.480845e+02
2.850000e-06	-3.495499e-06	-5.443418e-09	-2.495305e+01	-3.569160e+02
2.860000e-06	-3.572714e-06	-5.575065e-09	-2.550426e+01	-3.653913e+02
2.870000e-06	-3.648399e-06	-5.699923e-09	-2.604455e+01	-3.735125e+02
2.880000e-06	-3.722687e-06	-5.820609e-09	-2.657486e+01	-3.812837e+02
2.890000e-06	-3.795661e-06	-5.936337e-09	-2.709579e+01	-3.887118e+02
2.900000e-06	-3.867317e-06	-6.045325e-09	-2.760732e+01	-3.958078e+02
2.910000e-06	-3.937514e-06	-6.148755e-09	-2.810843e+01	-4.025861e+02
2.920000e-06	-4.006169e-06	-6.247804e-09	-2.859854e+01	-4.090646e+02
2.930000e-06	-4.073344e-06	-6.343535e-09	-2.907807e+01	-4.152638e+02
2.940000e-06	-4.139142e-06	-6.436115e-09	-2.954778e+01	-4.212049e+02
2.950000e-06	-4.203603e-06	-6.526507e-09	-3.000795e+01	-4.269091e+02
2.960000e-06	-4.266548e-06	-6.613289e-09	-3.045729e+01	-4.323958e+02
2.970000e-06	-4.327826e-06	-6.695125e-09	-3.089472e+01	-4.376814e+02
2.980000e-06	-4.387494e-06	-6.773136e-09	-3.132067e+01	-4.427783e+02
2.990000e-06	-4.445629e-06	-6.848749e-09	-3.173568e+01	-4.476949e+02
3.000000e-06	-4.502271e-06	-6.921098e-09	-3.214002e+01	-4.524353e+02
3.010000e-06	-4.557313e-06	-6.989096e-09	-3.253294e+01	-4.569997e+02
3.020000e-06	-4.610463e-06	-7.054838e-09	-3.291236e+01	-4.613857e+02
3.030000e-06	-4.661686e-06	-7.120476e-09	-3.327803e+01	-4.655892e+02
3.040000e-06	-4.711023e-06	-7.184754e-09	-3.363022e+01	-4.696056e+02
3.050000e-06	-4.758423e-06	-7.246078e-09	-3.396860e+01	-4.734308e+02
3.060000e-06	-4.804102e-06	-7.304347e-09	-3.429468e+01	-4.770621e+02
3.070000e-06	-4.848305e-06	-7.358752e-09	-3.461023e+01	-4.804987e+02
3.080000e-06	-4.891036e-06	-7.407079e-09	-3.491527e+01	-4.837421e+02
3.090000e-06	-4.932206e-06	-7.452324e-09	-3.520917e+01	-4.867959e+02
3.100000e-06	-4.971730e-06	-7.498188e-09	-3.549131e+01	-4.896649e+02
3.110000e-06	-5.009421e-06	-7.542081e-09	-3.576037e+01	-4.923554e+02
3.120000e-06	-5.045202e-06	-7.581833e-09	-3.601580e+01	-4.948738e+02
3.130000e-06	-5.079269e-06	-7.618850e-09	-3.625899e+01	-4.972261e+02
3.140000e-06	-5.111693e-06	-7.654295e-09	-3.649046e+01	-4.994180e+02
3.150000e-06	-5.142256e-06	-7.687052e-09	-3.670863e+01	-5.014537e+02
3.160000e-06	-5.170877e-06	-7.717638e-09	-3.691295e+01	-5.033368e+02
3.170000e-06	-5.197676e-06	-7.747299e-09	-3.710425e+01	-5.050696e+02
3.180000e-06	-5.222687e-06	-7.774368e-09	-3.728280e+01	-5.066540e+02
3.190000e-06	-5.245890e-06	-7.797362e-09	-3.744844e+01	-5.080917e+02
3.200000e-06	-5.267092e-06	-7.816170e-09	-3.759979e+01	-5.093845e+02
3.210000e-06	-5.286344e-06	-7.832165e-09	-3.773722e+01	-5.105346e+02
3.220000e-06	-5.303866e-06	-7.845721e-09	-3.786231e+01	-5.115448e+02
3.230000e-06	-5.319551e-06	-7.857581e-09	-3.797428e+01	-5.124186e+02
3.240000e-06	-5.333039e-06	-7.868214e-09	-3.807056e+01	-5.131597e+02
3.250000e-06	-5.344275e-06	-7.877118e-09	-3.815077e+01	-5.137721e+02
3.260000e-06	-5.353587e-06	-7.883485e-09	-3.821725e+01	-5.142596e+02
3.270000e-06	-5.361082e-06	-7.888049e-09	-3.827075e+01	-5.146253e+02
3.280000e-06	-5.366581e-06	-7.893401e-09	-3.831000e+01	-5.148714e+02
3.290000e-06	-5.370134e-06	-7.894775e-09	-3.833537e+01	-5.149996e+02
3.300000e-06	-5.371934e-06	-7.892310e-09	-3.834822e+01	-5.150103e+02
3.310000e-06	-5.371989e-06	-7.885252e-09	-3.834861e+01	-5.149035e+02
